,$type,Id,date,datew,time_t,covid,smp,himself,getout,move,dyn,dyn_all
0,hosp_covid_dis_covid_hours_for,65772,2020-08-31,Понедельник,21:00,181,168,13,219,10,-38,-48
1,hosp_covid_dis_covid_hours_for,65773,2020-08-31,Понедельник,14:00,65,56,9,123,0,-58,-58
2,hosp_covid_dis_covid_hours_for,65774,2020-08-31,Понедельник,09:00,31,31,0,9,0,22,22
3,hosp_covid_dis_covid_hours_for,65775,2020-08-31,Понедельник,12:00,44,42,2,75,0,-31,-31
4,hosp_covid_dis_covid_hours_for,65776,2020-08-31,Понедельник,18:00,126,115,11,208,8,-82,-90
5,hosp_covid_dis_covid_hours_for,65777,2020-08-31,Понедельник,сутки,218,203,15,220,10,-2,-12
6,hosp_covid_dis_covid_hours_for,65778,2020-08-31,Понедельник,16:00,93,83,10,177,0,-84,-84
7,hosp_covid_dis_covid_hours_for,65779,2020-09-01,Вторник,сутки,198,177,21,201,0,-3,-3
8,hosp_covid_dis_covid_hours_for,65780,2020-09-01,Вторник,21:00,153,133,20,198,0,-45,-45
9,hosp_covid_dis_covid_hours_for,65781,2020-09-01,Вторник,18:00,113,98,15,192,0,-79,-79
10,hosp_covid_dis_covid_hours_for,65782,2020-09-01,Вторник,09:00,33,31,2,9,0,24,24
11,hosp_covid_dis_covid_hours_for,65783,2020-09-01,Вторник,14:00,65,59,6,118,0,-53,-53
12,hosp_covid_dis_covid_hours_for,65784,2020-09-01,Вторник,12:00,45,42,3,85,0,-40,-40
13,hosp_covid_dis_covid_hours_for,65785,2020-09-01,Вторник,16:00,84,74,10,178,0,-94,-94
14,hosp_covid_dis_covid_hours_for,65786,2020-09-02,Среда,сутки,202,191,11,205,11,-3,-14
15,hosp_covid_dis_covid_hours_for,65787,2020-09-02,Среда,12:00,31,28,3,59,0,-28,-28
16,hosp_covid_dis_covid_hours_for,65788,2020-09-02,Среда,16:00,76,70,6,156,5,-80,-85
17,hosp_covid_dis_covid_hours_for,65789,2020-09-02,Среда,21:00,162,152,10,202,11,-40,-51
18,hosp_covid_dis_covid_hours_for,65790,2020-09-02,Среда,09:00,24,23,1,5,0,19,19
19,hosp_covid_dis_covid_hours_for,65791,2020-09-02,Среда,18:00,119,111,8,192,10,-73,-83
20,hosp_covid_dis_covid_hours_for,65792,2020-09-02,Среда,14:00,46,41,5,111,1,-65,-66
21,hosp_covid_dis_covid_hours_for,65793,2020-09-03,Четверг,14:00,62,59,3,97,1,-35,-36
22,hosp_covid_dis_covid_hours_for,65794,2020-09-03,Четверг,сутки,189,175,14,204,9,-15,-24
23,hosp_covid_dis_covid_hours_for,65795,2020-09-03,Четверг,18:00,115,105,10,188,9,-73,-82
24,hosp_covid_dis_covid_hours_for,65796,2020-09-03,Четверг,12:00,51,48,3,65,1,-14,-15
25,hosp_covid_dis_covid_hours_for,65797,2020-09-03,Четверг,10:00,42,40,2,25,0,17,17
26,hosp_covid_dis_covid_hours_for,65798,2020-09-03,Четверг,16:00,92,82,10,163,2,-71,-73
27,hosp_covid_dis_covid_hours_for,65799,2020-09-03,Четверг,21:00,157,146,11,202,9,-45,-54
28,hosp_covid_dis_covid_hours_for,65800,2020-09-03,Четверг,09:00,40,38,2,11,0,29,29
29,hosp_covid_dis_covid_hours_for,65801,2020-09-04,Пятница,21:00,144,133,11,247,4,-103,-107
30,hosp_covid_dis_covid_hours_for,65802,2020-09-04,Пятница,14:00,58,55,3,127,0,-69,-69
31,hosp_covid_dis_covid_hours_for,65803,2020-09-04,Пятница,16:00,83,78,5,209,0,-126,-126
32,hosp_covid_dis_covid_hours_for,65804,2020-09-04,Пятница,12:00,36,35,1,86,0,-50,-50
33,hosp_covid_dis_covid_hours_for,65805,2020-09-04,Пятница,сутки,192,179,13,250,4,-58,-62
34,hosp_covid_dis_covid_hours_for,65806,2020-09-04,Пятница,09:00,21,21,0,7,0,14,14
35,hosp_covid_dis_covid_hours_for,65807,2020-09-04,Пятница,18:00,107,99,8,233,2,-126,-128
36,hosp_covid_dis_covid_hours_for,65808,2020-09-05,Суббота,12:00,52,51,1,29,0,23,23
37,hosp_covid_dis_covid_hours_for,65809,2020-09-05,Суббота,21:00,150,144,6,77,3,73,70
38,hosp_covid_dis_covid_hours_for,65810,2020-09-05,Суббота,сутки,186,178,8,78,3,108,105
39,hosp_covid_dis_covid_hours_for,65811,2020-09-05,Суббота,16:00,97,93,4,66,0,31,31
40,hosp_covid_dis_covid_hours_for,65812,2020-09-05,Суббота,14:00,78,76,2,49,0,29,29
41,hosp_covid_dis_covid_hours_for,65813,2020-09-05,Суббота,18:00,121,117,4,72,3,49,46
42,hosp_covid_dis_covid_hours_for,65814,2020-09-05,Суббота,09:00,38,38,0,11,0,27,27
43,hosp_covid_dis_covid_hours_for,65815,2020-09-06,Воскресенье,18:00,96,89,7,55,0,41,41
44,hosp_covid_dis_covid_hours_for,65816,2020-09-06,Воскресенье,16:00,80,74,6,48,0,32,32
45,hosp_covid_dis_covid_hours_for,65817,2020-09-06,Воскресенье,сутки,150,143,7,62,0,88,88
46,hosp_covid_dis_covid_hours_for,65818,2020-09-06,Воскресенье,21:00,127,120,7,61,0,66,66
47,hosp_covid_dis_covid_hours_for,65819,2020-09-06,Воскресенье,09:00,35,34,1,9,0,26,26
48,hosp_covid_dis_covid_hours_for,65820,2020-09-06,Воскресенье,12:00,42,39,3,22,0,20,20
49,hosp_covid_dis_covid_hours_for,65821,2020-09-06,Воскресенье,14:00,59,54,5,40,0,19,19
50,hosp_covid_dis_covid_hours_for,65822,2020-09-07,Понедельник,23:00,195,177,18,217,11,-22,-33
51,hosp_covid_dis_covid_hours_for,65823,2020-09-08,Вторник,16:00,106,97,9,187,1,-81,-82
52,hosp_covid_dis_covid_hours_for,65824,2020-09-08,Вторник,15:00,99,90,9,153,1,-54,-55
53,hosp_covid_dis_covid_hours_for,65825,2020-09-08,Вторник,12:00,61,59,2,72,0,-11,-11
54,hosp_covid_dis_covid_hours_for,65826,2020-09-08,Вторник,14:00,80,73,7,117,1,-37,-38
55,hosp_covid_dis_covid_hours_for,65827,2020-09-08,Вторник,21:00,177,161,16,226,1,-49,-50
56,hosp_covid_dis_covid_hours_for,65828,2020-09-08,Вторник,20:00,163,148,15,225,1,-62,-63
57,hosp_covid_dis_covid_hours_for,65829,2020-09-08,Вторник,13:00,72,68,4,99,0,-27,-27
58,hosp_covid_dis_covid_hours_for,65830,2020-09-08,Вторник,18:00,129,119,10,219,1,-90,-91
59,hosp_covid_dis_covid_hours_for,65831,2020-09-08,Вторник,10:00,48,46,2,21,0,27,27
60,hosp_covid_dis_covid_hours_for,65832,2020-09-08,Вторник,22:00,189,173,16,228,1,-39,-40
61,hosp_covid_dis_covid_hours_for,65833,2020-09-08,Вторник,23:00,197,181,16,229,1,-32,-33
62,hosp_covid_dis_covid_hours_for,65834,2020-09-08,Вторник,17:00,117,107,10,215,1,-98,-99
63,hosp_covid_dis_covid_hours_for,65835,2020-09-08,Вторник,11:00,51,49,2,41,0,10,10
64,hosp_covid_dis_covid_hours_for,65836,2020-09-08,Вторник,19:00,145,131,14,222,1,-77,-78
65,hosp_covid_dis_covid_hours_for,65838,2020-09-09,Среда,02:00,17,17,0,1,0,16,16
66,hosp_covid_dis_covid_hours_for,65839,2020-09-09,Среда,15:00,75,67,8,109,4,-34,-38
67,hosp_covid_dis_covid_hours_for,65840,2020-09-09,Среда,09:00,34,33,1,10,0,24,24
68,hosp_covid_dis_covid_hours_for,65841,2020-09-09,Среда,03:00,21,21,0,1,0,20,20
69,hosp_covid_dis_covid_hours_for,65842,2020-09-09,Среда,07:00,32,31,1,1,0,31,31
70,hosp_covid_dis_covid_hours_for,65843,2020-09-09,Среда,08:00,34,33,1,4,0,30,30
71,hosp_covid_dis_covid_hours_for,65844,2020-09-09,Среда,10:00,34,33,1,19,0,15,15
72,hosp_covid_dis_covid_hours_for,65845,2020-09-09,Среда,06:00,31,30,1,1,0,30,30
73,hosp_covid_dis_covid_hours_for,65846,2020-09-09,Среда,11:00,37,35,2,34,0,3,3
74,hosp_covid_dis_covid_hours_for,65847,2020-09-09,Среда,00:00,0,0,0,0,0,0,0
75,hosp_covid_dis_covid_hours_for,65848,2020-09-09,Среда,04:00,27,26,1,1,0,26,26
76,hosp_covid_dis_covid_hours_for,65849,2020-09-09,Среда,14:00,66,60,6,98,4,-32,-36
77,hosp_covid_dis_covid_hours_for,65850,2020-09-09,Среда,13:00,54,52,2,82,1,-28,-29
78,hosp_covid_dis_covid_hours_for,65851,2020-09-09,Среда,16:00,84,74,10,141,4,-57,-61
79,hosp_covid_dis_covid_hours_for,65852,2020-09-09,Среда,12:00,42,40,2,63,0,-21,-21
80,hosp_covid_dis_covid_hours_for,65853,2020-09-09,Среда,01:00,7,7,0,1,0,6,6
81,hosp_covid_dis_covid_hours_for,65854,2020-09-09,Среда,05:00,31,30,1,1,0,30,30
82,hosp_covid_dis_covid_hours_for,66087,2020-09-09,Среда,17:00,97,88,9,162,4,-65,-69
83,hosp_covid_dis_covid_hours_for,66358,2020-09-09,Среда,18:00,115,104,11,166,4,-51,-55
84,hosp_covid_dis_covid_hours_for,66359,2020-09-07,Понедельник,09:00,16,16,0,3,0,13,13
85,hosp_covid_dis_covid_hours_for,66360,2020-09-07,Понедельник,12:00,29,26,3,67,3,-38,-41
86,hosp_covid_dis_covid_hours_for,66361,2020-09-07,Понедельник,14:00,61,54,7,129,3,-68,-71
87,hosp_covid_dis_covid_hours_for,66362,2020-09-07,Понедельник,16:00,93,84,9,169,3,-76,-79
88,hosp_covid_dis_covid_hours_for,66363,2020-09-07,Понедельник,18:00,121,108,13,195,11,-74,-85
89,hosp_covid_dis_covid_hours_for,66364,2020-09-07,Понедельник,21:00,171,154,17,217,11,-46,-57
90,hosp_covid_dis_covid_hours_for,66365,2020-09-07,Понедельник,сутки,212,193,19,217,11,-5,-16
91,hosp_covid_dis_covid_hours_for,66366,2020-09-08,Вторник,сутки,209,192,17,230,1,-21,-22
92,hosp_covid_dis_covid_hours_for,66470,2020-09-09,Среда,сутки,190,176,14,172,4,18,14
93,hosp_covid_dis_covid_hours_for,66473,2020-09-10,Четверг,11:00,30,30,0,47,0,-17,-17
94,hosp_covid_dis_covid_hours_for,66481,2020-09-10,Четверг,12:00,36,36,0,65,0,-29,-29
95,hosp_covid_dis_covid_hours_for,66487,2020-09-10,Четверг,13:00,48,48,0,90,0,-42,-42
96,hosp_covid_dis_covid_hours_for,66493,2020-09-10,Четверг,14:00,65,62,3,121,0,-56,-56
97,hosp_covid_dis_covid_hours_for,66499,2020-09-10,Четверг,15:00,75,72,3,150,0,-75,-75
98,hosp_covid_dis_covid_hours_for,66500,2020-09-10,Четверг,16:00,91,85,6,172,2,-81,-83
99,hosp_covid_dis_covid_hours_for,66501,2020-09-10,Четверг,17:00,138,128,10,199,5,-56,-66
100,hosp_covid_dis_covid_hours_for,66502,2020-09-10,Четверг,18:00,138,128,10,199,5,-56,-66
101,hosp_covid_dis_covid_hours_for,66503,2020-09-10,Четверг,19:00,138,128,10,199,5,-56,-66
102,hosp_covid_dis_covid_hours_for,66504,2020-09-10,Четверг,20:00,152,140,12,199,5,-47,-52
103,hosp_covid_dis_covid_hours_for,66505,2020-09-10,Четверг,21:00,165,153,12,200,5,-35,-40
104,hosp_covid_dis_covid_hours_for,66506,2020-09-10,Четверг,22:00,174,161,13,203,5,-29,-34
105,hosp_covid_dis_covid_hours_for,66507,2020-09-10,Четверг,23:00,193,180,13,203,5,-10,-15
106,hosp_covid_dis_covid_hours_for,66509,2020-09-11,Пятница,00:00,0,0,0,0,0,0,0
107,hosp_covid_dis_covid_hours_for,66510,2020-09-10,Четверг,сутки,205,191,14,203,5,2,-3
108,hosp_covid_dis_covid_hours_for,66511,2020-09-11,Пятница,01:00,9,9,0,1,0,8,8
109,hosp_covid_dis_covid_hours_for,66512,2020-09-11,Пятница,02:00,20,20,0,1,0,19,19
110,hosp_covid_dis_covid_hours_for,66513,2020-09-11,Пятница,03:00,23,23,0,1,0,22,22
111,hosp_covid_dis_covid_hours_for,66514,2020-09-11,Пятница,04:00,31,31,0,1,0,30,30
112,hosp_covid_dis_covid_hours_for,66515,2020-09-11,Пятница,05:00,37,37,0,1,0,36,36
113,hosp_covid_dis_covid_hours_for,66516,2020-09-11,Пятница,06:00,41,41,0,1,0,40,40
114,hosp_covid_dis_covid_hours_for,66517,2020-09-11,Пятница,07:00,44,44,0,2,0,42,42
115,hosp_covid_dis_covid_hours_for,66518,2020-09-11,Пятница,08:00,48,48,0,5,0,43,43
116,hosp_covid_dis_covid_hours_for,66519,2020-09-11,Пятница,09:00,48,48,0,11,0,37,37
117,hosp_covid_dis_covid_hours_for,66520,2020-09-11,Пятница,10:00,49,49,0,27,0,22,22
118,hosp_covid_dis_covid_hours_for,66521,2020-09-11,Пятница,11:00,54,54,0,58,0,-4,-4
119,hosp_covid_dis_covid_hours_for,66522,2020-09-11,Пятница,12:00,60,60,0,88,1,-28,-29
120,hosp_covid_dis_covid_hours_for,66523,2020-09-11,Пятница,13:00,75,73,2,115,1,-40,-41
121,hosp_covid_dis_covid_hours_for,66524,2020-09-11,Пятница,14:00,95,91,4,146,1,-51,-52
122,hosp_covid_dis_covid_hours_for,66525,2020-09-11,Пятница,15:00,106,102,4,183,1,-77,-78
123,hosp_covid_dis_covid_hours_for,66526,2020-09-11,Пятница,16:00,118,113,5,202,2,-84,-86
124,hosp_covid_dis_covid_hours_for,66527,2020-09-11,Пятница,17:00,132,125,7,239,2,-107,-109
125,hosp_covid_dis_covid_hours_for,66528,2020-09-11,Пятница,18:00,144,135,9,247,2,-103,-105
126,hosp_covid_dis_covid_hours_for,66529,2020-09-11,Пятница,19:00,164,151,13,257,2,-93,-95
127,hosp_covid_dis_covid_hours_for,66530,2020-09-11,Пятница,20:00,180,167,13,266,2,-86,-88
128,hosp_covid_dis_covid_hours_for,66531,2020-09-11,Пятница,21:00,192,178,14,267,2,-75,-77
129,hosp_covid_dis_covid_hours_for,66532,2020-09-11,Пятница,22:00,206,192,14,268,2,-62,-64
130,hosp_covid_dis_covid_hours_for,66533,2020-09-11,Пятница,23:00,220,205,15,270,2,-50,-52
131,hosp_covid_dis_covid_hours_for,66535,2020-09-12,Суббота,00:00,0,0,0,0,0,0,0
132,hosp_covid_dis_covid_hours_for,66536,2020-09-11,Пятница,сутки,233,218,15,271,2,-38,-40
133,hosp_covid_dis_covid_hours_for,66537,2020-09-12,Суббота,01:00,5,5,0,0,0,5,5
134,hosp_covid_dis_covid_hours_for,66538,2020-09-12,Суббота,02:00,15,15,0,0,0,15,15
135,hosp_covid_dis_covid_hours_for,66539,2020-09-12,Суббота,03:00,21,21,0,0,0,21,21
136,hosp_covid_dis_covid_hours_for,66540,2020-09-12,Суббота,04:00,23,23,0,1,0,22,22
137,hosp_covid_dis_covid_hours_for,66541,2020-09-12,Суббота,05:00,28,28,0,1,0,27,27
138,hosp_covid_dis_covid_hours_for,66542,2020-09-12,Суббота,06:00,30,30,0,1,0,29,29
139,hosp_covid_dis_covid_hours_for,66543,2020-09-12,Суббота,07:00,32,32,0,2,0,30,30
140,hosp_covid_dis_covid_hours_for,66544,2020-09-12,Суббота,08:00,35,33,2,5,0,30,30
141,hosp_covid_dis_covid_hours_for,66545,2020-09-12,Суббота,09:00,37,34,3,8,0,29,29
142,hosp_covid_dis_covid_hours_for,66546,2020-09-12,Суббота,10:00,39,36,3,17,0,22,22
143,hosp_covid_dis_covid_hours_for,66547,2020-09-12,Суббота,11:00,42,39,3,24,0,18,18
144,hosp_covid_dis_covid_hours_for,66548,2020-09-12,Суббота,12:00,54,49,5,28,0,26,26
145,hosp_covid_dis_covid_hours_for,66549,2020-09-12,Суббота,13:00,61,55,6,30,0,31,31
146,hosp_covid_dis_covid_hours_for,66550,2020-09-12,Суббота,14:00,68,62,6,35,0,33,33
147,hosp_covid_dis_covid_hours_for,66551,2020-09-12,Суббота,15:00,80,72,8,44,0,36,36
148,hosp_covid_dis_covid_hours_for,66552,2020-09-12,Суббота,16:00,98,89,9,46,0,52,52
149,hosp_covid_dis_covid_hours_for,66553,2020-09-12,Суббота,17:00,109,99,10,49,0,60,60
150,hosp_covid_dis_covid_hours_for,66554,2020-09-12,Суббота,18:00,122,111,11,53,2,69,67
151,hosp_covid_dis_covid_hours_for,66555,2020-09-12,Суббота,19:00,131,118,13,55,2,76,74
152,hosp_covid_dis_covid_hours_for,66556,2020-09-12,Суббота,20:00,145,132,13,57,2,88,86
153,hosp_covid_dis_covid_hours_for,66557,2020-09-12,Суббота,21:00,155,141,14,57,2,98,96
154,hosp_covid_dis_covid_hours_for,66558,2020-09-12,Суббота,22:00,162,148,14,57,2,105,103
155,hosp_covid_dis_covid_hours_for,66559,2020-09-12,Суббота,23:00,170,156,14,57,2,113,111
156,hosp_covid_dis_covid_hours_for,66561,2020-09-13,Воскресенье,00:00,0,0,0,0,0,0,0
157,hosp_covid_dis_covid_hours_for,66562,2020-09-12,Суббота,сутки,180,165,15,60,2,120,118
158,hosp_covid_dis_covid_hours_for,66563,2020-09-13,Воскресенье,01:00,4,4,0,1,0,3,3
159,hosp_covid_dis_covid_hours_for,66564,2020-09-13,Воскресенье,02:00,9,9,0,1,0,8,8
160,hosp_covid_dis_covid_hours_for,66565,2020-09-13,Воскресенье,03:00,11,11,0,1,0,10,10
161,hosp_covid_dis_covid_hours_for,66566,2020-09-13,Воскресенье,04:00,13,13,0,1,0,12,12
162,hosp_covid_dis_covid_hours_for,66567,2020-09-13,Воскресенье,05:00,15,15,0,1,0,14,14
163,hosp_covid_dis_covid_hours_for,66568,2020-09-13,Воскресенье,06:00,21,21,0,1,0,20,20
164,hosp_covid_dis_covid_hours_for,66569,2020-09-13,Воскресенье,07:00,23,23,0,2,0,21,21
165,hosp_covid_dis_covid_hours_for,66570,2020-09-13,Воскресенье,08:00,25,25,0,2,0,23,23
166,hosp_covid_dis_covid_hours_for,66571,2020-09-13,Воскресенье,09:00,25,25,0,3,0,22,22
167,hosp_covid_dis_covid_hours_for,66572,2020-09-13,Воскресенье,10:00,29,29,0,7,0,22,22
168,hosp_covid_dis_covid_hours_for,66573,2020-09-13,Воскресенье,11:00,35,33,2,10,0,25,25
169,hosp_covid_dis_covid_hours_for,66574,2020-09-13,Воскресенье,12:00,45,42,3,10,0,35,35
170,hosp_covid_dis_covid_hours_for,66575,2020-09-13,Воскресенье,13:00,53,50,3,14,0,39,39
171,hosp_covid_dis_covid_hours_for,66576,2020-09-13,Воскресенье,14:00,62,58,4,22,0,40,40
172,hosp_covid_dis_covid_hours_for,66577,2020-09-13,Воскресенье,15:00,73,69,4,24,0,49,49
173,hosp_covid_dis_covid_hours_for,66578,2020-09-13,Воскресенье,16:00,83,79,4,27,0,56,56
174,hosp_covid_dis_covid_hours_for,66579,2020-09-13,Воскресенье,17:00,98,94,4,29,2,69,67
175,hosp_covid_dis_covid_hours_for,66580,2020-09-13,Воскресенье,18:00,116,112,4,31,2,85,83
176,hosp_covid_dis_covid_hours_for,66581,2020-09-13,Воскресенье,19:00,124,120,4,33,2,91,89
177,hosp_covid_dis_covid_hours_for,66582,2020-09-13,Воскресенье,20:00,130,126,4,36,2,94,92
178,hosp_covid_dis_covid_hours_for,66583,2020-09-13,Воскресенье,21:00,139,135,4,36,2,103,101
179,hosp_covid_dis_covid_hours_for,66584,2020-09-13,Воскресенье,22:00,146,141,5,37,2,109,107
180,hosp_covid_dis_covid_hours_for,66585,2020-09-13,Воскресенье,23:00,160,155,5,38,2,122,120
181,hosp_covid_dis_covid_hours_for,66587,2020-09-14,Понедельник,00:00,0,0,0,0,0,0,0
182,hosp_covid_dis_covid_hours_for,66588,2020-09-13,Воскресенье,сутки,172,167,5,38,2,134,132
183,hosp_covid_dis_covid_hours_for,66589,2020-09-14,Понедельник,01:00,3,3,0,1,0,2,2
184,hosp_covid_dis_covid_hours_for,66590,2020-09-14,Понедельник,02:00,9,9,0,2,0,7,7
185,hosp_covid_dis_covid_hours_for,66591,2020-09-14,Понедельник,03:00,15,15,0,2,0,13,13
186,hosp_covid_dis_covid_hours_for,66592,2020-09-14,Понедельник,04:00,20,20,0,2,0,18,18
187,hosp_covid_dis_covid_hours_for,66593,2020-09-14,Понедельник,05:00,21,21,0,2,0,19,19
188,hosp_covid_dis_covid_hours_for,66594,2020-09-14,Понедельник,06:00,25,25,0,2,0,23,23
189,hosp_covid_dis_covid_hours_for,66595,2020-09-14,Понедельник,07:00,27,27,0,3,0,24,24
190,hosp_covid_dis_covid_hours_for,66596,2020-09-14,Понедельник,08:00,30,30,0,4,0,26,26
191,hosp_covid_dis_covid_hours_for,66597,2020-09-14,Понедельник,09:00,32,32,0,7,0,25,25
192,hosp_covid_dis_covid_hours_for,66598,2020-09-14,Понедельник,10:00,33,33,0,32,0,1,1
193,hosp_covid_dis_covid_hours_for,66599,2020-09-14,Понедельник,11:00,34,34,0,77,0,-43,-43
194,hosp_covid_dis_covid_hours_for,66600,2020-09-14,Понедельник,12:00,42,40,2,94,0,-52,-52
195,hosp_covid_dis_covid_hours_for,66601,2020-09-14,Понедельник,13:00,51,49,2,114,0,-63,-63
196,hosp_covid_dis_covid_hours_for,66602,2020-09-08,Вторник,09:00,49,47,2,9,40,0,40
197,hosp_covid_dis_covid_hours_for,66603,2020-09-09,Среда,21:00,160,148,12,172,-12,4,-16
198,hosp_covid_dis_covid_hours_for,66604,2020-09-14,Понедельник,14:00,62,60,2,131,1,-69,-70
199,hosp_covid_dis_covid_hours_for,66605,2020-09-10,Четверг,09:00,27,27,0,18,9,0,9
200,hosp_covid_dis_covid_hours_for,66606,2020-09-14,Понедельник,15:00,79,75,4,155,5,-76,-81
201,hosp_covid_dis_covid_hours_for,66607,2020-09-14,Понедельник,16:00,98,93,5,191,5,-93,-98
202,hosp_covid_dis_covid_hours_for,66608,2020-09-14,Понедельник,17:00,118,112,6,222,6,-104,-110
203,hosp_covid_dis_covid_hours_for,66609,2020-09-14,Понедельник,18:00,131,125,6,229,6,-98,-104
204,hosp_covid_dis_covid_hours_for,66610,2020-09-14,Понедельник,19:00,147,140,7,239,6,-92,-98
205,hosp_covid_dis_covid_hours_for,66611,2020-09-14,Понедельник,20:00,160,152,8,244,6,-84,-90
206,hosp_covid_dis_covid_hours_for,66612,2020-09-14,Понедельник,21:00,168,160,8,244,6,-76,-82
207,hosp_covid_dis_covid_hours_for,66613,2020-09-14,Понедельник,22:00,180,172,8,246,6,-66,-72
208,hosp_covid_dis_covid_hours_for,66614,2020-09-14,Понедельник,23:00,189,180,9,247,6,-58,-64
209,hosp_covid_dis_covid_hours_for,66616,2020-09-15,Вторник,00:00,0,0,0,0,0,0,0
210,hosp_covid_dis_covid_hours_for,66617,2020-09-14,Понедельник,сутки,198,189,9,247,6,-49,-55
211,hosp_covid_dis_covid_hours_for,66618,2020-09-15,Вторник,01:00,5,5,0,0,0,5,5
212,hosp_covid_dis_covid_hours_for,66619,2020-09-15,Вторник,02:00,18,18,0,1,0,17,17
213,hosp_covid_dis_covid_hours_for,66620,2020-09-15,Вторник,03:00,27,26,1,1,0,26,26
214,hosp_covid_dis_covid_hours_for,66621,2020-09-15,Вторник,04:00,35,34,1,1,0,34,34
215,hosp_covid_dis_covid_hours_for,66622,2020-09-15,Вторник,05:00,40,39,1,1,0,39,39
216,hosp_covid_dis_covid_hours_for,66623,2020-09-15,Вторник,06:00,42,41,1,2,0,40,40
217,hosp_covid_dis_covid_hours_for,66624,2020-09-15,Вторник,07:00,47,46,1,2,0,45,45
218,hosp_covid_dis_covid_hours_for,66625,2020-09-15,Вторник,08:00,48,47,1,3,0,45,45
219,hosp_covid_dis_covid_hours_for,66626,2020-09-15,Вторник,09:00,51,49,2,7,0,44,44
220,hosp_covid_dis_covid_hours_for,66627,2020-09-15,Вторник,10:00,52,49,3,16,0,36,36
221,hosp_covid_dis_covid_hours_for,66628,2020-09-15,Вторник,11:00,54,51,3,36,0,18,18
222,hosp_covid_dis_covid_hours_for,66629,2020-09-15,Вторник,12:00,63,59,4,80,0,-17,-17
223,hosp_covid_dis_covid_hours_for,66630,2020-09-15,Вторник,13:00,69,65,4,112,0,-43,-43
224,hosp_covid_dis_covid_hours_for,66631,2020-09-15,Вторник,14:00,79,75,4,134,0,-55,-55
225,hosp_covid_dis_covid_hours_for,66632,2020-09-15,Вторник,15:00,85,81,4,160,0,-75,-75
226,hosp_covid_dis_covid_hours_for,66633,2020-09-15,Вторник,16:00,104,100,4,181,4,-77,-81
227,hosp_covid_dis_covid_hours_for,66634,2020-09-15,Вторник,17:00,123,119,4,191,4,-68,-72
228,hosp_covid_dis_covid_hours_for,66635,2020-09-15,Вторник,18:00,137,132,5,197,4,-60,-64
229,hosp_covid_dis_covid_hours_for,66636,2020-09-15,Вторник,19:00,155,150,5,208,4,-53,-57
230,hosp_covid_dis_covid_hours_for,66637,2020-09-15,Вторник,20:00,167,162,5,215,4,-48,-52
231,hosp_covid_dis_covid_hours_for,66638,2020-09-15,Вторник,21:00,179,174,5,216,4,-37,-41
232,hosp_covid_dis_covid_hours_for,66639,2020-09-15,Вторник,22:00,192,187,5,217,4,-25,-29
233,hosp_covid_dis_covid_hours_for,66640,2020-09-15,Вторник,23:00,200,195,5,217,4,-17,-21
234,hosp_covid_dis_covid_hours_for,66642,2020-09-16,Среда,00:00,0,0,0,0,0,0,0
235,hosp_covid_dis_covid_hours_for,66643,2020-09-15,Вторник,сутки,214,208,6,220,4,-6,-10
236,hosp_covid_dis_covid_hours_for,66644,2020-09-16,Среда,01:00,3,2,1,0,0,3,3
237,hosp_covid_dis_covid_hours_for,66645,2020-09-16,Среда,02:00,10,9,1,0,0,10,10
238,hosp_covid_dis_covid_hours_for,66646,2020-09-16,Среда,03:00,22,18,4,0,0,22,22
239,hosp_covid_dis_covid_hours_for,66647,2020-09-16,Среда,04:00,27,23,4,0,0,27,27
240,hosp_covid_dis_covid_hours_for,66648,2020-09-16,Среда,05:00,28,25,3,0,0,28,28
241,hosp_covid_dis_covid_hours_for,66649,2020-09-16,Среда,06:00,33,30,3,0,0,33,33
242,hosp_covid_dis_covid_hours_for,66650,2020-09-16,Среда,07:00,36,33,3,0,0,36,36
243,hosp_covid_dis_covid_hours_for,66651,2020-09-16,Среда,08:00,37,34,3,5,0,32,32
244,hosp_covid_dis_covid_hours_for,66652,2020-09-16,Среда,09:00,39,36,3,10,0,29,29
245,hosp_covid_dis_covid_hours_for,66653,2020-09-16,Среда,10:00,39,36,3,19,0,20,20
246,hosp_covid_dis_covid_hours_for,66654,2020-09-16,Среда,11:00,46,40,6,60,0,-14,-14
247,hosp_covid_dis_covid_hours_for,66655,2020-09-16,Среда,12:00,47,41,6,83,0,-36,-36
248,hosp_covid_dis_covid_hours_for,66656,2020-09-16,Среда,13:00,60,54,6,122,0,-62,-62
249,hosp_covid_dis_covid_hours_for,66657,2020-09-16,Среда,14:00,79,72,7,147,0,-68,-68
250,hosp_covid_dis_covid_hours_for,66658,2020-09-16,Среда,15:00,92,83,9,170,0,-78,-78
251,hosp_covid_dis_covid_hours_for,66659,2020-09-16,Среда,16:00,101,91,10,195,0,-94,-94
252,hosp_covid_dis_covid_hours_for,66660,2020-09-16,Среда,17:00,119,107,12,205,0,-86,-86
253,hosp_covid_dis_covid_hours_for,66661,2020-09-16,Среда,18:00,131,118,13,209,0,-78,-78
254,hosp_covid_dis_covid_hours_for,66662,2020-09-16,Среда,19:00,149,135,14,218,0,-69,-69
255,hosp_covid_dis_covid_hours_for,66663,2020-09-16,Среда,20:00,169,154,15,226,0,-57,-57
256,hosp_covid_dis_covid_hours_for,66664,2020-09-16,Среда,21:00,179,162,17,227,0,-48,-48
257,hosp_covid_dis_covid_hours_for,66665,2020-09-16,Среда,22:00,191,174,17,227,0,-36,-36
258,hosp_covid_dis_covid_hours_for,66666,2020-09-16,Среда,23:00,205,187,18,228,0,-23,-23
259,hosp_covid_dis_covid_hours_for,66668,2020-09-17,Четверг,00:00,0,0,0,0,0,0,0
260,hosp_covid_dis_covid_hours_for,66669,2020-09-16,Среда,сутки,221,201,20,228,0,-7,-7
261,hosp_covid_dis_covid_hours_for,66670,2020-09-17,Четверг,01:00,2,2,0,0,0,2,2
262,hosp_covid_dis_covid_hours_for,66671,2020-09-17,Четверг,02:00,11,11,0,0,0,11,11
263,hosp_covid_dis_covid_hours_for,66672,2020-09-17,Четверг,03:00,19,19,0,0,0,19,19
264,hosp_covid_dis_covid_hours_for,66673,2020-09-17,Четверг,04:00,25,25,0,0,0,25,25
265,hosp_covid_dis_covid_hours_for,66674,2020-09-17,Четверг,05:00,28,28,0,0,0,28,28
266,hosp_covid_dis_covid_hours_for,66675,2020-09-17,Четверг,06:00,31,31,0,0,0,31,31
267,hosp_covid_dis_covid_hours_for,66676,2020-09-17,Четверг,07:00,35,35,0,2,0,33,33
268,hosp_covid_dis_covid_hours_for,66677,2020-09-17,Четверг,08:00,39,39,0,4,0,35,35
269,hosp_covid_dis_covid_hours_for,66678,2020-09-17,Четверг,09:00,42,42,0,8,0,34,34
270,hosp_covid_dis_covid_hours_for,66679,2020-09-17,Четверг,10:00,44,44,0,28,0,16,16
271,hosp_covid_dis_covid_hours_for,66680,2020-09-17,Четверг,11:00,47,47,0,51,0,-4,-4
272,hosp_covid_dis_covid_hours_for,66681,2020-09-17,Четверг,12:00,56,55,1,70,0,-14,-14
273,hosp_covid_dis_covid_hours_for,66682,2020-09-17,Четверг,13:00,67,64,3,83,0,-16,-16
274,hosp_covid_dis_covid_hours_for,66683,2020-09-17,Четверг,14:00,83,77,6,111,0,-28,-28
275,hosp_covid_dis_covid_hours_for,66684,2020-09-17,Четверг,15:00,95,87,8,140,0,-45,-45
276,hosp_covid_dis_covid_hours_for,66685,2020-09-17,Четверг,16:00,112,102,10,177,2,-65,-67
277,hosp_covid_dis_covid_hours_for,66686,2020-09-17,Четверг,17:00,122,112,10,186,5,-64,-69
278,hosp_covid_dis_covid_hours_for,66687,2020-09-17,Четверг,18:00,130,120,10,192,5,-62,-67
279,hosp_covid_dis_covid_hours_for,66688,2020-09-17,Четверг,19:00,147,137,10,196,5,-49,-54
280,hosp_covid_dis_covid_hours_for,66689,2020-09-17,Четверг,20:00,162,151,11,196,5,-34,-39
281,hosp_covid_dis_covid_hours_for,66690,2020-09-17,Четверг,21:00,183,170,13,201,5,-18,-23
282,hosp_covid_dis_covid_hours_for,66691,2020-09-17,Четверг,22:00,202,185,17,202,5,0,-5
283,hosp_covid_dis_covid_hours_for,66692,2020-09-17,Четверг,23:00,214,197,17,203,5,11,6
284,hosp_covid_dis_covid_hours_for,66694,2020-09-18,Пятница,00:00,0,0,0,0,0,0,0
285,hosp_covid_dis_covid_hours_for,66695,2020-09-17,Четверг,сутки,221,203,18,204,5,17,12
286,hosp_covid_dis_covid_hours_for,66696,2020-09-18,Пятница,01:00,7,6,1,0,0,7,7
287,hosp_covid_dis_covid_hours_for,66697,2020-09-18,Пятница,02:00,16,14,2,0,0,16,16
288,hosp_covid_dis_covid_hours_for,66698,2020-09-18,Пятница,03:00,31,29,2,0,0,31,31
289,hosp_covid_dis_covid_hours_for,66699,2020-09-18,Пятница,04:00,37,35,2,0,0,37,37
290,hosp_covid_dis_covid_hours_for,66700,2020-09-18,Пятница,05:00,44,42,2,0,0,44,44
291,hosp_covid_dis_covid_hours_for,66701,2020-09-18,Пятница,06:00,46,44,2,0,0,46,46
292,hosp_covid_dis_covid_hours_for,66702,2020-09-18,Пятница,07:00,47,45,2,2,0,45,45
293,hosp_covid_dis_covid_hours_for,66703,2020-09-18,Пятница,08:00,49,47,2,2,0,47,47
294,hosp_covid_dis_covid_hours_for,66704,2020-09-18,Пятница,09:00,51,50,1,10,0,41,41
295,hosp_covid_dis_covid_hours_for,66705,2020-09-18,Пятница,10:00,53,51,2,22,0,31,31
296,hosp_covid_dis_covid_hours_for,66706,2020-09-18,Пятница,11:00,57,55,2,53,0,4,4
297,hosp_covid_dis_covid_hours_for,66707,2020-09-18,Пятница,12:00,65,63,2,76,0,-11,-11
298,hosp_covid_dis_covid_hours_for,66708,2020-09-18,Пятница,13:00,77,72,5,116,0,-39,-39
299,hosp_covid_dis_covid_hours_for,66709,2020-09-18,Пятница,14:00,91,86,5,134,0,-43,-43
300,hosp_covid_dis_covid_hours_for,66710,2020-09-18,Пятница,15:00,101,95,6,173,0,-72,-72
301,hosp_covid_dis_covid_hours_for,66711,2020-09-18,Пятница,16:00,115,110,5,199,1,-84,-85
302,hosp_covid_dis_covid_hours_for,66712,2020-09-18,Пятница,17:00,135,129,6,223,1,-88,-89
303,hosp_covid_dis_covid_hours_for,66713,2020-09-18,Пятница,18:00,145,137,8,238,1,-93,-94
304,hosp_covid_dis_covid_hours_for,66714,2020-09-18,Пятница,19:00,172,163,9,247,1,-75,-76
305,hosp_covid_dis_covid_hours_for,66715,2020-09-18,Пятница,20:00,191,179,12,247,1,-56,-57
306,hosp_covid_dis_covid_hours_for,66716,2020-09-18,Пятница,21:00,207,194,13,256,1,-49,-50
307,hosp_covid_dis_covid_hours_for,66717,2020-09-18,Пятница,22:00,221,207,14,256,1,-35,-36
308,hosp_covid_dis_covid_hours_for,66718,2020-09-18,Пятница,23:00,235,220,15,258,1,-23,-24
309,hosp_covid_dis_covid_hours_for,66720,2020-09-19,Суббота,00:00,0,0,0,0,0,0,0
310,hosp_covid_dis_covid_hours_for,66721,2020-09-18,Пятница,сутки,250,234,16,260,1,-10,-11
311,hosp_covid_dis_covid_hours_for,66722,2020-09-19,Суббота,01:00,8,8,0,1,0,7,7
312,hosp_covid_dis_covid_hours_for,66723,2020-09-19,Суббота,02:00,16,16,0,2,0,14,14
313,hosp_covid_dis_covid_hours_for,66724,2020-09-19,Суббота,03:00,23,23,0,3,0,20,20
314,hosp_covid_dis_covid_hours_for,66725,2020-09-19,Суббота,04:00,29,29,0,4,0,25,25
315,hosp_covid_dis_covid_hours_for,66726,2020-09-19,Суббота,05:00,37,37,0,4,0,33,33
316,hosp_covid_dis_covid_hours_for,66727,2020-09-19,Суббота,06:00,39,39,0,4,0,35,35
317,hosp_covid_dis_covid_hours_for,66728,2020-09-19,Суббота,07:00,43,43,0,5,0,38,38
318,hosp_covid_dis_covid_hours_for,66729,2020-09-19,Суббота,08:00,46,45,1,7,0,39,39
319,hosp_covid_dis_covid_hours_for,66730,2020-09-19,Суббота,09:00,46,45,1,16,0,30,30
320,hosp_covid_dis_covid_hours_for,66731,2020-09-19,Суббота,10:00,48,47,1,25,0,23,23
321,hosp_covid_dis_covid_hours_for,66732,2020-09-19,Суббота,11:00,55,50,5,33,0,22,22
322,hosp_covid_dis_covid_hours_for,66733,2020-09-19,Суббота,12:00,57,52,5,42,0,15,15
323,hosp_covid_dis_covid_hours_for,66734,2020-09-19,Суббота,13:00,69,64,5,51,0,18,18
324,hosp_covid_dis_covid_hours_for,66735,2020-09-19,Суббота,14:00,84,76,8,63,0,21,21
325,hosp_covid_dis_covid_hours_for,66736,2020-09-19,Суббота,15:00,98,88,10,66,0,32,32
326,hosp_covid_dis_covid_hours_for,66737,2020-09-19,Суббота,16:00,109,99,10,66,1,43,42
327,hosp_covid_dis_covid_hours_for,66738,2020-09-19,Суббота,17:00,125,113,12,66,2,59,57
328,hosp_covid_dis_covid_hours_for,66739,2020-09-19,Суббота,18:00,130,118,12,68,2,62,60
329,hosp_covid_dis_covid_hours_for,66740,2020-09-19,Суббота,19:00,146,133,13,73,2,73,71
330,hosp_covid_dis_covid_hours_for,66741,2020-09-19,Суббота,20:00,153,141,12,78,6,75,69
331,hosp_covid_dis_covid_hours_for,66742,2020-09-19,Суббота,21:00,165,152,13,80,6,85,79
332,hosp_covid_dis_covid_hours_for,66743,2020-09-19,Суббота,22:00,187,174,13,83,6,104,98
333,hosp_covid_dis_covid_hours_for,66744,2020-09-19,Суббота,23:00,195,181,14,84,6,111,105
334,hosp_covid_dis_covid_hours_for,66746,2020-09-20,Воскресенье,00:00,0,0,0,0,0,0,0
335,hosp_covid_dis_covid_hours_for,66747,2020-09-19,Суббота,сутки,206,192,14,85,6,121,115
336,hosp_covid_dis_covid_hours_for,66748,2020-09-20,Воскресенье,01:00,6,6,0,0,0,6,6
337,hosp_covid_dis_covid_hours_for,66749,2020-09-20,Воскресенье,02:00,12,12,0,0,0,12,12
338,hosp_covid_dis_covid_hours_for,66750,2020-09-20,Воскресенье,03:00,19,19,0,0,0,19,19
339,hosp_covid_dis_covid_hours_for,66751,2020-09-20,Воскресенье,04:00,22,22,0,0,0,22,22
340,hosp_covid_dis_covid_hours_for,66752,2020-09-20,Воскресенье,05:00,27,27,0,0,0,27,27
341,hosp_covid_dis_covid_hours_for,66753,2020-09-20,Воскресенье,06:00,32,32,0,0,0,32,32
342,hosp_covid_dis_covid_hours_for,66754,2020-09-20,Воскресенье,07:00,36,36,0,0,0,36,36
343,hosp_covid_dis_covid_hours_for,66755,2020-09-20,Воскресенье,08:00,41,40,1,1,0,40,40
344,hosp_covid_dis_covid_hours_for,66756,2020-09-20,Воскресенье,09:00,42,41,1,2,0,40,40
345,hosp_covid_dis_covid_hours_for,66757,2020-09-20,Воскресенье,10:00,43,42,1,5,0,38,38
346,hosp_covid_dis_covid_hours_for,66758,2020-09-20,Воскресенье,11:00,45,44,1,10,0,35,35
347,hosp_covid_dis_covid_hours_for,66759,2020-09-20,Воскресенье,12:00,56,54,2,14,0,42,42
348,hosp_covid_dis_covid_hours_for,66760,2020-09-20,Воскресенье,13:00,61,59,2,19,0,42,42
349,hosp_covid_dis_covid_hours_for,66761,2020-09-20,Воскресенье,14:00,78,76,2,31,0,47,47
350,hosp_covid_dis_covid_hours_for,66762,2020-09-20,Воскресенье,15:00,85,83,2,37,0,48,48
351,hosp_covid_dis_covid_hours_for,66763,2020-09-20,Воскресенье,16:00,98,96,2,45,2,53,51
352,hosp_covid_dis_covid_hours_for,66764,2020-09-20,Воскресенье,17:00,117,115,2,46,2,71,69
353,hosp_covid_dis_covid_hours_for,66765,2020-09-20,Воскресенье,18:00,129,127,2,46,2,83,81
354,hosp_covid_dis_covid_hours_for,66766,2020-09-20,Воскресенье,19:00,139,137,2,46,2,93,91
355,hosp_covid_dis_covid_hours_for,66767,2020-09-20,Воскресенье,20:00,149,147,2,48,2,101,99
356,hosp_covid_dis_covid_hours_for,66768,2020-09-20,Воскресенье,21:00,159,157,2,49,2,110,108
357,hosp_covid_dis_covid_hours_for,66769,2020-09-20,Воскресенье,22:00,170,168,2,50,2,120,118
358,hosp_covid_dis_covid_hours_for,66770,2020-09-20,Воскресенье,23:00,175,172,3,52,2,123,121
359,hosp_covid_dis_covid_hours_for,66772,2020-09-21,Понедельник,00:00,0,0,0,0,0,0,0
360,hosp_covid_dis_covid_hours_for,66773,2020-09-20,Воскресенье,сутки,188,184,4,56,2,132,130
361,hosp_covid_dis_covid_hours_for,66774,2020-09-21,Понедельник,01:00,3,3,0,0,0,3,3
362,hosp_covid_dis_covid_hours_for,66775,2020-09-21,Понедельник,02:00,11,10,1,0,0,11,11
363,hosp_covid_dis_covid_hours_for,66776,2020-09-21,Понедельник,03:00,16,15,1,0,0,16,16
364,hosp_covid_dis_covid_hours_for,66777,2020-09-21,Понедельник,04:00,23,22,1,0,0,23,23
365,hosp_covid_dis_covid_hours_for,66778,2020-09-21,Понедельник,05:00,27,26,1,0,0,27,27
366,hosp_covid_dis_covid_hours_for,66779,2020-09-21,Понедельник,06:00,31,30,1,0,0,31,31
367,hosp_covid_dis_covid_hours_for,66780,2020-09-21,Понедельник,07:00,34,33,1,0,0,34,34
368,hosp_covid_dis_covid_hours_for,66781,2020-09-21,Понедельник,08:00,44,42,2,1,0,43,43
369,hosp_covid_dis_covid_hours_for,66782,2020-09-21,Понедельник,09:00,48,47,1,9,0,39,39
370,hosp_covid_dis_covid_hours_for,66783,2020-09-21,Понедельник,10:00,56,54,2,14,0,42,42
371,hosp_covid_dis_covid_hours_for,66784,2020-09-21,Понедельник,11:00,59,54,5,29,0,30,30
372,hosp_covid_dis_covid_hours_for,66785,2020-09-21,Понедельник,12:00,67,57,10,74,0,-7,-7
373,hosp_covid_dis_covid_hours_for,66786,2020-09-21,Понедельник,13:00,76,65,11,104,0,-28,-28
374,hosp_covid_dis_covid_hours_for,66787,2020-09-21,Понедельник,14:00,87,75,12,130,0,-43,-43
375,hosp_covid_dis_covid_hours_for,66788,2020-09-21,Понедельник,15:00,98,86,12,169,0,-71,-71
376,hosp_covid_dis_covid_hours_for,66789,2020-09-21,Понедельник,16:00,117,103,14,209,0,-92,-92
377,hosp_covid_dis_covid_hours_for,66790,2020-09-21,Понедельник,17:00,137,118,19,234,5,-97,-102
378,hosp_covid_dis_covid_hours_for,66791,2020-09-21,Понедельник,18:00,157,138,19,245,5,-88,-93
379,hosp_covid_dis_covid_hours_for,66792,2020-09-21,Понедельник,19:00,172,151,21,258,7,-86,-93
380,hosp_covid_dis_covid_hours_for,66793,2020-09-21,Понедельник,20:00,192,168,24,260,7,-68,-75
381,hosp_covid_dis_covid_hours_for,66794,2020-09-21,Понедельник,21:00,208,184,24,264,7,-56,-63
382,hosp_covid_dis_covid_hours_for,66795,2020-09-21,Понедельник,22:00,222,198,24,266,7,-44,-51
383,hosp_covid_dis_covid_hours_for,66796,2020-09-21,Понедельник,23:00,235,211,24,266,7,-31,-38
384,hosp_covid_dis_covid_hours_for,66798,2020-09-22,Вторник,00:00,0,0,0,0,0,0,0
385,hosp_covid_dis_covid_hours_for,66799,2020-09-21,Понедельник,сутки,251,227,24,266,7,-15,-22
386,hosp_covid_dis_covid_hours_for,66800,2020-09-22,Вторник,01:00,8,7,1,0,0,8,8
387,hosp_covid_dis_covid_hours_for,66801,2020-09-22,Вторник,02:00,20,19,1,0,0,20,20
388,hosp_covid_dis_covid_hours_for,66802,2020-09-22,Вторник,03:00,34,33,1,0,0,34,34
389,hosp_covid_dis_covid_hours_for,66803,2020-09-22,Вторник,04:00,45,44,1,1,0,44,44
390,hosp_covid_dis_covid_hours_for,66804,2020-09-22,Вторник,05:00,56,55,1,2,0,54,54
391,hosp_covid_dis_covid_hours_for,66805,2020-09-22,Вторник,06:00,65,64,1,3,0,62,62
392,hosp_covid_dis_covid_hours_for,66806,2020-09-22,Вторник,07:00,70,69,1,6,0,64,64
393,hosp_covid_dis_covid_hours_for,66807,2020-09-22,Вторник,08:00,75,74,1,8,0,67,67
394,hosp_covid_dis_covid_hours_for,66808,2020-09-22,Вторник,09:00,81,79,2,13,0,68,68
395,hosp_covid_dis_covid_hours_for,66809,2020-09-22,Вторник,10:00,86,83,3,18,1,68,67
396,hosp_covid_dis_covid_hours_for,66810,2020-09-22,Вторник,11:00,94,91,3,54,1,40,39
397,hosp_covid_dis_covid_hours_for,66811,2020-09-22,Вторник,12:00,107,102,5,81,1,26,25
398,hosp_covid_dis_covid_hours_for,66812,2020-09-22,Вторник,13:00,129,120,9,98,1,31,30
399,hosp_covid_dis_covid_hours_for,66813,2020-09-22,Вторник,14:00,138,129,9,109,1,29,28
400,hosp_covid_dis_covid_hours_for,66814,2020-09-22,Вторник,15:00,164,154,10,143,1,21,20
401,hosp_covid_dis_covid_hours_for,66815,2020-09-22,Вторник,16:00,177,167,10,175,1,2,1
402,hosp_covid_dis_covid_hours_for,66816,2020-09-22,Вторник,17:00,198,187,11,206,1,-8,-9
403,hosp_covid_dis_covid_hours_for,66817,2020-09-22,Вторник,18:00,216,204,12,213,1,3,2
404,hosp_covid_dis_covid_hours_for,66818,2020-09-22,Вторник,19:00,244,228,16,220,1,24,23
405,hosp_covid_dis_covid_hours_for,66819,2020-09-22,Вторник,20:00,263,245,18,222,1,41,40
406,hosp_covid_dis_covid_hours_for,66820,2020-09-22,Вторник,21:00,283,265,18,222,1,61,60
407,hosp_covid_dis_covid_hours_for,66821,2020-09-22,Вторник,22:00,304,286,18,230,1,74,73
408,hosp_covid_dis_covid_hours_for,66822,2020-09-22,Вторник,23:00,324,304,20,230,1,94,93
409,hosp_covid_dis_covid_hours_for,66824,2020-09-23,Среда,00:00,0,0,0,0,0,0,0
410,hosp_covid_dis_covid_hours_for,66825,2020-09-22,Вторник,сутки,346,326,20,234,1,112,111
411,hosp_covid_dis_covid_hours_for,66826,2020-09-23,Среда,01:00,10,10,0,0,0,10,10
412,hosp_covid_dis_covid_hours_for,66827,2020-09-23,Среда,02:00,20,18,2,0,0,20,20
413,hosp_covid_dis_covid_hours_for,66828,2020-09-23,Среда,03:00,31,29,2,0,0,31,31
414,hosp_covid_dis_covid_hours_for,66829,2020-09-23,Среда,04:00,46,43,3,0,0,46,46
415,hosp_covid_dis_covid_hours_for,66830,2020-09-23,Среда,05:00,55,52,3,0,0,55,55
416,hosp_covid_dis_covid_hours_for,66831,2020-09-23,Среда,06:00,59,56,3,0,0,59,59
417,hosp_covid_dis_covid_hours_for,66832,2020-09-23,Среда,07:00,64,61,3,1,0,63,63
418,hosp_covid_dis_covid_hours_for,66833,2020-09-23,Среда,08:00,68,65,3,6,0,62,62
419,hosp_covid_dis_covid_hours_for,66834,2020-09-23,Среда,09:00,71,69,2,15,0,56,56
420,hosp_covid_dis_covid_hours_for,66835,2020-09-23,Среда,10:00,80,76,4,32,0,48,48
421,hosp_covid_dis_covid_hours_for,66836,2020-09-23,Среда,11:00,90,85,5,44,0,46,46
422,hosp_covid_dis_covid_hours_for,66837,2020-09-23,Среда,12:00,102,96,6,81,0,21,21
423,hosp_covid_dis_covid_hours_for,66838,2020-09-23,Среда,13:00,115,109,6,111,0,4,4
424,hosp_covid_dis_covid_hours_for,66839,2020-09-23,Среда,14:00,127,121,6,122,3,5,2
425,hosp_covid_dis_covid_hours_for,66840,2020-09-23,Среда,15:00,143,135,8,178,3,-35,-38
426,hosp_covid_dis_covid_hours_for,66841,2020-09-23,Среда,16:00,159,148,11,191,4,-32,-36
427,hosp_covid_dis_covid_hours_for,66842,2020-09-23,Среда,17:00,188,174,14,210,4,-22,-26
428,hosp_covid_dis_covid_hours_for,66843,2020-09-23,Среда,18:00,208,195,13,219,4,-11,-15
429,hosp_covid_dis_covid_hours_for,66844,2020-09-23,Среда,19:00,220,207,13,220,4,0,-4
430,hosp_covid_dis_covid_hours_for,66845,2020-09-23,Среда,20:00,236,222,14,224,4,12,8
431,hosp_covid_dis_covid_hours_for,66846,2020-09-23,Среда,21:00,255,240,15,225,4,30,26
432,hosp_covid_dis_covid_hours_for,66847,2020-09-23,Среда,22:00,276,261,15,225,4,51,47
433,hosp_covid_dis_covid_hours_for,66848,2020-09-23,Среда,23:00,301,284,17,225,4,76,72
434,hosp_covid_dis_covid_hours_for,66850,2020-09-24,Четверг,00:00,0,0,0,0,0,0,0
435,hosp_covid_dis_covid_hours_for,66851,2020-09-23,Среда,сутки,322,305,17,229,4,93,89
436,hosp_covid_dis_covid_hours_for,66852,2020-09-24,Четверг,01:00,3,3,0,0,0,3,3
437,hosp_covid_dis_covid_hours_for,66853,2020-09-24,Четверг,02:00,7,7,0,0,0,7,7
438,hosp_covid_dis_covid_hours_for,66854,2020-09-24,Четверг,03:00,19,19,0,1,0,18,18
439,hosp_covid_dis_covid_hours_for,66855,2020-09-24,Четверг,04:00,25,25,0,1,0,24,24
440,hosp_covid_dis_covid_hours_for,66856,2020-09-24,Четверг,05:00,30,30,0,1,0,29,29
441,hosp_covid_dis_covid_hours_for,66857,2020-09-24,Четверг,06:00,33,33,0,1,0,32,32
442,hosp_covid_dis_covid_hours_for,66858,2020-09-24,Четверг,07:00,33,33,0,1,0,32,32
443,hosp_covid_dis_covid_hours_for,66859,2020-09-24,Четверг,08:00,37,37,0,3,0,34,34
444,hosp_covid_dis_covid_hours_for,66860,2020-09-24,Четверг,09:00,43,43,0,5,0,38,38
445,hosp_covid_dis_covid_hours_for,66861,2020-09-24,Четверг,10:00,49,47,2,12,0,37,37
446,hosp_covid_dis_covid_hours_for,66862,2020-09-24,Четверг,11:00,56,53,3,36,0,20,20
447,hosp_covid_dis_covid_hours_for,66863,2020-09-24,Четверг,12:00,84,80,4,67,0,17,17
448,hosp_covid_dis_covid_hours_for,66864,2020-09-24,Четверг,13:00,95,91,4,92,0,3,3
449,hosp_covid_dis_covid_hours_for,66865,2020-09-24,Четверг,14:00,113,108,5,115,0,-2,-2
450,hosp_covid_dis_covid_hours_for,66866,2020-09-24,Четверг,15:00,139,134,5,144,0,-5,-5
451,hosp_covid_dis_covid_hours_for,66867,2020-09-24,Четверг,16:00,158,153,5,174,0,-16,-16
452,hosp_covid_dis_covid_hours_for,66868,2020-09-24,Четверг,17:00,181,174,7,191,1,-10,-11
453,hosp_covid_dis_covid_hours_for,66869,2020-09-24,Четверг,18:00,206,198,8,204,2,2,0
454,hosp_covid_dis_covid_hours_for,66870,2020-09-24,Четверг,19:00,224,215,9,206,8,18,10
455,hosp_covid_dis_covid_hours_for,66871,2020-09-24,Четверг,20:00,254,245,9,209,9,45,36
456,hosp_covid_dis_covid_hours_for,66872,2020-09-24,Четверг,21:00,275,266,9,211,9,64,55
457,hosp_covid_dis_covid_hours_for,66873,2020-09-24,Четверг,22:00,292,282,10,211,9,81,72
458,hosp_covid_dis_covid_hours_for,66874,2020-09-24,Четверг,23:00,312,301,11,213,9,99,90
459,hosp_covid_dis_covid_hours_for,66876,2020-09-25,Пятница,00:00,0,0,0,0,0,0,0
460,hosp_covid_dis_covid_hours_for,66877,2020-09-24,Четверг,сутки,329,318,11,214,9,115,106
461,hosp_covid_dis_covid_hours_for,66878,2020-09-25,Пятница,01:00,10,9,1,1,0,9,9
462,hosp_covid_dis_covid_hours_for,66879,2020-09-25,Пятница,02:00,21,20,1,1,0,20,20
463,hosp_covid_dis_covid_hours_for,66880,2020-09-25,Пятница,03:00,33,32,1,1,0,32,32
464,hosp_covid_dis_covid_hours_for,66881,2020-09-25,Пятница,04:00,46,43,3,1,0,45,45
465,hosp_covid_dis_covid_hours_for,66882,2020-09-25,Пятница,05:00,59,56,3,2,0,57,57
466,hosp_covid_dis_covid_hours_for,66883,2020-09-25,Пятница,06:00,65,62,3,2,0,63,63
467,hosp_covid_dis_covid_hours_for,66884,2020-09-25,Пятница,07:00,71,68,3,2,0,69,69
468,hosp_covid_dis_covid_hours_for,66885,2020-09-25,Пятница,08:00,75,72,3,3,0,72,72
469,hosp_covid_dis_covid_hours_for,66886,2020-09-25,Пятница,09:00,77,74,3,6,0,71,71
470,hosp_covid_dis_covid_hours_for,66887,2020-09-25,Пятница,10:00,80,76,4,15,0,65,65
471,hosp_covid_dis_covid_hours_for,66888,2020-09-25,Пятница,11:00,88,83,5,35,0,53,53
472,hosp_covid_dis_covid_hours_for,66889,2020-09-25,Пятница,12:00,98,93,5,62,0,36,36
473,hosp_covid_dis_covid_hours_for,66890,2020-09-25,Пятница,13:00,114,108,6,97,1,17,16
474,hosp_covid_dis_covid_hours_for,66891,2020-09-25,Пятница,14:00,135,127,8,135,1,0,-1
475,hosp_covid_dis_covid_hours_for,66892,2020-09-25,Пятница,15:00,152,144,8,185,1,-33,-34
476,hosp_covid_dis_covid_hours_for,66893,2020-09-25,Пятница,16:00,168,157,11,222,1,-54,-55
477,hosp_covid_dis_covid_hours_for,66894,2020-09-25,Пятница,17:00,186,173,13,248,1,-62,-63
478,hosp_covid_dis_covid_hours_for,66895,2020-09-25,Пятница,18:00,209,192,17,263,2,-54,-56
479,hosp_covid_dis_covid_hours_for,66896,2020-09-25,Пятница,19:00,238,218,20,276,5,-38,-43
480,hosp_covid_dis_covid_hours_for,66897,2020-09-25,Пятница,20:00,249,228,21,280,5,-31,-36
481,hosp_covid_dis_covid_hours_for,66898,2020-09-25,Пятница,21:00,273,248,25,283,5,-10,-15
482,hosp_covid_dis_covid_hours_for,66899,2020-09-25,Пятница,22:00,297,270,27,283,5,14,9
483,hosp_covid_dis_covid_hours_for,66900,2020-09-25,Пятница,23:00,317,290,27,287,5,30,25
484,hosp_covid_dis_covid_hours_for,66902,2020-09-26,Суббота,00:00,0,0,0,0,0,0,0
485,hosp_covid_dis_covid_hours_for,66903,2020-09-25,Пятница,сутки,338,310,28,292,5,46,41
486,hosp_covid_dis_covid_hours_for,66904,2020-09-26,Суббота,01:00,11,11,0,0,0,11,11
487,hosp_covid_dis_covid_hours_for,66905,2020-09-26,Суббота,02:00,27,27,0,1,0,26,26
488,hosp_covid_dis_covid_hours_for,66906,2020-09-26,Суббота,03:00,43,43,0,2,0,41,41
489,hosp_covid_dis_covid_hours_for,66907,2020-09-26,Суббота,04:00,51,51,0,2,0,49,49
490,hosp_covid_dis_covid_hours_for,66908,2020-09-26,Суббота,05:00,62,62,0,3,0,59,59
491,hosp_covid_dis_covid_hours_for,66909,2020-09-26,Суббота,06:00,68,68,0,3,0,65,65
492,hosp_covid_dis_covid_hours_for,66910,2020-09-26,Суббота,07:00,70,70,0,5,0,65,65
493,hosp_covid_dis_covid_hours_for,66911,2020-09-26,Суббота,08:00,73,73,0,5,0,68,68
494,hosp_covid_dis_covid_hours_for,66912,2020-09-26,Суббота,09:00,80,80,0,6,0,74,74
495,hosp_covid_dis_covid_hours_for,66913,2020-09-26,Суббота,10:00,89,88,1,12,0,77,77
496,hosp_covid_dis_covid_hours_for,66914,2020-09-26,Суббота,11:00,95,94,1,33,0,62,62
497,hosp_covid_dis_covid_hours_for,66915,2020-09-26,Суббота,12:00,109,107,2,38,0,71,71
498,hosp_covid_dis_covid_hours_for,66916,2020-09-26,Суббота,13:00,125,120,5,46,0,79,79
499,hosp_covid_dis_covid_hours_for,66917,2020-09-26,Суббота,14:00,150,142,8,62,0,88,88
500,hosp_covid_dis_covid_hours_for,66918,2020-09-26,Суббота,15:00,165,157,8,81,0,84,84
501,hosp_covid_dis_covid_hours_for,66919,2020-09-26,Суббота,16:00,179,171,8,92,0,87,87
502,hosp_covid_dis_covid_hours_for,66920,2020-09-26,Суббота,17:00,192,183,9,97,0,95,95
503,hosp_covid_dis_covid_hours_for,66921,2020-09-26,Суббота,18:00,215,204,11,100,0,115,115
504,hosp_covid_dis_covid_hours_for,66922,2020-09-26,Суббота,19:00,235,223,12,101,0,134,134
505,hosp_covid_dis_covid_hours_for,66923,2020-09-26,Суббота,20:00,250,237,13,103,0,147,147
506,hosp_covid_dis_covid_hours_for,66924,2020-09-26,Суббота,21:00,266,253,13,104,0,162,162
507,hosp_covid_dis_covid_hours_for,66925,2020-09-26,Суббота,22:00,284,271,13,107,0,177,177
508,hosp_covid_dis_covid_hours_for,66926,2020-09-26,Суббота,23:00,298,285,13,108,0,190,190
509,hosp_covid_dis_covid_hours_for,66928,2020-09-27,Воскресенье,00:00,0,0,0,0,0,0,0
510,hosp_covid_dis_covid_hours_for,66929,2020-09-26,Суббота,сутки,312,298,14,110,0,202,202
511,hosp_covid_dis_covid_hours_for,66930,2020-09-27,Воскресенье,01:00,9,9,0,0,0,9,9
512,hosp_covid_dis_covid_hours_for,66931,2020-09-27,Воскресенье,02:00,24,24,0,1,0,23,23
513,hosp_covid_dis_covid_hours_for,66932,2020-09-27,Воскресенье,03:00,39,39,0,1,0,38,38
514,hosp_covid_dis_covid_hours_for,66933,2020-09-27,Воскресенье,04:00,49,49,0,1,0,48,48
515,hosp_covid_dis_covid_hours_for,66934,2020-09-27,Воскресенье,05:00,58,58,0,2,0,56,56
516,hosp_covid_dis_covid_hours_for,66935,2020-09-27,Воскресенье,06:00,62,62,0,3,0,59,59
517,hosp_covid_dis_covid_hours_for,66936,2020-09-27,Воскресенье,07:00,70,70,0,3,0,67,67
518,hosp_covid_dis_covid_hours_for,66937,2020-09-27,Воскресенье,08:00,73,73,0,12,0,61,61
519,hosp_covid_dis_covid_hours_for,66938,2020-09-27,Воскресенье,09:00,77,76,1,13,0,64,64
520,hosp_covid_dis_covid_hours_for,66939,2020-09-27,Воскресенье,10:00,82,81,1,16,0,66,66
521,hosp_covid_dis_covid_hours_for,66940,2020-09-27,Воскресенье,11:00,87,85,2,17,0,70,70
522,hosp_covid_dis_covid_hours_for,66941,2020-09-27,Воскресенье,12:00,100,98,2,25,0,75,75
523,hosp_covid_dis_covid_hours_for,66942,2020-09-27,Воскресенье,13:00,121,118,3,37,0,84,84
524,hosp_covid_dis_covid_hours_for,66943,2020-09-27,Воскресенье,14:00,130,127,3,45,0,85,85
525,hosp_covid_dis_covid_hours_for,66944,2020-09-27,Воскресенье,15:00,151,148,3,67,0,84,84
526,hosp_covid_dis_covid_hours_for,66945,2020-09-27,Воскресенье,16:00,173,170,3,69,0,104,104
527,hosp_covid_dis_covid_hours_for,66946,2020-09-27,Воскресенье,17:00,195,190,5,74,0,121,121
528,hosp_covid_dis_covid_hours_for,66947,2020-09-27,Воскресенье,18:00,211,206,5,80,1,131,130
529,hosp_covid_dis_covid_hours_for,66948,2020-09-27,Воскресенье,19:00,228,223,5,81,6,147,141
530,hosp_covid_dis_covid_hours_for,66949,2020-09-27,Воскресенье,20:00,242,236,6,84,6,158,152
531,hosp_covid_dis_covid_hours_for,66950,2020-09-27,Воскресенье,21:00,257,251,6,88,6,169,163
532,hosp_covid_dis_covid_hours_for,66951,2020-09-27,Воскресенье,22:00,276,267,9,88,6,188,182
533,hosp_covid_dis_covid_hours_for,66952,2020-09-27,Воскресенье,23:00,290,281,9,89,6,201,195
534,hosp_covid_dis_covid_hours_for,66954,2020-09-28,Понедельник,00:00,0,0,0,0,0,0,0
535,hosp_covid_dis_covid_hours_for,66955,2020-09-27,Воскресенье,сутки,310,301,9,89,6,221,215
536,hosp_covid_dis_covid_hours_for,66956,2020-09-28,Понедельник,01:00,8,8,0,0,0,8,8
537,hosp_covid_dis_covid_hours_for,66957,2020-09-28,Понедельник,02:00,17,15,2,1,0,16,16
538,hosp_covid_dis_covid_hours_for,66958,2020-09-28,Понедельник,03:00,24,21,3,2,0,22,22
539,hosp_covid_dis_covid_hours_for,66959,2020-09-28,Понедельник,04:00,37,31,6,2,0,35,35
540,hosp_covid_dis_covid_hours_for,66960,2020-09-28,Понедельник,05:00,45,38,7,2,0,43,43
541,hosp_covid_dis_covid_hours_for,66961,2020-09-28,Понедельник,06:00,54,46,8,2,0,52,52
542,hosp_covid_dis_covid_hours_for,66962,2020-09-28,Понедельник,07:00,57,49,8,2,0,55,55
543,hosp_covid_dis_covid_hours_for,66963,2020-09-28,Понедельник,08:00,59,51,8,5,0,54,54
544,hosp_covid_dis_covid_hours_for,66964,2020-09-28,Понедельник,09:00,61,53,8,19,0,42,42
545,hosp_covid_dis_covid_hours_for,66965,2020-09-28,Понедельник,10:00,62,54,8,25,0,37,37
546,hosp_covid_dis_covid_hours_for,66966,2020-09-28,Понедельник,11:00,70,62,8,35,0,35,35
547,hosp_covid_dis_covid_hours_for,66967,2020-09-28,Понедельник,12:00,80,71,9,81,0,-1,-1
548,hosp_covid_dis_covid_hours_for,66968,2020-09-28,Понедельник,13:00,93,81,12,100,0,-7,-7
549,hosp_covid_dis_covid_hours_for,66969,2020-09-28,Понедельник,14:00,116,98,18,135,0,-19,-19
550,hosp_covid_dis_covid_hours_for,66970,2020-09-28,Понедельник,15:00,139,120,19,167,0,-28,-28
551,hosp_covid_dis_covid_hours_for,66971,2020-09-28,Понедельник,16:00,157,137,20,192,0,-35,-35
552,hosp_covid_dis_covid_hours_for,66972,2020-09-28,Понедельник,17:00,174,153,21,217,3,-43,-46
553,hosp_covid_dis_covid_hours_for,66973,2020-09-28,Понедельник,18:00,199,183,16,234,3,-35,-38
554,hosp_covid_dis_covid_hours_for,66974,2020-09-28,Понедельник,19:00,221,203,18,240,3,-19,-22
555,hosp_covid_dis_covid_hours_for,66975,2020-09-28,Понедельник,20:00,251,231,20,250,3,1,-2
556,hosp_covid_dis_covid_hours_for,66976,2020-09-28,Понедельник,21:00,287,266,21,251,3,36,33
557,hosp_covid_dis_covid_hours_for,66977,2020-09-28,Понедельник,22:00,311,289,22,252,3,59,56
558,hosp_covid_dis_covid_hours_for,66978,2020-09-28,Понедельник,23:00,338,316,22,255,3,83,80
559,hosp_covid_dis_covid_hours_for,66980,2020-09-29,Вторник,00:00,0,0,0,0,0,0,0
560,hosp_covid_dis_covid_hours_for,66981,2020-09-28,Понедельник,сутки,353,331,22,256,3,97,94
561,hosp_covid_dis_covid_hours_for,66982,2020-09-29,Вторник,01:00,13,12,1,0,0,13,13
562,hosp_covid_dis_covid_hours_for,66983,2020-09-29,Вторник,02:00,32,31,1,2,0,30,30
563,hosp_covid_dis_covid_hours_for,66984,2020-09-29,Вторник,03:00,45,43,2,2,0,43,43
564,hosp_covid_dis_covid_hours_for,66985,2020-09-29,Вторник,04:00,55,53,2,2,0,53,53
565,hosp_covid_dis_covid_hours_for,66986,2020-09-29,Вторник,05:00,64,62,2,2,0,62,62
566,hosp_covid_dis_covid_hours_for,66987,2020-09-29,Вторник,06:00,71,69,2,4,0,67,67
567,hosp_covid_dis_covid_hours_for,66988,2020-09-29,Вторник,07:00,79,77,2,6,0,73,73
568,hosp_covid_dis_covid_hours_for,66989,2020-09-29,Вторник,08:00,87,84,3,14,0,73,73
569,hosp_covid_dis_covid_hours_for,66990,2020-09-29,Вторник,09:00,90,87,3,34,0,56,56
570,hosp_covid_dis_covid_hours_for,66991,2020-09-29,Вторник,10:00,96,92,4,60,0,36,36
571,hosp_covid_dis_covid_hours_for,66992,2020-09-29,Вторник,11:00,105,100,5,73,0,32,32
572,hosp_covid_dis_covid_hours_for,66993,2020-09-29,Вторник,12:00,122,117,5,98,0,24,24
573,hosp_covid_dis_covid_hours_for,66994,2020-09-29,Вторник,13:00,135,129,6,130,0,5,5
574,hosp_covid_dis_covid_hours_for,66995,2020-09-29,Вторник,14:00,157,149,8,150,0,7,7
575,hosp_covid_dis_covid_hours_for,66996,2020-09-29,Вторник,15:00,174,163,11,209,0,-35,-35
576,hosp_covid_dis_covid_hours_for,66997,2020-09-29,Вторник,16:00,200,187,13,233,1,-33,-34
577,hosp_covid_dis_covid_hours_for,66998,2020-09-29,Вторник,17:00,233,216,17,246,1,-13,-14
578,hosp_covid_dis_covid_hours_for,66999,2020-09-29,Вторник,18:00,264,246,18,254,1,10,9
579,hosp_covid_dis_covid_hours_for,67000,2020-09-29,Вторник,19:00,286,266,20,264,1,22,21
580,hosp_covid_dis_covid_hours_for,67001,2020-09-29,Вторник,20:00,322,300,22,267,3,55,52
581,hosp_covid_dis_covid_hours_for,67002,2020-09-29,Вторник,21:00,350,327,23,270,3,80,77
582,hosp_covid_dis_covid_hours_for,67003,2020-09-29,Вторник,22:00,375,351,24,271,3,104,101
583,hosp_covid_dis_covid_hours_for,67004,2020-09-29,Вторник,23:00,397,373,24,272,3,125,122
584,hosp_covid_dis_covid_hours_for,67006,2020-09-30,Среда,00:00,0,0,0,0,0,0,0
585,hosp_covid_dis_covid_hours_for,67007,2020-09-29,Вторник,сутки,425,399,26,274,3,151,148
586,hosp_covid_dis_covid_hours_for,67008,2020-09-30,Среда,01:00,10,10,0,0,0,10,10
587,hosp_covid_dis_covid_hours_for,67009,2020-09-30,Среда,02:00,27,27,0,0,0,27,27
588,hosp_covid_dis_covid_hours_for,67010,2020-09-30,Среда,03:00,48,48,0,0,0,48,48
589,hosp_covid_dis_covid_hours_for,67011,2020-09-30,Среда,04:00,68,68,0,1,0,67,67
590,hosp_covid_dis_covid_hours_for,67012,2020-09-30,Среда,05:00,82,82,0,1,0,81,81
591,hosp_covid_dis_covid_hours_for,67013,2020-09-30,Среда,06:00,93,93,0,1,0,92,92
592,hosp_covid_dis_covid_hours_for,67014,2020-09-30,Среда,07:00,100,100,0,2,0,98,98
593,hosp_covid_dis_covid_hours_for,67015,2020-09-30,Среда,08:00,103,103,0,6,0,97,97
594,hosp_covid_dis_covid_hours_for,67016,2020-09-30,Среда,09:00,114,114,0,11,0,103,103
595,hosp_covid_dis_covid_hours_for,67017,2020-09-30,Среда,10:00,125,123,2,33,0,92,92
596,hosp_covid_dis_covid_hours_for,67018,2020-09-30,Среда,11:00,132,129,3,61,0,71,71
597,hosp_covid_dis_covid_hours_for,67019,2020-09-30,Среда,12:00,147,143,4,88,0,59,59
598,hosp_covid_dis_covid_hours_for,67020,2020-09-30,Среда,13:00,171,162,9,106,0,65,65
599,hosp_covid_dis_covid_hours_for,67021,2020-09-30,Среда,14:00,196,185,11,139,0,57,57
600,hosp_covid_dis_covid_hours_for,67022,2020-09-30,Среда,15:00,228,213,15,175,13,53,40
601,hosp_covid_dis_covid_hours_for,67023,2020-09-30,Среда,16:00,252,235,17,205,18,47,29
602,hosp_covid_dis_covid_hours_for,67024,2020-09-30,Среда,17:00,278,259,19,227,18,51,33
603,hosp_covid_dis_covid_hours_for,67025,2020-09-30,Среда,18:00,308,286,22,234,18,74,56
604,hosp_covid_dis_covid_hours_for,67026,2020-09-30,Среда,19:00,324,302,22,245,19,79,60
605,hosp_covid_dis_covid_hours_for,67027,2020-09-30,Среда,20:00,344,322,22,253,19,91,72
606,hosp_covid_dis_covid_hours_for,67028,2020-09-30,Среда,21:00,370,344,26,257,19,113,94
607,hosp_covid_dis_covid_hours_for,67029,2020-09-30,Среда,22:00,395,368,27,262,19,133,114
608,hosp_covid_dis_covid_hours_for,67030,2020-09-30,Среда,23:00,421,392,29,263,19,158,139
609,hosp_covid_dis_covid_hours_for,67032,2020-10-01,Четверг,00:00,0,0,0,0,0,0,0
610,hosp_covid_dis_covid_hours_for,67033,2020-09-30,Среда,сутки,451,422,29,264,19,187,168
611,hosp_covid_dis_covid_hours_for,67034,2020-10-01,Четверг,01:00,14,11,3,0,0,14,14
612,hosp_covid_dis_covid_hours_for,67035,2020-10-01,Четверг,02:00,33,29,4,0,0,33,33
613,hosp_covid_dis_covid_hours_for,67036,2020-10-01,Четверг,03:00,47,43,4,0,0,47,47
614,hosp_covid_dis_covid_hours_for,67037,2020-10-01,Четверг,04:00,60,56,4,0,0,60,60
615,hosp_covid_dis_covid_hours_for,67038,2020-10-01,Четверг,05:00,70,66,4,0,0,70,70
616,hosp_covid_dis_covid_hours_for,67039,2020-10-01,Четверг,06:00,78,74,4,0,0,78,78
617,hosp_covid_dis_covid_hours_for,67040,2020-10-01,Четверг,07:00,82,78,4,1,0,81,81
618,hosp_covid_dis_covid_hours_for,67041,2020-10-01,Четверг,08:00,89,85,4,6,0,83,83
619,hosp_covid_dis_covid_hours_for,67042,2020-10-01,Четверг,09:00,96,92,4,11,0,85,85
620,hosp_covid_dis_covid_hours_for,67043,2020-10-01,Четверг,10:00,100,96,4,30,0,70,70
621,hosp_covid_dis_covid_hours_for,67044,2020-10-01,Четверг,11:00,104,99,5,47,0,57,57
622,hosp_covid_dis_covid_hours_for,67045,2020-10-01,Четверг,12:00,113,106,7,89,11,24,13
623,hosp_covid_dis_covid_hours_for,67046,2020-10-01,Четверг,13:00,128,119,9,103,12,25,13
624,hosp_covid_dis_covid_hours_for,67047,2020-10-01,Четверг,14:00,152,137,15,132,12,20,8
625,hosp_covid_dis_covid_hours_for,67048,2020-10-01,Четверг,15:00,172,155,17,174,13,-2,-15
626,hosp_covid_dis_covid_hours_for,67049,2020-10-01,Четверг,16:00,198,179,19,196,20,2,-18
627,hosp_covid_dis_covid_hours_for,67050,2020-10-01,Четверг,17:00,227,207,20,219,20,8,-12
628,hosp_covid_dis_covid_hours_for,67051,2020-10-01,Четверг,18:00,259,233,26,227,20,32,12
629,hosp_covid_dis_covid_hours_for,67052,2020-10-01,Четверг,19:00,281,251,30,237,20,44,24
630,hosp_covid_dis_covid_hours_for,67053,2020-10-01,Четверг,20:00,310,278,32,243,20,67,47
631,hosp_covid_dis_covid_hours_for,67054,2020-10-01,Четверг,21:00,339,305,34,249,20,90,70
632,hosp_covid_dis_covid_hours_for,67055,2020-10-01,Четверг,22:00,362,327,35,250,20,112,92
633,hosp_covid_dis_covid_hours_for,67056,2020-10-01,Четверг,23:00,393,356,37,251,20,142,122
634,hosp_covid_dis_covid_hours_for,67058,2020-10-02,Пятница,00:00,0,0,0,0,0,0,0
635,hosp_covid_dis_covid_hours_for,67059,2020-10-01,Четверг,сутки,412,375,37,251,20,161,141
636,hosp_covid_dis_covid_hours_for,67060,2020-10-02,Пятница,01:00,12,11,1,1,0,11,11
637,hosp_covid_dis_covid_hours_for,67061,2020-10-02,Пятница,02:00,29,27,2,2,0,27,27
638,hosp_covid_dis_covid_hours_for,67062,2020-10-02,Пятница,03:00,47,44,3,2,0,45,45
639,hosp_covid_dis_covid_hours_for,67063,2020-10-02,Пятница,04:00,58,55,3,3,0,55,55
640,hosp_covid_dis_covid_hours_for,67064,2020-10-02,Пятница,05:00,68,65,3,3,0,65,65
641,hosp_covid_dis_covid_hours_for,67065,2020-10-02,Пятница,06:00,78,75,3,4,0,74,74
642,hosp_covid_dis_covid_hours_for,67066,2020-10-02,Пятница,07:00,83,80,3,5,0,78,78
643,hosp_covid_dis_covid_hours_for,67067,2020-10-02,Пятница,08:00,92,89,3,8,0,84,84
644,hosp_covid_dis_covid_hours_for,67068,2020-10-02,Пятница,09:00,102,99,3,13,0,89,89
645,hosp_covid_dis_covid_hours_for,67069,2020-10-02,Пятница,10:00,112,107,5,33,0,79,79
646,hosp_covid_dis_covid_hours_for,67070,2020-10-02,Пятница,11:00,125,117,8,39,0,86,86
647,hosp_covid_dis_covid_hours_for,67071,2020-10-02,Пятница,12:00,147,136,11,90,3,57,54
648,hosp_covid_dis_covid_hours_for,67072,2020-10-02,Пятница,13:00,164,149,15,138,8,26,18
649,hosp_covid_dis_covid_hours_for,67073,2020-10-02,Пятница,14:00,197,176,21,162,8,35,27
650,hosp_covid_dis_covid_hours_for,67074,2020-10-02,Пятница,15:00,226,203,23,215,9,11,2
651,hosp_covid_dis_covid_hours_for,67075,2020-10-02,Пятница,16:00,250,228,22,259,11,-9,-20
652,hosp_covid_dis_covid_hours_for,67076,2020-10-02,Пятница,17:00,281,252,29,289,16,-8,-24
653,hosp_covid_dis_covid_hours_for,67077,2020-10-02,Пятница,18:00,310,280,30,311,18,-1,-19
654,hosp_covid_dis_covid_hours_for,67078,2020-10-02,Пятница,19:00,343,313,30,320,22,23,1
655,hosp_covid_dis_covid_hours_for,67079,2020-10-02,Пятница,20:00,376,343,33,326,30,50,20
656,hosp_covid_dis_covid_hours_for,67080,2020-10-02,Пятница,21:00,409,372,37,327,30,82,52
657,hosp_covid_dis_covid_hours_for,67081,2020-10-02,Пятница,22:00,441,401,40,332,30,109,79
658,hosp_covid_dis_covid_hours_for,67082,2020-10-02,Пятница,23:00,464,423,41,334,34,130,96
659,hosp_covid_dis_covid_hours_for,67084,2020-10-03,Суббота,00:00,0,0,0,0,0,0,0
660,hosp_covid_dis_covid_hours_for,67085,2020-10-02,Пятница,сутки,491,449,42,337,34,154,120
661,hosp_covid_dis_covid_hours_for,67086,2020-10-03,Суббота,01:00,9,8,1,0,0,9,9
662,hosp_covid_dis_covid_hours_for,67087,2020-10-03,Суббота,02:00,29,26,3,2,0,27,27
663,hosp_covid_dis_covid_hours_for,67088,2020-10-03,Суббота,03:00,47,43,4,2,0,45,45
664,hosp_covid_dis_covid_hours_for,67089,2020-10-03,Суббота,04:00,60,56,4,2,0,58,58
665,hosp_covid_dis_covid_hours_for,67090,2020-10-03,Суббота,05:00,68,64,4,2,0,66,66
666,hosp_covid_dis_covid_hours_for,67091,2020-10-03,Суббота,06:00,73,69,4,2,0,71,71
667,hosp_covid_dis_covid_hours_for,67092,2020-10-03,Суббота,07:00,81,77,4,4,0,77,77
668,hosp_covid_dis_covid_hours_for,67093,2020-10-03,Суббота,08:00,84,80,4,4,0,80,80
669,hosp_covid_dis_covid_hours_for,67094,2020-10-03,Суббота,09:00,89,86,3,11,0,78,78
670,hosp_covid_dis_covid_hours_for,67095,2020-10-03,Суббота,10:01,93,90,3,18,0,75,75
671,hosp_covid_dis_covid_hours_for,67096,2020-10-03,Суббота,11:00,103,99,4,23,0,80,80
672,hosp_covid_dis_covid_hours_for,67097,2020-10-03,Суббота,12:00,119,115,4,28,0,91,91
673,hosp_covid_dis_covid_hours_for,67098,2020-10-03,Суббота,13:00,142,138,4,40,0,102,102
674,hosp_covid_dis_covid_hours_for,67099,2020-10-03,Суббота,14:00,157,151,6,64,0,93,93
675,hosp_covid_dis_covid_hours_for,67100,2020-10-03,Суббота,15:00,184,177,7,96,0,88,88
676,hosp_covid_dis_covid_hours_for,67101,2020-10-03,Суббота,16:00,200,192,8,102,2,98,96
677,hosp_covid_dis_covid_hours_for,67102,2020-10-03,Суббота,17:00,214,206,8,119,15,95,80
678,hosp_covid_dis_covid_hours_for,67103,2020-10-03,Суббота,18:00,235,227,8,122,24,113,89
679,hosp_covid_dis_covid_hours_for,67104,2020-10-03,Суббота,19:00,269,259,10,124,28,145,117
680,hosp_covid_dis_covid_hours_for,67105,2020-10-03,Суббота,20:00,289,277,12,126,32,163,131
681,hosp_covid_dis_covid_hours_for,67106,2020-10-03,Суббота,21:00,305,293,12,127,32,178,146
682,hosp_covid_dis_covid_hours_for,67107,2020-10-03,Суббота,22:00,325,310,15,128,32,197,165
683,hosp_covid_dis_covid_hours_for,67108,2020-10-03,Суббота,23:00,339,321,18,129,32,210,178
684,hosp_covid_dis_covid_hours_for,67110,2020-10-04,Воскресенье,00:00,0,0,0,0,0,0,0
685,hosp_covid_dis_covid_hours_for,67111,2020-10-03,Суббота,сутки,352,333,19,130,32,222,190
686,hosp_covid_dis_covid_hours_for,67112,2020-10-04,Воскресенье,01:00,9,9,0,0,0,9,9
687,hosp_covid_dis_covid_hours_for,67113,2020-10-04,Воскресенье,02:00,21,20,1,1,0,20,20
688,hosp_covid_dis_covid_hours_for,67114,2020-10-04,Воскресенье,03:00,29,27,2,4,0,25,25
689,hosp_covid_dis_covid_hours_for,67115,2020-10-04,Воскресенье,04:00,43,41,2,4,0,39,39
690,hosp_covid_dis_covid_hours_for,67116,2020-10-04,Воскресенье,05:00,54,49,5,5,0,49,49
691,hosp_covid_dis_covid_hours_for,67117,2020-10-04,Воскресенье,06:00,56,50,6,5,0,51,51
692,hosp_covid_dis_covid_hours_for,67118,2020-10-04,Воскресенье,07:00,65,59,6,7,0,58,58
693,hosp_covid_dis_covid_hours_for,67119,2020-10-04,Воскресенье,08:00,69,63,6,8,0,61,61
694,hosp_covid_dis_covid_hours_for,67120,2020-10-04,Воскресенье,09:00,72,66,6,9,0,63,63
695,hosp_covid_dis_covid_hours_for,67121,2020-10-04,Воскресенье,10:00,75,69,6,12,0,63,63
696,hosp_covid_dis_covid_hours_for,67122,2020-10-04,Воскресенье,11:00,84,78,6,13,0,71,71
697,hosp_covid_dis_covid_hours_for,67123,2020-10-04,Воскресенье,12:00,101,94,7,21,6,80,74
698,hosp_covid_dis_covid_hours_for,67124,2020-10-04,Воскресенье,13:00,129,121,8,32,8,97,89
699,hosp_covid_dis_covid_hours_for,67125,2020-10-04,Воскресенье,14:00,152,144,8,41,15,111,96
700,hosp_covid_dis_covid_hours_for,67126,2020-10-04,Воскресенье,15:00,171,163,8,67,16,104,88
701,hosp_covid_dis_covid_hours_for,67127,2020-10-04,Воскресенье,16:00,192,184,8,74,16,118,102
702,hosp_covid_dis_covid_hours_for,67128,2020-10-04,Воскресенье,17:00,221,212,9,76,17,145,128
703,hosp_covid_dis_covid_hours_for,67129,2020-10-04,Воскресенье,18:00,239,230,9,78,18,161,143
704,hosp_covid_dis_covid_hours_for,67130,2020-10-04,Воскресенье,19:00,261,251,10,80,18,181,163
705,hosp_covid_dis_covid_hours_for,67131,2020-10-04,Воскресенье,20:00,284,273,11,83,24,201,177
706,hosp_covid_dis_covid_hours_for,67132,2020-10-04,Воскресенье,21:00,304,293,11,85,24,219,195
707,hosp_covid_dis_covid_hours_for,67133,2020-10-04,Воскресенье,22:00,319,306,13,87,24,232,208
708,hosp_covid_dis_covid_hours_for,67134,2020-10-04,Воскресенье,23:00,336,323,13,87,24,249,225
709,hosp_covid_dis_covid_hours_for,67136,2020-10-05,Понедельник,00:00,0,0,0,0,0,0,0
710,hosp_covid_dis_covid_hours_for,67137,2020-10-04,Воскресенье,сутки,351,338,13,89,24,262,238
711,hosp_covid_dis_covid_hours_for,67138,2020-10-05,Понедельник,01:00,18,18,0,0,0,18,18
712,hosp_covid_dis_covid_hours_for,67139,2020-10-05,Понедельник,02:00,35,34,1,0,0,35,35
713,hosp_covid_dis_covid_hours_for,67140,2020-10-05,Понедельник,03:00,50,49,1,0,0,50,50
714,hosp_covid_dis_covid_hours_for,67141,2020-10-05,Понедельник,04:00,58,56,2,2,0,56,56
715,hosp_covid_dis_covid_hours_for,67142,2020-10-05,Понедельник,05:00,68,66,2,2,0,66,66
716,hosp_covid_dis_covid_hours_for,67143,2020-10-05,Понедельник,06:00,74,72,2,3,0,71,71
717,hosp_covid_dis_covid_hours_for,67144,2020-10-05,Понедельник,07:00,79,77,2,8,0,71,71
718,hosp_covid_dis_covid_hours_for,67145,2020-10-05,Понедельник,08:00,84,82,2,12,0,72,72
719,hosp_covid_dis_covid_hours_for,67146,2020-10-05,Понедельник,09:00,87,85,2,14,0,73,73
720,hosp_covid_dis_covid_hours_for,67147,2020-10-05,Понедельник,10:00,93,91,2,57,0,36,36
721,hosp_covid_dis_covid_hours_for,67148,2020-10-05,Понедельник,11:00,99,97,2,90,0,9,9
722,hosp_covid_dis_covid_hours_for,67149,2020-10-05,Понедельник,12:00,118,113,5,114,1,4,3
723,hosp_covid_dis_covid_hours_for,67150,2020-10-05,Понедельник,13:00,142,135,7,155,15,-13,-28
724,hosp_covid_dis_covid_hours_for,67151,2020-10-05,Понедельник,14:00,180,170,10,198,18,-18,-36
725,hosp_covid_dis_covid_hours_for,67152,2020-10-05,Понедельник,15:00,208,197,11,279,20,-71,-91
726,hosp_covid_dis_covid_hours_for,67153,2020-10-05,Понедельник,16:00,232,220,12,314,28,-82,-110
727,hosp_covid_dis_covid_hours_for,67154,2020-10-05,Понедельник,17:00,276,255,21,359,36,-83,-119
728,hosp_covid_dis_covid_hours_for,67155,2020-10-05,Понедельник,18:00,295,273,22,378,39,-83,-122
729,hosp_covid_dis_covid_hours_for,67156,2020-10-05,Понедельник,19:00,328,306,22,389,47,-61,-108
730,hosp_covid_dis_covid_hours_for,67157,2020-10-05,Понедельник,20:00,363,335,28,395,48,-32,-80
731,hosp_covid_dis_covid_hours_for,67158,2020-10-05,Понедельник,21:00,394,365,29,400,48,-6,-54
732,hosp_covid_dis_covid_hours_for,67159,2020-10-05,Понедельник,22:00,429,398,31,410,48,19,-29
733,hosp_covid_dis_covid_hours_for,67160,2020-10-05,Понедельник,23:00,467,434,33,410,48,57,9
734,hosp_covid_dis_covid_hours_for,67162,2020-10-06,Вторник,00:00,0,0,0,0,0,0,0
735,hosp_covid_dis_covid_hours_for,67163,2020-10-05,Понедельник,сутки,497,462,35,413,50,84,34
736,hosp_covid_dis_covid_hours_for,67164,2020-10-06,Вторник,01:00,21,20,1,0,0,21,21
737,hosp_covid_dis_covid_hours_for,67165,2020-10-06,Вторник,02:00,51,47,4,0,0,51,51
738,hosp_covid_dis_covid_hours_for,67166,2020-10-06,Вторник,03:00,74,67,7,0,0,74,74
739,hosp_covid_dis_covid_hours_for,67167,2020-10-06,Вторник,04:00,91,83,8,0,0,91,91
740,hosp_covid_dis_covid_hours_for,67168,2020-10-06,Вторник,05:00,114,103,11,0,0,114,114
741,hosp_covid_dis_covid_hours_for,67169,2020-10-06,Вторник,06:00,132,120,12,0,0,132,132
742,hosp_covid_dis_covid_hours_for,67170,2020-10-06,Вторник,07:00,144,131,13,4,0,140,140
743,hosp_covid_dis_covid_hours_for,67171,2020-10-06,Вторник,08:00,148,134,14,7,0,141,141
744,hosp_covid_dis_covid_hours_for,67172,2020-10-06,Вторник,09:00,155,139,16,12,0,143,143
745,hosp_covid_dis_covid_hours_for,67173,2020-10-06,Вторник,10:00,168,150,18,33,0,135,135
746,hosp_covid_dis_covid_hours_for,67174,2020-10-06,Вторник,11:00,182,161,21,63,2,119,117
747,hosp_covid_dis_covid_hours_for,67175,2020-10-06,Вторник,12:00,206,181,25,110,10,96,86
748,hosp_covid_dis_covid_hours_for,67176,2020-10-06,Вторник,13:00,239,211,28,148,14,91,77
749,hosp_covid_dis_covid_hours_for,67177,2020-10-06,Вторник,14:00,273,239,34,180,14,93,79
750,hosp_covid_dis_covid_hours_for,67178,2020-10-06,Вторник,15:00,297,262,35,210,22,87,65
751,hosp_covid_dis_covid_hours_for,67179,2020-10-06,Вторник,16:00,329,292,37,255,36,74,38
752,hosp_covid_dis_covid_hours_for,67180,2020-10-06,Вторник,17:00,365,322,43,289,40,76,36
753,hosp_covid_dis_covid_hours_for,67181,2020-10-06,Вторник,18:00,398,351,47,317,48,81,33
754,hosp_covid_dis_covid_hours_for,67182,2020-10-06,Вторник,19:00,436,387,49,339,49,97,48
755,hosp_covid_dis_covid_hours_for,67183,2020-10-06,Вторник,20:00,478,427,51,350,51,128,77
756,hosp_covid_dis_covid_hours_for,67184,2020-10-06,Вторник,21:00,514,462,52,352,51,162,111
757,hosp_covid_dis_covid_hours_for,67185,2020-10-06,Вторник,22:00,551,499,52,357,51,194,143
758,hosp_covid_dis_covid_hours_for,67186,2020-10-06,Вторник,23:00,575,521,54,367,52,208,156
759,hosp_covid_dis_covid_hours_for,67188,2020-10-07,Среда,00:00,0,0,0,0,0,0,0
760,hosp_covid_dis_covid_hours_for,67189,2020-10-06,Вторник,сутки,615,561,54,372,52,243,191
761,hosp_covid_dis_covid_hours_for,67190,2020-10-07,Среда,01:00,23,22,1,0,0,23,23
762,hosp_covid_dis_covid_hours_for,67191,2020-10-07,Среда,02:00,49,48,1,1,0,48,48
763,hosp_covid_dis_covid_hours_for,67192,2020-10-07,Среда,03:00,77,76,1,1,0,76,76
764,hosp_covid_dis_covid_hours_for,67193,2020-10-07,Среда,04:00,95,93,2,1,0,94,94
765,hosp_covid_dis_covid_hours_for,67194,2020-10-07,Среда,05:00,114,112,2,7,0,107,107
766,hosp_covid_dis_covid_hours_for,67195,2020-10-07,Среда,06:00,124,122,2,8,0,116,116
767,hosp_covid_dis_covid_hours_for,67196,2020-10-07,Среда,07:00,133,131,2,8,0,125,125
768,hosp_covid_dis_covid_hours_for,67197,2020-10-07,Среда,08:00,144,140,4,17,0,127,127
769,hosp_covid_dis_covid_hours_for,67198,2020-10-07,Среда,09:00,149,146,3,31,0,118,118
770,hosp_covid_dis_covid_hours_for,67199,2020-10-07,Среда,10:00,155,152,3,45,0,110,110
771,hosp_covid_dis_covid_hours_for,67200,2020-10-07,Среда,11:00,170,164,6,77,0,93,93
772,hosp_covid_dis_covid_hours_for,67201,2020-10-07,Среда,12:00,192,184,8,109,0,83,83
773,hosp_covid_dis_covid_hours_for,67202,2020-10-07,Среда,13:00,221,212,9,149,8,72,64
774,hosp_covid_dis_covid_hours_for,67203,2020-10-07,Среда,14:00,253,243,10,179,12,74,62
775,hosp_covid_dis_covid_hours_for,67204,2020-10-07,Среда,15:00,287,273,14,229,22,58,36
776,hosp_covid_dis_covid_hours_for,67205,2020-10-07,Среда,16:00,318,301,17,281,47,37,-10
777,hosp_covid_dis_covid_hours_for,67206,2020-10-07,Среда,17:00,353,334,19,316,48,37,-11
778,hosp_covid_dis_covid_hours_for,67210,2020-10-07,Среда,18:00,387,363,24,328,52,59,7
779,hosp_covid_dis_covid_hours_for,67211,2020-10-07,Среда,21:00,538,503,35,338,60,200,140
780,hosp_covid_dis_covid_hours_for,67212,2020-10-07,Среда,23:00,573,535,38,341,60,232,172
781,hosp_covid_dis_covid_hours_for,67214,2020-10-08,Четверг,00:00,0,0,0,0,0,0,0
782,hosp_covid_dis_covid_hours_for,67216,2020-10-08,Четверг,01:00,18,17,1,0,0,18,18
783,hosp_covid_dis_covid_hours_for,67217,2020-10-08,Четверг,02:00,45,44,1,0,0,45,45
784,hosp_covid_dis_covid_hours_for,67218,2020-10-08,Четверг,03:00,65,64,1,0,0,65,65
785,hosp_covid_dis_covid_hours_for,67219,2020-10-08,Четверг,04:00,87,86,1,1,0,86,86
786,hosp_covid_dis_covid_hours_for,67220,2020-10-08,Четверг,05:00,104,103,1,1,0,103,103
787,hosp_covid_dis_covid_hours_for,67221,2020-10-08,Четверг,06:00,120,119,1,2,0,118,118
788,hosp_covid_dis_covid_hours_for,67222,2020-10-08,Четверг,07:00,137,137,0,3,0,134,134
789,hosp_covid_dis_covid_hours_for,67223,2020-10-08,Четверг,08:00,150,150,0,15,0,135,135
790,hosp_covid_dis_covid_hours_for,67224,2020-10-08,Четверг,09:00,158,157,1,20,0,138,138
791,hosp_covid_dis_covid_hours_for,67225,2020-10-08,Четверг,10:00,166,164,2,34,1,132,131
792,hosp_covid_dis_covid_hours_for,67226,2020-10-08,Четверг,11:00,175,171,4,59,1,116,115
793,hosp_covid_dis_covid_hours_for,67227,2020-10-08,Четверг,12:00,200,194,6,108,2,92,90
794,hosp_covid_dis_covid_hours_for,67228,2020-10-08,Четверг,13:00,235,225,10,159,4,76,72
795,hosp_covid_dis_covid_hours_for,67229,2020-10-08,Четверг,14:00,258,246,12,204,35,54,19
796,hosp_covid_dis_covid_hours_for,67230,2020-10-08,Четверг,15:00,295,281,14,275,37,20,-17
797,hosp_covid_dis_covid_hours_for,67231,2020-10-08,Четверг,16:00,336,317,19,324,38,12,-26
798,hosp_covid_dis_covid_hours_for,67232,2020-10-08,Четверг,17:00,371,349,22,337,42,34,-8
799,hosp_covid_dis_covid_hours_for,67233,2020-10-08,Четверг,18:00,400,376,24,347,42,53,11
800,hosp_covid_dis_covid_hours_for,67234,2020-10-08,Четверг,19:00,434,408,26,355,48,79,31
801,hosp_covid_dis_covid_hours_for,67235,2020-10-08,Четверг,20:00,461,433,28,373,49,88,39
802,hosp_covid_dis_covid_hours_for,67236,2020-10-08,Четверг,21:00,522,488,34,374,53,148,95
803,hosp_covid_dis_covid_hours_for,67237,2020-10-08,Четверг,сутки,619,583,36,446,54,173,158
804,hosp_covid_dis_covid_hours_for,67238,2020-10-09,Пятница,08:00,144,138,6,16,0,128,128
805,hosp_covid_dis_covid_hours_for,67239,2020-10-09,Пятница,09:00,152,146,6,17,0,135,135
806,hosp_covid_dis_covid_hours_for,67240,2020-10-09,Пятница,10:00,156,150,6,40,0,116,116
807,hosp_covid_dis_covid_hours_for,67241,2020-10-09,Пятница,11:00,174,168,6,86,1,88,87
808,hosp_covid_dis_covid_hours_for,67242,2020-10-07,Среда,сутки,604,564,40,341,60,263,203
809,hosp_covid_dis_covid_hours_for,67243,2020-10-09,Пятница,12:00,199,191,8,131,2,68,66
810,hosp_covid_dis_covid_hours_for,67244,2020-10-09,Пятница,13:01,220,210,10,200,6,20,14
811,hosp_covid_dis_covid_hours_for,67245,2020-10-09,Пятница,14:00,247,233,14,260,13,-13,-26
812,hosp_covid_dis_covid_hours_for,67246,2020-10-09,Пятница,15:00,282,264,18,330,22,-48,-70
813,hosp_covid_dis_covid_hours_for,67247,2020-10-09,Пятница,16:00,321,301,20,390,22,-69,-91
814,hosp_covid_dis_covid_hours_for,67248,2020-10-09,Пятница,17:00,364,339,25,408,37,-44,-81
815,hosp_covid_dis_covid_hours_for,67249,2020-10-09,Пятница,18:00,406,377,29,423,57,-17,-74
816,hosp_covid_dis_covid_hours_for,67250,2020-10-09,Пятница,19:00,442,410,32,433,61,9,-52
817,hosp_covid_dis_covid_hours_for,67251,2020-10-09,Пятница,20:00,492,459,33,444,63,48,-15
818,hosp_covid_dis_covid_hours_for,67252,2020-10-09,Пятница,21:00,524,487,37,448,63,76,13
819,hosp_covid_dis_covid_hours_for,67253,2020-10-09,Пятница,22:00,564,525,39,452,63,112,49
820,hosp_covid_dis_covid_hours_for,67254,2020-10-09,Пятница,23:00,597,556,41,455,63,142,79
821,hosp_covid_dis_covid_hours_for,67256,2020-10-10,Суббота,00:00,0,0,0,0,0,0,0
822,hosp_covid_dis_covid_hours_for,67257,2020-10-09,Пятница,сутки,628,588,40,456,66,172,106
823,hosp_covid_dis_covid_hours_for,67258,2020-10-10,Суббота,01:00,13,12,1,0,0,13,13
824,hosp_covid_dis_covid_hours_for,67259,2020-10-10,Суббота,02:00,40,38,2,2,0,38,38
825,hosp_covid_dis_covid_hours_for,67260,2020-10-10,Суббота,03:00,69,67,2,2,0,67,67
826,hosp_covid_dis_covid_hours_for,67261,2020-10-10,Суббота,04:00,90,88,2,2,0,88,88
827,hosp_covid_dis_covid_hours_for,67263,2020-10-10,Суббота,05:00,114,112,2,2,0,112,112
828,hosp_covid_dis_covid_hours_for,67264,2020-10-10,Суббота,07:00,133,131,2,5,0,128,128
829,hosp_covid_dis_covid_hours_for,67265,2020-10-10,Суббота,08:00,139,137,2,11,0,128,128
830,hosp_covid_dis_covid_hours_for,67266,2020-10-10,Суббота,09:00,148,146,2,14,0,134,134
831,hosp_covid_dis_covid_hours_for,67267,2020-10-10,Суббота,10:00,151,148,3,20,0,131,131
832,hosp_covid_dis_covid_hours_for,67268,2020-10-10,Суббота,11:00,163,160,3,42,0,121,121
833,hosp_covid_dis_covid_hours_for,67269,2020-10-10,Суббота,12:00,186,179,7,60,2,126,124
834,hosp_covid_dis_covid_hours_for,67270,2020-10-10,Суббота,13:00,210,201,9,80,2,130,128
835,hosp_covid_dis_covid_hours_for,67271,2020-10-10,Суббота,14:00,246,233,13,116,2,130,128
836,hosp_covid_dis_covid_hours_for,67272,2020-10-10,Суббота,15:00,282,261,21,122,7,160,153
837,hosp_covid_dis_covid_hours_for,67273,2020-10-10,Суббота,16:00,308,286,22,124,15,184,169
838,hosp_covid_dis_covid_hours_for,67274,2020-10-10,Суббота,17:00,342,315,27,136,19,206,187
839,hosp_covid_dis_covid_hours_for,67275,2020-10-10,Суббота,18:00,388,353,35,151,19,237,218
840,hosp_covid_dis_covid_hours_for,67276,2020-10-10,Суббота,19:00,431,394,37,165,19,266,247
841,hosp_covid_dis_covid_hours_for,67277,2020-10-10,Суббота,20:00,475,432,43,175,21,300,279
842,hosp_covid_dis_covid_hours_for,67278,2020-10-10,Суббота,21:00,503,458,45,175,25,328,303
843,hosp_covid_dis_covid_hours_for,67279,2020-10-10,Суббота,22:00,547,500,47,180,25,367,342
844,hosp_covid_dis_covid_hours_for,67280,2020-10-10,Суббота,23:00,574,527,47,182,25,392,367
845,hosp_covid_dis_covid_hours_for,67282,2020-10-11,Воскресенье,00:00,0,0,0,0,0,0,0
846,hosp_covid_dis_covid_hours_for,67283,2020-10-10,Суббота,сутки,606,559,47,184,25,422,397
847,hosp_covid_dis_covid_hours_for,67284,2020-10-11,Воскресенье,01:00,13,11,2,0,0,13,13
848,hosp_covid_dis_covid_hours_for,67285,2020-10-11,Воскресенье,02:00,43,41,2,0,0,43,43
849,hosp_covid_dis_covid_hours_for,67286,2020-10-11,Воскресенье,03:00,67,64,3,0,0,67,67
850,hosp_covid_dis_covid_hours_for,67287,2020-10-11,Воскресенье,04:00,84,79,5,1,0,83,83
851,hosp_covid_dis_covid_hours_for,67288,2020-10-11,Воскресенье,05:00,104,99,5,2,0,102,102
852,hosp_covid_dis_covid_hours_for,67289,2020-10-11,Воскресенье,06:00,120,114,6,5,0,115,115
853,hosp_covid_dis_covid_hours_for,67290,2020-10-11,Воскресенье,07:00,130,124,6,7,0,123,123
854,hosp_covid_dis_covid_hours_for,67291,2020-10-11,Воскресенье,08:00,143,137,6,12,0,131,131
855,hosp_covid_dis_covid_hours_for,67292,2020-10-11,Воскресенье,09:00,153,146,7,16,0,137,137
856,hosp_covid_dis_covid_hours_for,67293,2020-10-11,Воскресенье,10:00,163,156,7,25,3,138,135
857,hosp_covid_dis_covid_hours_for,67294,2020-10-11,Воскресенье,11:00,181,175,6,39,6,142,136
858,hosp_covid_dis_covid_hours_for,67295,2020-10-11,Воскресенье,12:00,202,196,6,58,9,144,135
859,hosp_covid_dis_covid_hours_for,67296,2020-10-11,Воскресенье,13:00,216,209,7,69,11,147,136
860,hosp_covid_dis_covid_hours_for,67297,2020-10-11,Воскресенье,14:00,244,236,8,89,11,155,144
861,hosp_covid_dis_covid_hours_for,67298,2020-10-11,Воскресенье,15:00,268,257,11,106,20,162,142
862,hosp_covid_dis_covid_hours_for,67299,2020-10-11,Воскресенье,16:00,294,281,13,132,30,162,132
863,hosp_covid_dis_covid_hours_for,67300,2020-10-11,Воскресенье,17:00,318,304,14,154,34,164,130
864,hosp_covid_dis_covid_hours_for,67301,2020-10-11,Воскресенье,18:00,348,333,15,167,67,181,114
865,hosp_covid_dis_covid_hours_for,67302,2020-10-11,Воскресенье,19:00,384,366,18,186,82,198,116
866,hosp_covid_dis_covid_hours_for,67303,2020-10-11,Воскресенье,20:00,410,391,19,201,87,209,122
867,hosp_covid_dis_covid_hours_for,67304,2020-10-11,Воскресенье,21:00,435,415,20,203,87,232,145
868,hosp_covid_dis_covid_hours_for,67305,2020-10-11,Воскресенье,22:00,466,443,23,206,87,260,173
869,hosp_covid_dis_covid_hours_for,67306,2020-10-11,Воскресенье,23:00,496,472,24,210,87,286,199
870,hosp_covid_dis_covid_hours_for,67308,2020-10-12,Понедельник,00:00,0,0,0,0,0,0,0
871,hosp_covid_dis_covid_hours_for,67309,2020-10-11,Воскресенье,сутки,521,497,24,212,87,309,222
872,hosp_covid_dis_covid_hours_for,67310,2020-10-12,Понедельник,01:00,17,17,0,2,0,15,15
873,hosp_covid_dis_covid_hours_for,67311,2020-10-12,Понедельник,02:00,49,48,1,2,0,47,47
874,hosp_covid_dis_covid_hours_for,67312,2020-10-12,Понедельник,03:00,74,72,2,3,0,71,71
875,hosp_covid_dis_covid_hours_for,67313,2020-10-12,Понедельник,04:00,95,92,3,4,0,91,91
876,hosp_covid_dis_covid_hours_for,67314,2020-10-12,Понедельник,05:00,107,104,3,5,0,102,102
877,hosp_covid_dis_covid_hours_for,67315,2020-10-12,Понедельник,06:00,117,114,3,8,0,109,109
878,hosp_covid_dis_covid_hours_for,67316,2020-10-12,Понедельник,07:00,126,123,3,9,0,117,117
879,hosp_covid_dis_covid_hours_for,67317,2020-10-12,Понедельник,08:00,135,133,2,9,0,126,126
880,hosp_covid_dis_covid_hours_for,67318,2020-10-12,Понедельник,09:00,141,140,1,17,0,124,124
881,hosp_covid_dis_covid_hours_for,67319,2020-10-12,Понедельник,10:00,147,146,1,40,0,107,107
882,hosp_covid_dis_covid_hours_for,67320,2020-10-12,Понедельник,11:00,163,161,2,75,0,88,88
883,hosp_covid_dis_covid_hours_for,67321,2020-10-12,Понедельник,12:00,174,171,3,122,2,52,50
884,hosp_covid_dis_covid_hours_for,67322,2020-10-12,Понедельник,13:00,203,198,5,188,8,15,7
885,hosp_covid_dis_covid_hours_for,67323,2020-10-12,Понедельник,14:00,226,220,6,280,14,-54,-68
886,hosp_covid_dis_covid_hours_for,67324,2020-10-12,Понедельник,15:00,262,253,9,345,21,-83,-104
887,hosp_covid_dis_covid_hours_for,67325,2020-10-12,Понедельник,16:00,292,283,9,414,37,-122,-159
888,hosp_covid_dis_covid_hours_for,67326,2020-10-12,Понедельник,17:00,336,324,12,446,51,-110,-161
889,hosp_covid_dis_covid_hours_for,67327,2020-10-12,Понедельник,18:00,369,354,15,480,51,-111,-162
890,hosp_covid_dis_covid_hours_for,67328,2020-10-12,Понедельник,19:00,400,378,22,509,53,-109,-162
891,hosp_covid_dis_covid_hours_for,67329,2020-10-12,Понедельник,20:00,441,416,25,527,53,-86,-139
892,hosp_covid_dis_covid_hours_for,67330,2020-10-12,Понедельник,21:00,491,464,27,529,61,-38,-99
893,hosp_covid_dis_covid_hours_for,67331,2020-10-12,Понедельник,22:01,523,493,30,531,61,-8,-69
894,hosp_covid_dis_covid_hours_for,67332,2020-10-12,Понедельник,23:00,561,529,32,534,61,27,-34
895,hosp_covid_dis_covid_hours_for,67334,2020-10-13,Вторник,00:00,0,0,0,0,0,0,0
896,hosp_covid_dis_covid_hours_for,67335,2020-10-12,Понедельник,сутки,593,556,37,535,61,58,-3
897,hosp_covid_dis_covid_hours_for,67336,2020-10-13,Вторник,01:00,22,21,1,2,0,20,20
898,hosp_covid_dis_covid_hours_for,67337,2020-10-13,Вторник,02:00,41,40,1,5,0,36,36
899,hosp_covid_dis_covid_hours_for,67338,2020-10-13,Вторник,03:00,60,58,2,5,0,55,55
900,hosp_covid_dis_covid_hours_for,67339,2020-10-13,Вторник,04:00,78,76,2,6,0,72,72
901,hosp_covid_dis_covid_hours_for,67340,2020-10-13,Вторник,05:00,93,91,2,6,0,87,87
902,hosp_covid_dis_covid_hours_for,67341,2020-10-13,Вторник,06:00,112,109,3,7,0,105,105
903,hosp_covid_dis_covid_hours_for,67342,2020-10-13,Вторник,07:00,123,118,5,8,0,115,115
904,hosp_covid_dis_covid_hours_for,67343,2020-10-13,Вторник,08:00,130,125,5,14,0,116,116
905,hosp_covid_dis_covid_hours_for,67344,2020-10-13,Вторник,09:00,132,127,5,19,0,113,113
906,hosp_covid_dis_covid_hours_for,67345,2020-10-13,Вторник,10:01,137,130,7,36,0,101,101
907,hosp_covid_dis_covid_hours_for,67346,2020-10-13,Вторник,11:00,155,146,9,80,0,75,75
908,hosp_covid_dis_covid_hours_for,67347,2020-10-13,Вторник,12:00,178,169,9,129,2,49,47
909,hosp_covid_dis_covid_hours_for,67348,2020-10-13,Вторник,13:00,229,217,12,204,2,25,23
910,hosp_covid_dis_covid_hours_for,67349,2020-10-13,Вторник,14:00,261,245,16,275,10,-14,-24
911,hosp_covid_dis_covid_hours_for,67350,2020-10-13,Вторник,15:00,293,274,19,381,23,-88,-111
912,hosp_covid_dis_covid_hours_for,67351,2020-10-13,Вторник,16:00,330,308,22,434,31,-104,-135
913,hosp_covid_dis_covid_hours_for,67352,2020-10-13,Вторник,17:00,370,342,28,453,39,-83,-122
914,hosp_covid_dis_covid_hours_for,67353,2020-10-13,Вторник,18:00,412,379,33,472,43,-60,-103
915,hosp_covid_dis_covid_hours_for,67354,2020-10-13,Вторник,19:00,497,456,41,499,48,-2,-50
916,hosp_covid_dis_covid_hours_for,67355,2020-10-13,Вторник,20:00,534,491,43,510,50,24,-26
917,hosp_covid_dis_covid_hours_for,67356,2020-10-13,Вторник,21:00,565,520,45,519,50,46,-4
918,hosp_covid_dis_covid_hours_for,67357,2020-10-13,Вторник,22:00,592,547,45,522,50,70,20
919,hosp_covid_dis_covid_hours_for,67358,2020-10-13,Вторник,23:00,619,574,45,526,50,93,43
920,hosp_covid_dis_covid_hours_for,67360,2020-10-14,Среда,00:00,0,0,0,0,0,0,0
921,hosp_covid_dis_covid_hours_for,67361,2020-10-13,Вторник,сутки,658,606,52,528,52,130,78
922,hosp_covid_dis_covid_hours_for,67362,2020-10-14,Среда,01:00,22,22,0,0,0,22,22
923,hosp_covid_dis_covid_hours_for,67363,2020-10-14,Среда,02:00,51,50,1,1,0,50,50
924,hosp_covid_dis_covid_hours_for,67364,2020-10-14,Среда,03:00,86,84,2,1,0,85,85
925,hosp_covid_dis_covid_hours_for,67365,2020-10-14,Среда,04:00,110,108,2,1,0,109,109
926,hosp_covid_dis_covid_hours_for,67366,2020-10-14,Среда,05:00,129,126,3,2,0,127,127
927,hosp_covid_dis_covid_hours_for,67367,2020-10-14,Среда,06:00,147,143,4,2,0,145,145
928,hosp_covid_dis_covid_hours_for,67368,2020-10-14,Среда,07:00,165,161,4,2,0,163,163
929,hosp_covid_dis_covid_hours_for,67369,2020-10-14,Среда,08:00,179,175,4,6,0,173,173
930,hosp_covid_dis_covid_hours_for,67370,2020-10-14,Среда,09:00,191,188,3,15,0,176,176
931,hosp_covid_dis_covid_hours_for,67371,2020-10-14,Среда,10:00,204,202,2,31,0,173,173
932,hosp_covid_dis_covid_hours_for,67372,2020-10-14,Среда,11:00,228,220,8,65,0,163,163
933,hosp_covid_dis_covid_hours_for,67373,2020-10-14,Среда,12:00,253,244,9,142,3,111,108
934,hosp_covid_dis_covid_hours_for,67374,2020-10-14,Среда,13:00,283,272,11,214,5,69,64
935,hosp_covid_dis_covid_hours_for,67375,2020-10-14,Среда,14:00,312,300,12,267,8,45,37
936,hosp_covid_dis_covid_hours_for,67376,2020-10-14,Среда,15:00,353,338,15,333,30,20,-10
937,hosp_covid_dis_covid_hours_for,67377,2020-10-14,Среда,16:00,387,370,17,404,45,-17,-62
938,hosp_covid_dis_covid_hours_for,67378,2020-10-14,Среда,17:00,409,387,22,423,48,-14,-62
939,hosp_covid_dis_covid_hours_for,67379,2020-10-14,Среда,18:00,449,428,21,445,51,4,-47
940,hosp_covid_dis_covid_hours_for,67380,2020-10-14,Среда,19:00,506,479,27,467,58,39,-19
941,hosp_covid_dis_covid_hours_for,67381,2020-10-14,Среда,20:00,571,539,32,473,59,98,39
942,hosp_covid_dis_covid_hours_for,67382,2020-10-14,Среда,21:00,613,578,35,475,59,138,79
943,hosp_covid_dis_covid_hours_for,67383,2020-10-14,Среда,22:00,653,614,39,484,59,169,110
944,hosp_covid_dis_covid_hours_for,67384,2020-10-14,Среда,23:00,695,654,41,488,59,207,148
945,hosp_covid_dis_covid_hours_for,67386,2020-10-15,Четверг,00:00,0,0,0,0,0,0,0
946,hosp_covid_dis_covid_hours_for,67387,2020-10-14,Среда,сутки,719,678,41,488,63,231,168
947,hosp_covid_dis_covid_hours_for,67388,2020-10-15,Четверг,01:00,24,23,1,6,0,18,18
948,hosp_covid_dis_covid_hours_for,67389,2020-10-15,Четверг,02:00,54,53,1,7,0,47,47
949,hosp_covid_dis_covid_hours_for,67390,2020-10-15,Четверг,03:00,85,84,1,9,0,76,76
950,hosp_covid_dis_covid_hours_for,67391,2020-10-15,Четверг,04:00,114,113,1,10,0,104,104
951,hosp_covid_dis_covid_hours_for,67392,2020-10-15,Четверг,05:00,135,133,2,10,0,125,125
952,hosp_covid_dis_covid_hours_for,67393,2020-10-15,Четверг,06:00,157,154,3,10,0,147,147
953,hosp_covid_dis_covid_hours_for,67394,2020-10-15,Четверг,07:00,173,170,3,13,0,160,160
954,hosp_covid_dis_covid_hours_for,67395,2020-10-15,Четверг,08:00,185,182,3,15,0,170,170
955,hosp_covid_dis_covid_hours_for,67396,2020-10-15,Четверг,09:00,200,196,4,21,0,179,179
956,hosp_covid_dis_covid_hours_for,67397,2020-10-15,Четверг,10:00,220,215,5,37,0,183,183
957,hosp_covid_dis_covid_hours_for,67398,2020-10-15,Четверг,11:00,240,234,6,92,0,148,148
958,hosp_covid_dis_covid_hours_for,67399,2020-10-15,Четверг,12:00,263,256,7,161,2,102,100
959,hosp_covid_dis_covid_hours_for,67400,2020-10-15,Четверг,13:00,292,285,7,219,9,73,64
960,hosp_covid_dis_covid_hours_for,67401,2020-10-15,Четверг,14:00,335,326,9,288,16,47,31
961,hosp_covid_dis_covid_hours_for,67403,2020-10-15,Четверг,15:00,366,353,13,399,41,-33,-74
962,hosp_covid_dis_covid_hours_for,67404,2020-10-15,Четверг,17:00,445,426,19,493,55,-48,-103
963,hosp_covid_dis_covid_hours_for,67405,2020-10-15,Четверг,18:00,487,466,21,511,56,-24,-80
964,hosp_covid_dis_covid_hours_for,67406,2020-10-15,Четверг,19:00,540,514,26,522,61,18,-43
965,hosp_covid_dis_covid_hours_for,67407,2020-10-15,Четверг,16:00,435,416,19,486,55,-51,-92
966,hosp_covid_dis_covid_hours_for,67408,2020-10-15,Четверг,20:00,577,547,30,527,65,50,-15
967,hosp_covid_dis_covid_hours_for,67409,2020-10-15,Четверг,21:00,620,586,34,529,65,91,26
968,hosp_covid_dis_covid_hours_for,67410,2020-10-15,Четверг,22:00,669,634,35,531,65,138,73
969,hosp_covid_dis_covid_hours_for,67411,2020-10-15,Четверг,23:00,711,675,36,532,65,179,114
970,hosp_covid_dis_covid_hours_for,67413,2020-10-16,Пятница,00:00,0,0,0,0,0,0,0
971,hosp_covid_dis_covid_hours_for,67414,2020-10-15,Четверг,сутки,749,711,38,533,69,216,147
972,hosp_covid_dis_covid_hours_for,67415,2020-10-16,Пятница,01:00,22,22,0,1,0,21,21
973,hosp_covid_dis_covid_hours_for,67416,2020-10-16,Пятница,02:00,58,56,2,2,0,56,56
974,hosp_covid_dis_covid_hours_for,67417,2020-10-16,Пятница,03:00,87,84,3,2,0,85,85
975,hosp_covid_dis_covid_hours_for,67418,2020-10-16,Пятница,04:00,110,107,3,5,0,105,105
976,hosp_covid_dis_covid_hours_for,67419,2020-10-16,Пятница,05:00,136,133,3,5,0,131,131
977,hosp_covid_dis_covid_hours_for,67420,2020-10-16,Пятница,06:00,153,150,3,7,0,146,146
978,hosp_covid_dis_covid_hours_for,67421,2020-10-16,Пятница,07:00,164,161,3,8,0,156,156
979,hosp_covid_dis_covid_hours_for,67422,2020-10-16,Пятница,08:00,178,174,4,14,0,164,164
980,hosp_covid_dis_covid_hours_for,67423,2020-10-16,Пятница,09:00,185,181,4,23,0,162,162
981,hosp_covid_dis_covid_hours_for,67424,2020-10-16,Пятница,10:00,192,188,4,62,0,130,130
982,hosp_covid_dis_covid_hours_for,67425,2020-10-16,Пятница,11:00,203,199,4,141,0,62,62
983,hosp_covid_dis_covid_hours_for,67426,2020-10-16,Пятница,12:00,225,221,4,188,3,37,34
984,hosp_covid_dis_covid_hours_for,67427,2020-10-16,Пятница,13:00,258,253,5,275,5,-17,-22
985,hosp_covid_dis_covid_hours_for,67428,2020-10-16,Пятница,14:00,290,282,8,393,19,-103,-122
986,hosp_covid_dis_covid_hours_for,67429,2020-10-16,Пятница,15:01,347,336,11,488,36,-141,-177
987,hosp_covid_dis_covid_hours_for,67430,2020-10-16,Пятница,16:00,395,381,14,596,58,-201,-259
988,hosp_covid_dis_covid_hours_for,67431,2020-10-16,Пятница,17:00,436,421,15,653,63,-217,-280
989,hosp_covid_dis_covid_hours_for,67432,2020-10-16,Пятница,18:00,479,460,19,685,65,-206,-271
990,hosp_covid_dis_covid_hours_for,67433,2020-10-16,Пятница,19:00,514,495,19,695,66,-181,-247
991,hosp_covid_dis_covid_hours_for,67434,2020-10-16,Пятница,20:00,561,534,27,701,66,-140,-206
992,hosp_covid_dis_covid_hours_for,67435,2020-10-16,Пятница,21:00,606,574,32,703,66,-97,-163
993,hosp_covid_dis_covid_hours_for,67436,2020-10-16,Пятница,22:00,651,615,36,708,66,-57,-123
994,hosp_covid_dis_covid_hours_for,67437,2020-10-16,Пятница,23:00,694,656,38,707,66,-13,-79
995,hosp_covid_dis_covid_hours_for,67439,2020-10-17,Суббота,00:00,0,0,0,0,0,0,0
996,hosp_covid_dis_covid_hours_for,67440,2020-10-16,Пятница,сутки,729,689,40,712,66,17,-49
997,hosp_covid_dis_covid_hours_for,67441,2020-10-17,Суббота,01:00,27,27,0,6,0,21,21
998,hosp_covid_dis_covid_hours_for,67442,2020-10-17,Суббота,02:00,60,60,0,6,0,54,54
999,hosp_covid_dis_covid_hours_for,67443,2020-10-17,Суббота,03:00,92,91,1,6,0,86,86
1000,hosp_covid_dis_covid_hours_for,67444,2020-10-17,Суббота,04:00,117,116,1,6,0,111,111
1001,hosp_covid_dis_covid_hours_for,67446,2020-10-17,Суббота,05:00,136,133,3,9,0,127,127
1002,hosp_covid_dis_covid_hours_for,67447,2020-10-17,Суббота,08:00,180,176,4,13,0,167,167
1003,hosp_covid_dis_covid_hours_for,67448,2020-10-17,Суббота,09:00,195,191,4,33,0,162,162
1004,hosp_covid_dis_covid_hours_for,67449,2020-10-17,Суббота,10:00,209,202,7,58,4,151,147
1005,hosp_covid_dis_covid_hours_for,67450,2020-10-17,Суббота,11:00,224,214,10,72,4,152,148
1006,hosp_covid_dis_covid_hours_for,67451,2020-10-17,Суббота,12:00,254,241,13,117,16,137,121
1007,hosp_covid_dis_covid_hours_for,67452,2020-10-17,Суббота,13:00,285,271,14,178,22,107,85
1008,hosp_covid_dis_covid_hours_for,67453,2020-10-17,Суббота,14:00,322,307,15,236,41,86,45
1009,hosp_covid_dis_covid_hours_for,67454,2020-10-17,Суббота,15:00,360,346,14,272,49,88,39
1010,hosp_covid_dis_covid_hours_for,67455,2020-10-17,Суббота,16:00,395,377,18,286,55,109,54
1011,hosp_covid_dis_covid_hours_for,67456,2020-10-17,Суббота,17:00,436,416,20,301,55,135,80
1012,hosp_covid_dis_covid_hours_for,67457,2020-10-17,Суббота,18:00,474,453,21,306,55,168,113
1013,hosp_covid_dis_covid_hours_for,67458,2020-10-17,Суббота,19:00,497,475,22,323,59,174,115
1014,hosp_covid_dis_covid_hours_for,67459,2020-10-17,Суббота,20:00,532,509,23,333,59,199,140
1015,hosp_covid_dis_covid_hours_for,67460,2020-10-17,Суббота,21:00,561,535,26,336,59,225,166
1016,hosp_covid_dis_covid_hours_for,67461,2020-10-17,Суббота,22:00,602,573,29,340,59,262,203
1017,hosp_covid_dis_covid_hours_for,67462,2020-10-17,Суббота,23:00,636,605,31,340,59,296,237
1018,hosp_covid_dis_covid_hours_for,67464,2020-10-18,Воскресенье,00:00,0,0,0,0,0,0,0
1019,hosp_covid_dis_covid_hours_for,67465,2020-10-17,Суббота,сутки,661,630,31,344,72,317,245
1020,hosp_covid_dis_covid_hours_for,67466,2020-10-18,Воскресенье,01:00,26,26,0,0,0,26,26
1021,hosp_covid_dis_covid_hours_for,67467,2020-10-18,Воскресенье,02:00,61,61,0,2,0,59,59
1022,hosp_covid_dis_covid_hours_for,67468,2020-10-18,Воскресенье,03:00,90,89,1,3,0,87,87
1023,hosp_covid_dis_covid_hours_for,67469,2020-10-18,Воскресенье,04:00,115,113,2,4,0,111,111
1024,hosp_covid_dis_covid_hours_for,67470,2020-10-18,Воскресенье,05:00,130,126,4,5,0,125,125
1025,hosp_covid_dis_covid_hours_for,67471,2020-10-18,Воскресенье,06:00,141,136,5,5,0,136,136
1026,hosp_covid_dis_covid_hours_for,67473,2020-10-18,Воскресенье,07:00,158,152,6,9,0,149,149
1027,hosp_covid_dis_covid_hours_for,67474,2020-10-18,Воскресенье,09:00,184,176,8,16,0,168,168
1028,hosp_covid_dis_covid_hours_for,67475,2020-10-18,Воскресенье,10:00,192,182,10,24,0,168,168
1029,hosp_covid_dis_covid_hours_for,67476,2020-10-18,Воскресенье,11:00,207,196,11,35,0,172,172
1030,hosp_covid_dis_covid_hours_for,67477,2020-10-18,Воскресенье,12:00,227,214,13,58,12,169,157
1031,hosp_covid_dis_covid_hours_for,67478,2020-10-18,Воскресенье,13:00,254,240,14,132,16,122,106
1032,hosp_covid_dis_covid_hours_for,67479,2020-10-18,Воскресенье,14:00,284,267,17,171,35,113,78
1033,hosp_covid_dis_covid_hours_for,67480,2020-10-18,Воскресенье,15:00,310,289,21,208,42,102,60
1034,hosp_covid_dis_covid_hours_for,67481,2020-10-18,Воскресенье,16:00,345,320,25,220,56,125,69
1035,hosp_covid_dis_covid_hours_for,67482,2020-10-18,Воскресенье,17:00,394,364,30,234,62,160,98
1036,hosp_covid_dis_covid_hours_for,67483,2020-10-18,Воскресенье,18:00,422,392,30,241,66,181,115
1037,hosp_covid_dis_covid_hours_for,67484,2020-10-18,Воскресенье,19:00,463,427,36,251,67,212,145
1038,hosp_covid_dis_covid_hours_for,67485,2020-10-18,Воскресенье,20:00,494,456,38,256,69,238,169
1039,hosp_covid_dis_covid_hours_for,67486,2020-10-18,Воскресенье,21:00,531,493,38,259,69,272,203
1040,hosp_covid_dis_covid_hours_for,67487,2020-10-18,Воскресенье,22:00,565,522,43,261,81,304,223
1041,hosp_covid_dis_covid_hours_for,67488,2020-10-18,Воскресенье,23:00,597,551,46,264,81,333,252
1042,hosp_covid_dis_covid_hours_for,67490,2020-10-19,Понедельник,00:00,0,0,0,0,0,0,0
1043,hosp_covid_dis_covid_hours_for,67491,2020-10-18,Воскресенье,сутки,623,575,48,267,81,356,275
1044,hosp_covid_dis_covid_hours_for,67492,2020-10-19,Понедельник,01:00,15,15,0,2,0,13,13
1045,hosp_covid_dis_covid_hours_for,67493,2020-10-19,Понедельник,02:00,35,34,1,4,0,31,31
1046,hosp_covid_dis_covid_hours_for,67494,2020-10-19,Понедельник,03:00,57,54,3,5,0,52,52
1047,hosp_covid_dis_covid_hours_for,67495,2020-10-19,Понедельник,04:00,73,70,3,5,0,68,68
1048,hosp_covid_dis_covid_hours_for,67496,2020-10-19,Понедельник,05:00,86,83,3,5,0,81,81
1049,hosp_covid_dis_covid_hours_for,67497,2020-10-19,Понедельник,06:00,89,86,3,5,0,84,84
1050,hosp_covid_dis_covid_hours_for,67498,2020-10-19,Понедельник,07:00,99,96,3,6,0,93,93
1051,hosp_covid_dis_covid_hours_for,67500,2020-10-19,Понедельник,08:00,108,105,3,12,0,96,96
1052,hosp_covid_dis_covid_hours_for,67501,2020-10-19,Понедельник,10:00,131,126,5,37,0,94,94
1053,hosp_covid_dis_covid_hours_for,67502,2020-10-19,Понедельник,11:00,144,141,3,94,0,50,50
1054,hosp_covid_dis_covid_hours_for,67503,2020-10-19,Понедельник,12:00,167,163,4,176,2,-9,-11
1055,hosp_covid_dis_covid_hours_for,67504,2020-10-19,Понедельник,13:00,206,197,9,315,5,-109,-114
1056,hosp_covid_dis_covid_hours_for,67505,2020-10-19,Понедельник,14:00,242,229,13,431,10,-189,-199
1057,hosp_covid_dis_covid_hours_for,67506,2020-10-19,Понедельник,15:00,286,263,23,550,41,-264,-305
1058,hosp_covid_dis_covid_hours_for,67507,2020-10-19,Понедельник,16:00,328,302,26,669,78,-341,-419
1059,hosp_covid_dis_covid_hours_for,67508,2020-10-19,Понедельник,17:00,376,349,27,713,90,-337,-427
1060,hosp_covid_dis_covid_hours_for,67509,2020-10-19,Понедельник,18:00,426,391,35,729,94,-303,-397
1061,hosp_covid_dis_covid_hours_for,67510,2020-10-19,Понедельник,19:00,481,440,41,752,94,-271,-365
1062,hosp_covid_dis_covid_hours_for,67511,2020-10-19,Понедельник,20:00,533,488,45,767,98,-234,-332
1063,hosp_covid_dis_covid_hours_for,67512,2020-10-19,Понедельник,21:00,576,525,51,772,98,-196,-294
1064,hosp_covid_dis_covid_hours_for,67513,2020-10-19,Понедельник,22:00,576,525,51,772,98,-196,-294
1065,hosp_covid_dis_covid_hours_for,67514,2020-10-19,Понедельник,23:00,606,553,53,776,98,-170,-268
1066,hosp_covid_dis_covid_hours_for,67516,2020-10-20,Вторник,00:00,0,0,0,0,0,0,0
1067,hosp_covid_dis_covid_hours_for,67517,2020-10-19,Понедельник,сутки,658,601,57,789,101,-131,-232
1068,hosp_covid_dis_covid_hours_for,67518,2020-10-20,Вторник,01:00,25,25,0,0,0,25,25
1069,hosp_covid_dis_covid_hours_for,67519,2020-10-20,Вторник,02:00,56,56,0,1,0,55,55
1070,hosp_covid_dis_covid_hours_for,67520,2020-10-20,Вторник,03:00,86,86,0,1,0,85,85
1071,hosp_covid_dis_covid_hours_for,67521,2020-10-20,Вторник,04:00,111,110,1,2,0,109,109
1072,hosp_covid_dis_covid_hours_for,67522,2020-10-20,Вторник,05:00,142,141,1,2,0,140,140
1073,hosp_covid_dis_covid_hours_for,67523,2020-10-20,Вторник,06:00,173,172,1,2,0,171,171
1074,hosp_covid_dis_covid_hours_for,67524,2020-10-20,Вторник,07:00,194,193,1,5,0,189,189
1075,hosp_covid_dis_covid_hours_for,67525,2020-10-20,Вторник,08:00,218,217,1,8,0,210,210
1076,hosp_covid_dis_covid_hours_for,67526,2020-10-20,Вторник,09:00,237,236,1,21,0,216,216
1077,hosp_covid_dis_covid_hours_for,67527,2020-10-20,Вторник,10:00,258,255,3,54,0,204,204
1078,hosp_covid_dis_covid_hours_for,67528,2020-10-19,Понедельник,09:00,122,118,4,26,0,96,96
1079,hosp_covid_dis_covid_hours_for,67529,2020-10-20,Вторник,11:00,282,278,4,111,0,171,171
1080,hosp_covid_dis_covid_hours_for,67530,2020-10-20,Вторник,12:00,310,300,10,206,1,104,103
1081,hosp_covid_dis_covid_hours_for,67531,2020-10-20,Вторник,13:00,354,337,17,315,11,39,28
1082,hosp_covid_dis_covid_hours_for,67532,2020-10-20,Вторник,14:00,391,368,23,437,36,-46,-82
1083,hosp_covid_dis_covid_hours_for,67533,2020-10-20,Вторник,15:00,425,395,30,571,68,-146,-214
1084,hosp_covid_dis_covid_hours_for,67534,2020-10-20,Вторник,16:00,475,444,31,698,77,-223,-300
1085,hosp_covid_dis_covid_hours_for,67535,2020-10-20,Вторник,17:00,535,498,37,754,105,-219,-324
1086,hosp_covid_dis_covid_hours_for,67536,2020-10-20,Вторник,18:00,587,547,40,792,115,-205,-320
1087,hosp_covid_dis_covid_hours_for,67537,2020-10-20,Вторник,19:00,642,600,42,814,124,-172,-296
1088,hosp_covid_dis_covid_hours_for,67538,2020-10-20,Вторник,20:00,693,645,48,830,125,-137,-262
1089,hosp_covid_dis_covid_hours_for,67539,2020-10-20,Вторник,21:00,746,698,48,835,125,-89,-214
1090,hosp_covid_dis_covid_hours_for,67540,2020-10-20,Вторник,22:00,787,736,51,844,125,-57,-182
1091,hosp_covid_dis_covid_hours_for,67541,2020-10-20,Вторник,23:00,818,765,53,844,125,-26,-151
1092,hosp_covid_dis_covid_hours_for,67543,2020-10-21,Среда,00:01,0,0,0,0,0,0,0
1093,hosp_covid_dis_covid_hours_for,67544,2020-10-20,Вторник,сутки,860,802,58,848,125,12,-113
1094,hosp_covid_dis_covid_hours_for,67545,2020-10-21,Среда,01:00,30,29,1,5,0,25,25
1095,hosp_covid_dis_covid_hours_for,67546,2020-10-21,Среда,02:01,56,55,1,5,0,51,51
1096,hosp_covid_dis_covid_hours_for,67547,2020-10-21,Среда,03:00,84,83,1,7,0,77,77
1097,hosp_covid_dis_covid_hours_for,67548,2020-10-21,Среда,04:00,107,106,1,7,0,100,100
1098,hosp_covid_dis_covid_hours_for,67549,2020-10-21,Среда,05:00,132,129,3,7,0,125,125
1099,hosp_covid_dis_covid_hours_for,67550,2020-10-21,Среда,06:00,149,146,3,7,0,142,142
1100,hosp_covid_dis_covid_hours_for,67551,2020-10-21,Среда,07:00,167,164,3,11,0,156,156
1101,hosp_covid_dis_covid_hours_for,67552,2020-10-21,Среда,08:00,182,179,3,16,0,166,166
1102,hosp_covid_dis_covid_hours_for,67553,2020-10-21,Среда,09:00,195,191,4,34,0,161,161
1103,hosp_covid_dis_covid_hours_for,67554,2020-10-21,Среда,10:00,201,199,2,60,0,141,141
1104,hosp_covid_dis_covid_hours_for,67555,2020-10-21,Среда,11:00,221,217,4,132,0,89,89
1105,hosp_covid_dis_covid_hours_for,67556,2020-10-21,Среда,12:00,247,240,7,203,3,44,41
1106,hosp_covid_dis_covid_hours_for,67557,2020-10-21,Среда,13:00,293,281,12,302,12,-9,-21
1107,hosp_covid_dis_covid_hours_for,67558,2020-10-21,Среда,14:00,336,322,14,447,20,-111,-131
1108,hosp_covid_dis_covid_hours_for,67559,2020-10-21,Среда,15:00,395,377,18,566,48,-171,-219
1109,hosp_covid_dis_covid_hours_for,67560,2020-10-21,Среда,16:00,456,430,26,638,82,-182,-264
1110,hosp_covid_dis_covid_hours_for,67561,2020-10-21,Среда,17:00,502,473,29,702,96,-200,-296
1111,hosp_covid_dis_covid_hours_for,67562,2020-10-21,Среда,18:00,559,521,38,734,106,-175,-281
1112,hosp_covid_dis_covid_hours_for,67563,2020-10-21,Среда,19:00,609,569,40,750,106,-141,-247
1113,hosp_covid_dis_covid_hours_for,67564,2020-10-21,Среда,20:00,666,623,43,763,106,-97,-203
1114,hosp_covid_dis_covid_hours_for,67565,2020-10-21,Среда,21:00,710,666,44,766,106,-56,-162
1115,hosp_covid_dis_covid_hours_for,67566,2020-10-21,Среда,22:00,753,707,46,772,122,-19,-141
1116,hosp_covid_dis_covid_hours_for,67567,2020-10-21,Среда,23:00,789,741,48,779,122,10,-112
1117,hosp_covid_dis_covid_hours_for,67569,2020-10-22,Четверг,00:00,0,0,0,0,0,0,0
1118,hosp_covid_dis_covid_hours_for,67570,2020-10-21,Среда,сутки,832,785,47,784,122,48,-74
1119,hosp_covid_dis_covid_hours_for,67571,2020-10-22,Четверг,01:00,25,24,1,4,0,21,21
1120,hosp_covid_dis_covid_hours_for,67572,2020-10-22,Четверг,02:00,62,60,2,6,0,56,56
1121,hosp_covid_dis_covid_hours_for,67573,2020-10-22,Четверг,03:00,95,93,2,6,0,89,89
1122,hosp_covid_dis_covid_hours_for,67574,2020-10-22,Четверг,04:00,124,122,2,13,0,111,111
1123,hosp_covid_dis_covid_hours_for,67575,2020-10-22,Четверг,05:00,156,154,2,19,0,137,137
1124,hosp_covid_dis_covid_hours_for,67576,2020-10-22,Четверг,06:00,179,177,2,20,0,159,159
1125,hosp_covid_dis_covid_hours_for,67577,2020-10-22,Четверг,07:00,194,192,2,26,0,168,168
1126,hosp_covid_dis_covid_hours_for,67578,2020-10-22,Четверг,08:01,206,204,2,32,2,174,172
1127,hosp_covid_dis_covid_hours_for,67579,2020-10-22,Четверг,09:00,215,213,2,39,2,176,174
1128,hosp_covid_dis_covid_hours_for,67580,2020-10-22,Четверг,10:00,220,218,2,71,2,149,147
1129,hosp_covid_dis_covid_hours_for,67581,2020-10-22,Четверг,11:00,237,234,3,127,2,110,108
1130,hosp_covid_dis_covid_hours_for,67582,2020-10-22,Четверг,12:00,264,258,6,194,5,70,65
1131,hosp_covid_dis_covid_hours_for,67583,2020-10-22,Четверг,13:00,313,303,10,302,11,11,0
1132,hosp_covid_dis_covid_hours_for,67584,2020-10-22,Четверг,14:00,363,350,13,433,37,-70,-107
1133,hosp_covid_dis_covid_hours_for,67585,2020-10-22,Четверг,15:00,417,400,17,553,60,-136,-196
1134,hosp_covid_dis_covid_hours_for,67586,2020-10-22,Четверг,16:00,454,434,20,643,97,-189,-286
1135,hosp_covid_dis_covid_hours_for,67587,2020-10-22,Четверг,17:00,495,473,22,697,117,-202,-319
1136,hosp_covid_dis_covid_hours_for,67588,2020-10-22,Четверг,18:00,539,514,25,732,136,-193,-329
1137,hosp_covid_dis_covid_hours_for,67589,2020-10-22,Четверг,19:00,587,560,27,755,140,-168,-308
1138,hosp_covid_dis_covid_hours_for,67590,2020-10-22,Четверг,20:00,631,599,32,762,140,-131,-271
1139,hosp_covid_dis_covid_hours_for,67591,2020-10-22,Четверг,21:01,677,644,33,770,140,-93,-233
1140,hosp_covid_dis_covid_hours_for,67592,2020-10-22,Четверг,22:00,712,678,34,771,140,-59,-199
1141,hosp_covid_dis_covid_hours_for,67593,2020-10-22,Четверг,23:00,767,729,38,775,140,-8,-148
1142,hosp_covid_dis_covid_hours_for,67595,2020-10-23,Пятница,00:00,0,0,0,0,0,0,0
1143,hosp_covid_dis_covid_hours_for,67596,2020-10-22,Четверг,сутки,809,770,39,776,140,33,-107
1144,hosp_covid_dis_covid_hours_for,67597,2020-10-23,Пятница,01:00,26,26,0,0,0,26,26
1145,hosp_covid_dis_covid_hours_for,67598,2020-10-23,Пятница,02:00,57,57,0,0,0,57,57
1146,hosp_covid_dis_covid_hours_for,67599,2020-10-23,Пятница,03:00,95,94,1,1,0,94,94
1147,hosp_covid_dis_covid_hours_for,67600,2020-10-23,Пятница,04:00,118,115,3,6,0,112,112
1148,hosp_covid_dis_covid_hours_for,67601,2020-10-23,Пятница,05:00,142,139,3,7,0,135,135
1149,hosp_covid_dis_covid_hours_for,67602,2020-10-23,Пятница,06:00,159,156,3,8,0,151,151
1150,hosp_covid_dis_covid_hours_for,67603,2020-10-23,Пятница,07:00,182,179,3,12,0,170,170
1151,hosp_covid_dis_covid_hours_for,67604,2020-10-23,Пятница,08:00,194,191,3,17,0,177,177
1152,hosp_covid_dis_covid_hours_for,67605,2020-10-23,Пятница,09:00,207,204,3,25,0,182,182
1153,hosp_covid_dis_covid_hours_for,67606,2020-10-23,Пятница,10:00,220,216,4,54,0,166,166
1154,hosp_covid_dis_covid_hours_for,67607,2020-10-23,Пятница,11:00,234,228,6,147,1,87,86
1155,hosp_covid_dis_covid_hours_for,67608,2020-10-23,Пятница,12:01,277,270,7,270,12,7,-5
1156,hosp_covid_dis_covid_hours_for,67609,2020-10-23,Пятница,13:00,318,311,7,404,26,-86,-112
1157,hosp_covid_dis_covid_hours_for,67610,2020-10-23,Пятница,14:00,365,352,13,510,42,-145,-187
1158,hosp_covid_dis_covid_hours_for,67611,2020-10-23,Пятница,15:00,418,399,19,637,68,-219,-287
1159,hosp_covid_dis_covid_hours_for,67612,2020-10-23,Пятница,16:00,478,450,28,757,99,-279,-378
1160,hosp_covid_dis_covid_hours_for,67613,2020-10-23,Пятница,17:00,537,506,31,833,107,-296,-403
1161,hosp_covid_dis_covid_hours_for,67614,2020-10-23,Пятница,18:00,594,559,35,886,119,-292,-411
1162,hosp_covid_dis_covid_hours_for,67615,2020-10-23,Пятница,19:00,648,607,41,901,121,-253,-374
1163,hosp_covid_dis_covid_hours_for,67616,2020-10-23,Пятница,20:00,708,662,46,911,122,-203,-325
1164,hosp_covid_dis_covid_hours_for,67617,2020-10-23,Пятница,21:00,745,695,50,918,122,-173,-295
1165,hosp_covid_dis_covid_hours_for,67618,2020-10-23,Пятница,22:00,793,739,54,921,122,-128,-250
1166,hosp_covid_dis_covid_hours_for,67619,2020-10-23,Пятница,23:00,844,789,55,924,125,-80,-205
1167,hosp_covid_dis_covid_hours_for,67621,2020-10-24,Суббота,00:00,0,0,0,0,0,0,0
1168,hosp_covid_dis_covid_hours_for,67622,2020-10-23,Пятница,сутки,881,825,56,926,125,-45,-170
1169,hosp_covid_dis_covid_hours_for,67623,2020-10-24,Суббота,01:00,27,27,0,4,0,23,23
1170,hosp_covid_dis_covid_hours_for,67624,2020-10-24,Суббота,02:00,59,58,1,10,0,49,49
1171,hosp_covid_dis_covid_hours_for,67625,2020-10-24,Суббота,03:00,97,96,1,14,0,83,83
1172,hosp_covid_dis_covid_hours_for,67626,2020-10-24,Суббота,04:01,126,125,1,16,0,110,110
1173,hosp_covid_dis_covid_hours_for,67627,2020-10-24,Суббота,05:00,159,158,1,17,0,142,142
1174,hosp_covid_dis_covid_hours_for,67628,2020-10-24,Суббота,06:00,175,174,1,17,0,158,158
1175,hosp_covid_dis_covid_hours_for,67629,2020-10-24,Суббота,07:00,186,185,1,19,0,167,167
1176,hosp_covid_dis_covid_hours_for,67630,2020-10-24,Суббота,08:00,197,196,1,23,0,174,174
1177,hosp_covid_dis_covid_hours_for,67631,2020-10-24,Суббота,09:00,205,204,1,34,0,171,171
1178,hosp_covid_dis_covid_hours_for,67632,2020-10-24,Суббота,10:00,214,213,1,65,6,149,143
1179,hosp_covid_dis_covid_hours_for,67633,2020-10-24,Суббота,11:00,233,229,4,120,12,113,101
1180,hosp_covid_dis_covid_hours_for,67634,2020-10-24,Суббота,12:00,268,260,8,172,22,96,74
1181,hosp_covid_dis_covid_hours_for,67635,2020-10-24,Суббота,13:00,302,293,9,252,32,50,18
1182,hosp_covid_dis_covid_hours_for,67636,2020-10-24,Суббота,14:00,350,337,13,298,49,52,3
1183,hosp_covid_dis_covid_hours_for,67637,2020-10-24,Суббота,15:00,397,382,15,358,79,39,-40
1184,hosp_covid_dis_covid_hours_for,67638,2020-10-24,Суббота,16:00,447,431,16,392,105,55,-50
1185,hosp_covid_dis_covid_hours_for,67639,2020-10-24,Суббота,17:00,497,481,16,409,109,88,-21
1186,hosp_covid_dis_covid_hours_for,67640,2020-10-24,Суббота,18:00,544,526,18,422,109,122,13
1187,hosp_covid_dis_covid_hours_for,67641,2020-10-24,Суббота,19:00,587,568,19,429,112,158,46
1188,hosp_covid_dis_covid_hours_for,67642,2020-10-24,Суббота,20:00,625,604,21,445,114,180,66
1189,hosp_covid_dis_covid_hours_for,67643,2020-10-24,Суббота,21:00,659,634,25,452,114,207,93
1190,hosp_covid_dis_covid_hours_for,67644,2020-10-24,Суббота,22:00,691,664,27,457,114,234,120
1191,hosp_covid_dis_covid_hours_for,67645,2020-10-24,Суббота,23:00,726,697,29,462,125,264,139
1192,hosp_covid_dis_covid_hours_for,67647,2020-10-25,Воскресенье,00:00,0,0,0,0,0,0,0
1193,hosp_covid_dis_covid_hours_for,67648,2020-10-24,Суббота,сутки,764,735,29,466,125,298,173
1194,hosp_covid_dis_covid_hours_for,67649,2020-10-25,Воскресенье,01:00,15,15,0,1,0,14,14
1195,hosp_covid_dis_covid_hours_for,67650,2020-10-25,Воскресенье,02:00,45,45,0,2,0,43,43
1196,hosp_covid_dis_covid_hours_for,67652,2020-10-25,Воскресенье,03:00,68,68,0,2,0,66,66
1197,hosp_covid_dis_covid_hours_for,67653,2020-10-25,Воскресенье,05:00,118,117,1,4,0,114,114
1198,hosp_covid_dis_covid_hours_for,67654,2020-10-25,Воскресенье,06:00,131,130,1,5,0,126,126
1199,hosp_covid_dis_covid_hours_for,67655,2020-10-25,Воскресенье,07:00,147,146,1,7,0,140,140
1200,hosp_covid_dis_covid_hours_for,67656,2020-10-25,Воскресенье,08:00,158,157,1,15,0,143,143
1201,hosp_covid_dis_covid_hours_for,67657,2020-10-25,Воскресенье,09:00,172,170,2,30,1,142,141
1202,hosp_covid_dis_covid_hours_for,67658,2020-10-25,Воскресенье,10:00,180,176,4,50,1,130,129
1203,hosp_covid_dis_covid_hours_for,67659,2020-10-25,Воскресенье,11:00,199,193,6,86,4,113,109
1204,hosp_covid_dis_covid_hours_for,67660,2020-10-25,Воскресенье,12:00,223,214,9,121,15,102,87
1205,hosp_covid_dis_covid_hours_for,67661,2020-10-25,Воскресенье,13:00,253,242,11,199,32,54,22
1206,hosp_covid_dis_covid_hours_for,67662,2020-10-25,Воскресенье,14:00,303,285,18,232,44,71,27
1207,hosp_covid_dis_covid_hours_for,67663,2020-10-25,Воскресенье,15:00,348,324,24,247,52,101,49
1208,hosp_covid_dis_covid_hours_for,67664,2020-10-25,Воскресенье,16:00,395,370,25,275,66,120,54
1209,hosp_covid_dis_covid_hours_for,67665,2020-10-25,Воскресенье,17:00,419,389,30,284,71,135,64
1210,hosp_covid_dis_covid_hours_for,67666,2020-10-25,Воскресенье,18:00,456,422,34,308,74,148,74
1211,hosp_covid_dis_covid_hours_for,67667,2020-10-25,Воскресенье,19:00,492,455,37,316,74,176,102
1212,hosp_covid_dis_covid_hours_for,67668,2020-10-25,Воскресенье,20:00,534,497,37,324,81,210,129
1213,hosp_covid_dis_covid_hours_for,67669,2020-10-25,Воскресенье,21:00,570,532,38,333,81,237,156
1214,hosp_covid_dis_covid_hours_for,67670,2020-10-25,Воскресенье,22:00,599,561,38,335,81,264,183
1215,hosp_covid_dis_covid_hours_for,67671,2020-10-25,Воскресенье,23:00,627,586,41,339,82,288,206
1216,hosp_covid_dis_covid_hours_for,67673,2020-10-26,Понедельник,00:00,0,0,0,0,0,0,0
1217,hosp_covid_dis_covid_hours_for,67674,2020-10-25,Воскресенье,сутки,663,619,44,343,82,320,238
1218,hosp_covid_dis_covid_hours_for,67675,2020-10-26,Понедельник,01:00,21,21,0,1,0,20,20
1219,hosp_covid_dis_covid_hours_for,67676,2020-10-26,Понедельник,02:00,46,45,1,3,0,43,43
1220,hosp_covid_dis_covid_hours_for,67677,2020-10-26,Понедельник,03:00,70,67,3,9,0,61,61
1221,hosp_covid_dis_covid_hours_for,67678,2020-10-26,Понедельник,04:00,87,84,3,9,0,78,78
1222,hosp_covid_dis_covid_hours_for,67679,2020-10-26,Понедельник,05:00,98,95,3,10,0,88,88
1223,hosp_covid_dis_covid_hours_for,67680,2020-10-26,Понедельник,06:00,106,103,3,12,0,94,94
1224,hosp_covid_dis_covid_hours_for,67681,2020-10-26,Понедельник,07:00,116,112,4,16,0,100,100
1225,hosp_covid_dis_covid_hours_for,67684,2020-10-26,Понедельник,08:00,128,124,4,21,0,107,107
1226,hosp_covid_dis_covid_hours_for,67686,2020-10-26,Понедельник,09:00,140,136,4,37,0,103,103
1227,hosp_covid_dis_covid_hours_for,67687,2020-10-26,Понедельник,10:00,151,147,4,67,0,84,84
1228,hosp_covid_dis_covid_hours_for,67688,2020-10-26,Понедельник,12:00,209,196,13,240,2,-31,-33
1229,hosp_covid_dis_covid_hours_for,67689,2020-10-26,Понедельник,13:00,257,238,19,379,13,-122,-135
1230,hosp_covid_dis_covid_hours_for,67690,2020-10-26,Понедельник,14:00,307,282,25,531,32,-224,-256
1231,hosp_covid_dis_covid_hours_for,67691,2020-10-26,Понедельник,15:00,337,309,28,679,66,-342,-408
1232,hosp_covid_dis_covid_hours_for,67692,2020-10-26,Понедельник,16:00,385,351,34,797,80,-412,-492
1233,hosp_covid_dis_covid_hours_for,67693,2020-10-26,Понедельник,17:00,448,408,40,904,110,-456,-566
1234,hosp_covid_dis_covid_hours_for,67694,2020-10-26,Понедельник,18:00,494,449,45,934,110,-440,-550
1235,hosp_covid_dis_covid_hours_for,67695,2020-10-26,Понедельник,19:00,557,505,52,961,113,-404,-517
1236,hosp_covid_dis_covid_hours_for,67696,2020-10-26,Понедельник,20:00,609,556,53,982,118,-373,-491
1237,hosp_covid_dis_covid_hours_for,67697,2020-10-26,Понедельник,21:00,668,606,62,990,118,-322,-440
1238,hosp_covid_dis_covid_hours_for,67698,2020-10-26,Понедельник,22:00,726,660,66,991,121,-265,-386
1239,hosp_covid_dis_covid_hours_for,67699,2020-10-26,Понедельник,23:00,768,702,66,997,121,-229,-350
1240,hosp_covid_dis_covid_hours_for,67701,2020-10-27,Вторник,00:00,0,0,0,0,0,0,0
1241,hosp_covid_dis_covid_hours_for,67702,2020-10-26,Понедельник,сутки,818,749,69,1009,121,-191,-312
1242,hosp_covid_dis_covid_hours_for,67703,2020-10-27,Вторник,01:00,21,21,0,1,0,20,20
1243,hosp_covid_dis_covid_hours_for,67704,2020-10-27,Вторник,02:00,57,56,1,4,0,53,53
1244,hosp_covid_dis_covid_hours_for,67705,2020-10-27,Вторник,03:00,96,94,2,6,0,90,90
1245,hosp_covid_dis_covid_hours_for,67706,2020-10-27,Вторник,04:00,127,125,2,7,0,120,120
1246,hosp_covid_dis_covid_hours_for,67707,2020-10-27,Вторник,05:00,154,152,2,10,0,144,144
1247,hosp_covid_dis_covid_hours_for,67708,2020-10-27,Вторник,06:00,178,176,2,16,0,162,162
1248,hosp_covid_dis_covid_hours_for,67709,2020-10-27,Вторник,07:00,196,194,2,20,0,176,176
1249,hosp_covid_dis_covid_hours_for,67710,2020-10-27,Вторник,08:00,217,215,2,23,0,194,194
1250,hosp_covid_dis_covid_hours_for,67711,2020-10-27,Вторник,09:00,246,244,2,36,0,210,210
1251,hosp_covid_dis_covid_hours_for,67712,2020-10-27,Вторник,10:00,262,259,3,75,0,187,187
1252,hosp_covid_dis_covid_hours_for,67713,2020-10-27,Вторник,11:00,287,283,4,142,6,145,139
1253,hosp_covid_dis_covid_hours_for,67715,2020-10-27,Вторник,12:00,321,317,4,239,10,82,72
1254,hosp_covid_dis_covid_hours_for,67716,2020-10-27,Вторник,14:00,408,396,12,511,54,-103,-157
1255,hosp_covid_dis_covid_hours_for,67717,2020-10-27,Вторник,15:00,464,445,19,640,78,-176,-254
1256,hosp_covid_dis_covid_hours_for,67718,2020-10-27,Вторник,16:00,510,484,26,735,95,-225,-320
1257,hosp_covid_dis_covid_hours_for,67719,2020-10-27,Вторник,17:00,555,530,25,793,101,-238,-339
1258,hosp_covid_dis_covid_hours_for,67720,2020-10-27,Вторник,18:00,600,572,28,845,112,-245,-357
1259,hosp_covid_dis_covid_hours_for,67721,2020-10-27,Вторник,19:00,650,621,29,872,114,-222,-336
1260,hosp_covid_dis_covid_hours_for,67722,2020-10-27,Вторник,20:00,708,675,33,877,115,-169,-284
1261,hosp_covid_dis_covid_hours_for,67723,2020-10-27,Вторник,21:00,758,722,36,883,118,-125,-243
1262,hosp_covid_dis_covid_hours_for,67724,2020-10-27,Вторник,22:00,792,754,38,887,118,-95,-213
1263,hosp_covid_dis_covid_hours_for,67725,2020-10-27,Вторник,23:00,835,796,39,895,131,-60,-191
1264,hosp_covid_dis_covid_hours_for,67727,2020-10-28,Среда,00:00,0,0,0,0,0,0,0
1265,hosp_covid_dis_covid_hours_for,67728,2020-10-27,Вторник,сутки,879,839,40,895,133,-16,-149
1266,hosp_covid_dis_covid_hours_for,67729,2020-10-28,Среда,01:00,22,22,0,2,0,20,20
1267,hosp_covid_dis_covid_hours_for,67730,2020-10-28,Среда,02:00,49,48,1,3,0,46,46
1268,hosp_covid_dis_covid_hours_for,67731,2020-10-28,Среда,03:00,76,75,1,4,0,72,72
1269,hosp_covid_dis_covid_hours_for,67732,2020-10-28,Среда,04:00,109,108,1,4,0,105,105
1270,hosp_covid_dis_covid_hours_for,67733,2020-10-28,Среда,05:00,129,128,1,5,0,124,124
1271,hosp_covid_dis_covid_hours_for,67734,2020-10-28,Среда,06:00,142,141,1,5,0,137,137
1272,hosp_covid_dis_covid_hours_for,67735,2020-10-28,Среда,07:00,155,153,2,6,0,149,149
1273,hosp_covid_dis_covid_hours_for,67736,2020-10-28,Среда,08:00,171,169,2,15,0,156,156
1274,hosp_covid_dis_covid_hours_for,67737,2020-10-28,Среда,09:00,187,185,2,23,0,164,164
1275,hosp_covid_dis_covid_hours_for,67738,2020-10-28,Среда,10:00,206,204,2,72,0,134,134
1276,hosp_covid_dis_covid_hours_for,67739,2020-10-28,Среда,11:00,230,224,6,140,0,90,90
1277,hosp_covid_dis_covid_hours_for,67740,2020-10-28,Среда,12:00,267,259,8,296,7,-29,-36
1278,hosp_covid_dis_covid_hours_for,67741,2020-10-28,Среда,13:00,320,312,8,452,32,-132,-164
1279,hosp_covid_dis_covid_hours_for,67742,2020-10-28,Среда,14:00,385,367,18,536,58,-151,-209
1280,hosp_covid_dis_covid_hours_for,67743,2020-10-28,Среда,15:00,428,405,23,626,70,-198,-268
1281,hosp_covid_dis_covid_hours_for,67744,2020-10-28,Среда,16:00,486,462,24,734,91,-248,-339
1282,hosp_covid_dis_covid_hours_for,67745,2020-10-28,Среда,17:00,537,508,29,767,101,-230,-331
1283,hosp_covid_dis_covid_hours_for,67746,2020-10-28,Среда,18:00,598,560,38,789,105,-191,-296
1284,hosp_covid_dis_covid_hours_for,67747,2020-10-28,Среда,19:00,652,611,41,792,113,-140,-253
1285,hosp_covid_dis_covid_hours_for,67748,2020-10-28,Среда,20:01,702,658,44,800,117,-98,-215
1286,hosp_covid_dis_covid_hours_for,67749,2020-10-28,Среда,21:00,754,708,46,801,118,-47,-165
1287,hosp_covid_dis_covid_hours_for,67750,2020-10-28,Среда,22:01,792,745,47,804,120,-12,-132
1288,hosp_covid_dis_covid_hours_for,67751,2020-10-28,Среда,23:00,839,787,52,807,120,32,-88
1289,hosp_covid_dis_covid_hours_for,67753,2020-10-29,Четверг,00:00,0,0,0,0,0,0,0
1290,hosp_covid_dis_covid_hours_for,67754,2020-10-28,Среда,сутки,881,829,52,811,120,70,-50
1291,hosp_covid_dis_covid_hours_for,67755,2020-10-29,Четверг,01:01,19,18,1,1,0,18,18
1292,hosp_covid_dis_covid_hours_for,67756,2020-10-29,Четверг,02:00,60,57,3,4,0,56,56
1293,hosp_covid_dis_covid_hours_for,67757,2020-10-29,Четверг,03:00,97,92,5,6,0,91,91
1294,hosp_covid_dis_covid_hours_for,67758,2020-10-29,Четверг,04:00,123,117,6,6,0,117,117
1295,hosp_covid_dis_covid_hours_for,67759,2020-10-29,Четверг,05:00,147,141,6,6,0,141,141
1296,hosp_covid_dis_covid_hours_for,67760,2020-10-29,Четверг,06:00,168,162,6,10,0,158,158
1297,hosp_covid_dis_covid_hours_for,67761,2020-10-29,Четверг,07:00,185,179,6,17,0,168,168
1298,hosp_covid_dis_covid_hours_for,67762,2020-10-29,Четверг,08:01,201,195,6,35,0,166,166
1299,hosp_covid_dis_covid_hours_for,67763,2020-10-29,Четверг,09:00,216,210,6,50,0,166,166
1300,hosp_covid_dis_covid_hours_for,67764,2020-10-29,Четверг,10:00,226,220,6,72,0,154,154
1301,hosp_covid_dis_covid_hours_for,67765,2020-10-29,Четверг,11:00,243,234,9,122,2,121,119
1302,hosp_covid_dis_covid_hours_for,67766,2020-10-29,Четверг,12:00,294,280,14,227,6,67,61
1303,hosp_covid_dis_covid_hours_for,67767,2020-10-29,Четверг,13:00,336,320,16,328,11,8,-3
1304,hosp_covid_dis_covid_hours_for,67769,2020-10-29,Четверг,14:00,389,371,18,458,32,-69,-101
1305,hosp_covid_dis_covid_hours_for,67770,2020-10-29,Четверг,16:00,505,476,29,647,68,-142,-210
1306,hosp_covid_dis_covid_hours_for,67771,2020-10-29,Четверг,17:00,558,518,40,696,71,-138,-209
1307,hosp_covid_dis_covid_hours_for,67772,2020-10-29,Четверг,18:00,610,563,47,730,71,-120,-191
1308,hosp_covid_dis_covid_hours_for,67773,2020-10-29,Четверг,19:00,654,601,53,755,86,-101,-187
1309,hosp_covid_dis_covid_hours_for,67774,2020-10-29,Четверг,20:00,704,646,58,767,94,-63,-157
1310,hosp_covid_dis_covid_hours_for,67775,2020-10-29,Четверг,21:00,742,679,63,770,94,-28,-122
1311,hosp_covid_dis_covid_hours_for,67776,2020-10-29,Четверг,22:00,792,725,67,777,96,15,-81
1312,hosp_covid_dis_covid_hours_for,67777,2020-10-29,Четверг,23:00,845,771,74,778,96,67,-29
1313,hosp_covid_dis_covid_hours_for,67779,2020-10-30,Пятница,00:00,0,0,0,0,0,0,0
1314,hosp_covid_dis_covid_hours_for,67780,2020-10-29,Четверг,сутки,906,830,76,782,96,124,28
1315,hosp_covid_dis_covid_hours_for,67781,2020-10-30,Пятница,01:00,31,27,4,15,0,16,16
1316,hosp_covid_dis_covid_hours_for,67782,2020-10-30,Пятница,02:00,61,55,6,15,0,46,46
1317,hosp_covid_dis_covid_hours_for,67783,2020-10-30,Пятница,03:00,88,80,8,15,0,73,73
1318,hosp_covid_dis_covid_hours_for,67784,2020-10-30,Пятница,04:00,110,98,12,16,0,94,94
1319,hosp_covid_dis_covid_hours_for,67785,2020-10-30,Пятница,05:00,132,120,12,18,0,114,114
1320,hosp_covid_dis_covid_hours_for,67786,2020-10-30,Пятница,06:00,145,128,17,20,0,125,125
1321,hosp_covid_dis_covid_hours_for,67787,2020-10-30,Пятница,07:00,160,142,18,24,0,136,136
1322,hosp_covid_dis_covid_hours_for,67788,2020-10-30,Пятница,08:00,183,162,21,36,0,147,147
1323,hosp_covid_dis_covid_hours_for,67789,2020-10-30,Пятница,09:00,199,177,22,50,1,149,148
1324,hosp_covid_dis_covid_hours_for,67790,2020-10-30,Пятница,10:00,215,190,25,92,1,123,122
1325,hosp_covid_dis_covid_hours_for,67791,2020-10-30,Пятница,11:00,235,205,30,166,4,69,65
1326,hosp_covid_dis_covid_hours_for,67792,2020-10-30,Пятница,12:00,263,231,32,272,6,-9,-15
1327,hosp_covid_dis_covid_hours_for,67793,2020-10-30,Пятница,13:01,312,277,35,445,14,-133,-147
1328,hosp_covid_dis_covid_hours_for,67794,2020-10-30,Пятница,14:00,360,323,37,623,50,-263,-313
1329,hosp_covid_dis_covid_hours_for,67795,2020-10-30,Пятница,15:00,413,374,39,763,99,-350,-449
1330,hosp_covid_dis_covid_hours_for,67796,2020-10-30,Пятница,16:01,472,431,41,876,113,-404,-517
1331,hosp_covid_dis_covid_hours_for,67797,2020-10-30,Пятница,17:00,529,488,41,935,118,-406,-524
1332,hosp_covid_dis_covid_hours_for,67798,2020-10-30,Пятница,18:00,584,542,42,986,120,-402,-522
1333,hosp_covid_dis_covid_hours_for,67799,2020-10-30,Пятница,19:00,647,601,46,1002,120,-355,-475
1334,hosp_covid_dis_covid_hours_for,67800,2020-10-30,Пятница,20:00,715,660,55,1014,120,-299,-419
1335,hosp_covid_dis_covid_hours_for,67801,2020-10-30,Пятница,21:00,756,697,59,1018,126,-262,-388
1336,hosp_covid_dis_covid_hours_for,67802,2020-10-30,Пятница,22:00,799,736,63,1028,126,-229,-355
1337,hosp_covid_dis_covid_hours_for,67803,2020-10-30,Пятница,23:00,848,782,66,1034,126,-186,-312
1338,hosp_covid_dis_covid_hours_for,67805,2020-10-31,Суббота,00:00,0,0,0,0,0,0,0
1339,hosp_covid_dis_covid_hours_for,67806,2020-10-30,Пятница,сутки,904,834,70,1036,126,-132,-258
1340,hosp_covid_dis_covid_hours_for,67808,2020-10-31,Суббота,01:00,29,28,1,3,0,26,26
1341,hosp_covid_dis_covid_hours_for,67810,2020-10-31,Суббота,03:00,97,89,8,5,0,92,92
1342,hosp_covid_dis_covid_hours_for,67811,2020-10-31,Суббота,05:00,153,139,14,6,0,147,147
1343,hosp_covid_dis_covid_hours_for,67812,2020-10-31,Суббота,06:00,170,154,16,7,0,163,163
1344,hosp_covid_dis_covid_hours_for,67813,2020-10-31,Суббота,07:00,185,169,16,13,0,172,172
1345,hosp_covid_dis_covid_hours_for,67814,2020-10-31,Суббота,08:00,196,180,16,21,0,175,175
1346,hosp_covid_dis_covid_hours_for,67815,2020-10-31,Суббота,09:00,206,190,16,47,0,159,159
1347,hosp_covid_dis_covid_hours_for,67816,2020-10-31,Суббота,10:00,217,200,17,100,1,117,116
1348,hosp_covid_dis_covid_hours_for,67817,2020-10-31,Суббота,11:00,235,217,18,152,7,83,76
1349,hosp_covid_dis_covid_hours_for,67818,2020-10-31,Суббота,12:00,265,245,20,237,19,28,9
1350,hosp_covid_dis_covid_hours_for,67819,2020-10-31,Суббота,13:00,309,284,25,320,31,-11,-42
1351,hosp_covid_dis_covid_hours_for,67820,2020-10-31,Суббота,14:00,347,331,16,388,60,-41,-101
1352,hosp_covid_dis_covid_hours_for,67821,2020-10-31,Суббота,15:01,401,378,23,468,65,-67,-132
1353,hosp_covid_dis_covid_hours_for,67822,2020-10-31,Суббота,16:00,441,409,32,502,79,-61,-140
1354,hosp_covid_dis_covid_hours_for,67823,2020-10-31,Суббота,17:00,483,449,34,517,96,-34,-130
1355,hosp_covid_dis_covid_hours_for,67824,2020-10-31,Суббота,18:00,532,492,40,534,97,-2,-99
1356,hosp_covid_dis_covid_hours_for,67825,2020-10-31,Суббота,19:01,573,527,46,551,108,22,-86
1357,hosp_covid_dis_covid_hours_for,67826,2020-10-31,Суббота,20:00,618,571,47,556,108,62,-46
1358,hosp_covid_dis_covid_hours_for,67827,2020-10-31,Суббота,21:00,658,608,50,560,109,98,-11
1359,hosp_covid_dis_covid_hours_for,67828,2020-10-31,Суббота,22:00,696,644,52,564,109,132,23
1360,hosp_covid_dis_covid_hours_for,67829,2020-10-31,Суббота,23:00,735,683,52,569,109,166,57
1361,hosp_covid_dis_covid_hours_for,67831,2020-11-01,Воскресенье,00:01,0,0,0,0,0,0,0
1362,hosp_covid_dis_covid_hours_for,67833,2020-11-01,Воскресенье,01:00,24,23,1,1,0,23,23
1363,hosp_covid_dis_covid_hours_for,67834,2020-11-01,Воскресенье,02:00,46,45,1,2,0,44,44
1364,hosp_covid_dis_covid_hours_for,67835,2020-11-01,Воскресенье,03:00,79,76,3,4,0,75,75
1365,hosp_covid_dis_covid_hours_for,67836,2020-11-01,Воскресенье,04:00,112,109,3,7,0,105,105
1366,hosp_covid_dis_covid_hours_for,67837,2020-11-01,Воскресенье,05:00,127,124,3,8,0,119,119
1367,hosp_covid_dis_covid_hours_for,67838,2020-11-01,Воскресенье,06:00,143,140,3,9,0,134,134
1368,hosp_covid_dis_covid_hours_for,67839,2020-11-01,Воскресенье,07:00,155,152,3,10,0,145,145
1369,hosp_covid_dis_covid_hours_for,67840,2020-11-01,Воскресенье,08:00,171,168,3,16,0,155,155
1370,hosp_covid_dis_covid_hours_for,67841,2020-11-01,Воскресенье,09:00,182,177,5,25,0,157,157
1371,hosp_covid_dis_covid_hours_for,67842,2020-11-01,Воскресенье,10:00,190,184,6,37,0,153,153
1372,hosp_covid_dis_covid_hours_for,67843,2020-11-01,Воскресенье,11:00,207,199,8,75,3,132,129
1373,hosp_covid_dis_covid_hours_for,67844,2020-11-01,Воскресенье,12:00,231,222,9,109,19,122,103
1374,hosp_covid_dis_covid_hours_for,67845,2020-11-01,Воскресенье,13:00,283,269,14,167,29,116,87
1375,hosp_covid_dis_covid_hours_for,67846,2020-11-01,Воскресенье,14:00,325,311,14,210,42,115,73
1376,hosp_covid_dis_covid_hours_for,67847,2020-10-31,Суббота,сутки,769,716,53,570,113,199,86
1377,hosp_covid_dis_covid_hours_for,67848,2020-11-01,Воскресенье,15:00,375,358,17,240,56,135,79
1378,hosp_covid_dis_covid_hours_for,67849,2020-11-01,Воскресенье,16:00,418,400,18,269,69,149,80
1379,hosp_covid_dis_covid_hours_for,67850,2020-11-01,Воскресенье,17:00,454,435,19,281,69,173,104
1380,hosp_covid_dis_covid_hours_for,67851,2020-11-01,Воскресенье,18:00,493,472,21,288,73,205,132
1381,hosp_covid_dis_covid_hours_for,67852,2020-11-01,Воскресенье,19:01,536,512,24,316,78,220,142
1382,hosp_covid_dis_covid_hours_for,67853,2020-11-01,Воскресенье,20:00,569,542,27,324,78,245,167
1383,hosp_covid_dis_covid_hours_for,67854,2020-11-01,Воскресенье,21:00,608,576,32,328,78,280,202
1384,hosp_covid_dis_covid_hours_for,67855,2020-11-01,Воскресенье,22:00,647,614,33,333,78,314,236
1385,hosp_covid_dis_covid_hours_for,67856,2020-11-01,Воскресенье,23:00,682,647,35,337,78,345,267
1386,hosp_covid_dis_covid_hours_for,67858,2020-11-02,Понедельник,00:00,0,0,0,0,0,0,0
1387,hosp_covid_dis_covid_hours_for,67859,2020-11-01,Воскресенье,сутки,710,675,35,337,78,373,295
1388,hosp_covid_dis_covid_hours_for,67860,2020-11-02,Понедельник,01:00,18,18,0,8,0,10,10
1389,hosp_covid_dis_covid_hours_for,67861,2020-11-02,Понедельник,02:00,53,53,0,11,0,42,42
1390,hosp_covid_dis_covid_hours_for,67862,2020-11-02,Понедельник,03:00,81,81,0,15,0,66,66
1391,hosp_covid_dis_covid_hours_for,67863,2020-11-02,Понедельник,04:00,102,102,0,21,0,81,81
1392,hosp_covid_dis_covid_hours_for,67864,2020-11-02,Понедельник,05:00,128,128,0,21,0,107,107
1393,hosp_covid_dis_covid_hours_for,67865,2020-11-02,Понедельник,06:00,146,145,1,23,0,123,123
1394,hosp_covid_dis_covid_hours_for,67866,2020-11-02,Понедельник,07:00,160,158,2,24,0,136,136
1395,hosp_covid_dis_covid_hours_for,67867,2020-11-02,Понедельник,08:00,169,167,2,30,0,139,139
1396,hosp_covid_dis_covid_hours_for,67868,2020-11-02,Понедельник,09:00,185,183,2,48,0,137,137
1397,hosp_covid_dis_covid_hours_for,67869,2020-11-02,Понедельник,10:00,203,201,2,87,0,116,116
1398,hosp_covid_dis_covid_hours_for,67870,2020-11-02,Понедельник,11:00,226,223,3,172,0,54,54
1399,hosp_covid_dis_covid_hours_for,67871,2020-11-02,Понедельник,12:00,263,255,8,306,2,-43,-45
1400,hosp_covid_dis_covid_hours_for,67872,2020-11-02,Понедельник,13:00,301,289,12,450,10,-149,-159
1401,hosp_covid_dis_covid_hours_for,67873,2020-11-02,Понедельник,14:00,348,330,18,606,43,-258,-301
1402,hosp_covid_dis_covid_hours_for,67874,2020-11-02,Понедельник,15:00,398,377,21,768,52,-370,-422
1403,hosp_covid_dis_covid_hours_for,67875,2020-11-02,Понедельник,16:00,460,429,31,892,69,-432,-501
1404,hosp_covid_dis_covid_hours_for,67876,2020-11-02,Понедельник,17:00,516,478,38,994,85,-478,-563
1405,hosp_covid_dis_covid_hours_for,67877,2020-11-02,Понедельник,18:00,578,535,43,1030,82,-452,-534
1406,hosp_covid_dis_covid_hours_for,67878,2020-11-02,Понедельник,19:00,639,591,48,1043,124,-404,-528
1407,hosp_covid_dis_covid_hours_for,67879,2020-11-02,Понедельник,20:00,695,645,50,1078,124,-383,-507
1408,hosp_covid_dis_covid_hours_for,67880,2020-11-02,Понедельник,21:00,754,700,54,1086,133,-332,-465
1409,hosp_covid_dis_covid_hours_for,67881,2020-11-02,Понедельник,22:00,811,755,56,1093,134,-282,-416
1410,hosp_covid_dis_covid_hours_for,67882,2020-11-02,Понедельник,23:00,871,810,61,1098,145,-227,-372
1411,hosp_covid_dis_covid_hours_for,67884,2020-11-03,Вторник,00:00,0,0,0,0,0,0,0
1412,hosp_covid_dis_covid_hours_for,67885,2020-11-02,Понедельник,сутки,915,852,63,1101,146,-186,-332
1413,hosp_covid_dis_covid_hours_for,67886,2020-11-03,Вторник,01:01,33,32,1,1,0,32,32
1414,hosp_covid_dis_covid_hours_for,67887,2020-11-03,Вторник,02:00,71,69,2,2,0,69,69
1415,hosp_covid_dis_covid_hours_for,67888,2020-11-03,Вторник,03:01,112,109,3,4,0,108,108
1416,hosp_covid_dis_covid_hours_for,67889,2020-11-03,Вторник,04:00,146,142,4,6,0,140,140
1417,hosp_covid_dis_covid_hours_for,67890,2020-11-03,Вторник,05:00,167,162,5,8,0,159,159
1418,hosp_covid_dis_covid_hours_for,67891,2020-11-03,Вторник,06:00,191,185,6,8,0,183,183
1419,hosp_covid_dis_covid_hours_for,67893,2020-11-03,Вторник,07:00,216,210,6,11,0,205,205
1420,hosp_covid_dis_covid_hours_for,67894,2020-11-03,Вторник,09:00,272,266,6,29,0,243,243
1421,hosp_covid_dis_covid_hours_for,67895,2020-11-03,Вторник,10:00,309,299,10,90,0,219,219
1422,hosp_covid_dis_covid_hours_for,67896,2020-11-03,Вторник,11:01,334,322,12,178,1,156,155
1423,hosp_covid_dis_covid_hours_for,67897,2020-11-03,Вторник,12:00,365,350,15,300,10,65,55
1424,hosp_covid_dis_covid_hours_for,67898,2020-11-03,Вторник,13:00,407,390,17,431,17,-24,-41
1425,hosp_covid_dis_covid_hours_for,67899,2020-11-03,Вторник,14:00,477,453,24,563,25,-86,-111
1426,hosp_covid_dis_covid_hours_for,67900,2020-11-03,Вторник,15:00,528,500,28,712,45,-184,-229
1427,hosp_covid_dis_covid_hours_for,67901,2020-11-03,Вторник,16:00,578,547,31,827,58,-249,-307
1428,hosp_covid_dis_covid_hours_for,67902,2020-11-03,Вторник,17:00,637,597,40,903,63,-266,-329
1429,hosp_covid_dis_covid_hours_for,67903,2020-11-03,Вторник,18:00,699,657,42,960,70,-261,-331
1430,hosp_covid_dis_covid_hours_for,67904,2020-11-03,Вторник,19:00,748,705,43,1000,70,-252,-322
1431,hosp_covid_dis_covid_hours_for,67905,2020-11-03,Вторник,20:00,802,756,46,1020,76,-218,-294
1432,hosp_covid_dis_covid_hours_for,67906,2020-11-03,Вторник,21:00,854,802,52,1039,77,-185,-262
1433,hosp_covid_dis_covid_hours_for,67907,2020-11-03,Вторник,22:00,911,859,52,1042,82,-131,-213
1434,hosp_covid_dis_covid_hours_for,67908,2020-11-03,Вторник,23:00,972,915,57,1047,86,-75,-161
1435,hosp_covid_dis_covid_hours_for,67910,2020-11-04,Среда,00:00,0,0,0,0,0,0,0
1436,hosp_covid_dis_covid_hours_for,67911,2020-11-03,Вторник,сутки,1027,968,59,1048,86,-21,-107
1437,hosp_covid_dis_covid_hours_for,67912,2020-11-04,Среда,01:00,33,33,0,3,0,30,30
1438,hosp_covid_dis_covid_hours_for,67913,2020-11-04,Среда,02:00,74,73,1,3,0,71,71
1439,hosp_covid_dis_covid_hours_for,67914,2020-11-04,Среда,03:00,111,110,1,5,0,106,106
1440,hosp_covid_dis_covid_hours_for,67915,2020-11-04,Среда,04:00,142,141,1,5,0,137,137
1441,hosp_covid_dis_covid_hours_for,67916,2020-11-04,Среда,05:00,177,175,2,7,0,170,170
1442,hosp_covid_dis_covid_hours_for,67917,2020-11-04,Среда,06:00,210,207,3,7,0,203,203
1443,hosp_covid_dis_covid_hours_for,67918,2020-11-04,Среда,07:00,234,231,3,10,0,224,224
1444,hosp_covid_dis_covid_hours_for,67919,2020-11-04,Среда,08:01,270,266,4,17,0,253,253
1445,hosp_covid_dis_covid_hours_for,67920,2020-11-04,Среда,09:00,295,291,4,38,0,257,257
1446,hosp_covid_dis_covid_hours_for,67921,2020-11-04,Среда,10:00,323,317,6,86,4,237,233
1447,hosp_covid_dis_covid_hours_for,67922,2020-11-04,Среда,11:01,350,343,7,146,8,204,196
1448,hosp_covid_dis_covid_hours_for,67924,2020-11-04,Среда,12:01,392,384,8,208,12,184,172
1449,hosp_covid_dis_covid_hours_for,67925,2020-11-04,Среда,15:00,519,497,22,421,35,98,63
1450,hosp_covid_dis_covid_hours_for,67926,2020-11-04,Среда,14:00,519,497,22,421,35,98,63
1451,hosp_covid_dis_covid_hours_for,67927,2020-11-04,Среда,16:00,574,549,25,485,58,89,31
1452,hosp_covid_dis_covid_hours_for,67928,2020-11-04,Среда,17:00,615,588,27,506,58,109,51
1453,hosp_covid_dis_covid_hours_for,67929,2020-11-04,Среда,18:00,668,637,31,534,58,134,76
1454,hosp_covid_dis_covid_hours_for,67930,2020-11-04,Среда,19:00,730,695,35,570,59,160,101
1455,hosp_covid_dis_covid_hours_for,67931,2020-11-04,Среда,20:00,775,738,37,578,61,197,136
1456,hosp_covid_dis_covid_hours_for,67932,2020-11-04,Среда,21:00,816,778,38,581,61,235,174
1457,hosp_covid_dis_covid_hours_for,67933,2020-11-04,Среда,22:01,854,816,38,581,61,273,212
1458,hosp_covid_dis_covid_hours_for,67934,2020-11-04,Среда,23:01,891,851,40,586,64,305,241
1459,hosp_covid_dis_covid_hours_for,67936,2020-11-04,Среда,сутки,934,894,40,591,66,343,277
1460,hosp_covid_dis_covid_hours_for,67937,2020-11-05,Четверг,01:01,20,20,0,1,0,19,19
1461,hosp_covid_dis_covid_hours_for,67938,2020-11-05,Четверг,02:01,53,53,0,5,0,48,48
1462,hosp_covid_dis_covid_hours_for,67939,2020-11-05,Четверг,03:00,74,74,0,7,0,67,67
1463,hosp_covid_dis_covid_hours_for,67940,2020-11-05,Четверг,04:00,102,102,0,7,0,95,95
1464,hosp_covid_dis_covid_hours_for,67941,2020-11-05,Четверг,05:00,118,118,0,7,0,111,111
1465,hosp_covid_dis_covid_hours_for,67942,2020-11-05,Четверг,06:00,134,133,1,7,0,127,127
1466,hosp_covid_dis_covid_hours_for,67943,2020-11-05,Четверг,07:00,156,155,1,11,0,145,145
1467,hosp_covid_dis_covid_hours_for,67944,2020-11-05,Четверг,08:00,173,172,1,21,0,152,152
1468,hosp_covid_dis_covid_hours_for,67945,2020-11-05,Четверг,09:00,186,185,1,48,0,138,138
1469,hosp_covid_dis_covid_hours_for,67946,2020-11-05,Четверг,10:00,192,191,1,101,0,91,91
1470,hosp_covid_dis_covid_hours_for,67947,2020-11-05,Четверг,11:01,214,213,1,164,0,50,50
1471,hosp_covid_dis_covid_hours_for,67948,2020-11-05,Четверг,12:00,245,243,2,305,1,-60,-61
1472,hosp_covid_dis_covid_hours_for,67949,2020-11-05,Четверг,13:01,301,295,6,483,14,-182,-196
1473,hosp_covid_dis_covid_hours_for,67950,2020-11-05,Четверг,14:00,345,335,10,620,20,-275,-295
1474,hosp_covid_dis_covid_hours_for,67951,2020-11-05,Четверг,15:00,401,385,16,744,22,-343,-365
1475,hosp_covid_dis_covid_hours_for,67952,2020-11-05,Четверг,16:00,448,427,21,845,33,-397,-430
1476,hosp_covid_dis_covid_hours_for,67953,2020-11-05,Четверг,17:00,504,480,24,894,34,-390,-424
1477,hosp_covid_dis_covid_hours_for,67954,2020-11-05,Четверг,18:00,565,537,28,939,36,-374,-410
1478,hosp_covid_dis_covid_hours_for,67955,2020-11-05,Четверг,19:00,616,587,29,955,42,-339,-381
1479,hosp_covid_dis_covid_hours_for,67956,2020-11-05,Четверг,20:00,675,642,33,983,42,-308,-350
1480,hosp_covid_dis_covid_hours_for,67957,2020-11-05,Четверг,21:00,732,694,38,1001,42,-269,-311
1481,hosp_covid_dis_covid_hours_for,67958,2020-11-05,Четверг,22:00,785,747,38,1006,42,-221,-263
1482,hosp_covid_dis_covid_hours_for,67959,2020-11-05,Четверг,23:00,845,802,43,1008,42,-163,-205
1483,hosp_covid_dis_covid_hours_for,67961,2020-11-06,Пятница,00:00,0,0,0,0,0,0,0
1484,hosp_covid_dis_covid_hours_for,67962,2020-11-05,Четверг,сутки,891,845,46,1012,42,-121,-163
1485,hosp_covid_dis_covid_hours_for,67963,2020-11-06,Пятница,01:00,32,32,0,1,0,31,31
1486,hosp_covid_dis_covid_hours_for,67964,2020-11-06,Пятница,02:01,65,65,0,4,0,61,61
1487,hosp_covid_dis_covid_hours_for,67965,2020-11-06,Пятница,03:00,93,93,0,12,0,81,81
1488,hosp_covid_dis_covid_hours_for,67966,2020-11-06,Пятница,04:01,117,117,0,14,0,103,103
1489,hosp_covid_dis_covid_hours_for,67967,2020-11-06,Пятница,05:00,140,140,0,14,0,126,126
1490,hosp_covid_dis_covid_hours_for,67968,2020-11-06,Пятница,06:00,169,169,0,16,0,153,153
1491,hosp_covid_dis_covid_hours_for,67969,2020-11-06,Пятница,07:00,187,187,0,19,0,168,168
1492,hosp_covid_dis_covid_hours_for,67970,2020-11-06,Пятница,08:01,203,203,0,33,0,170,170
1493,hosp_covid_dis_covid_hours_for,67971,2020-11-06,Пятница,09:00,223,223,0,65,0,158,158
1494,hosp_covid_dis_covid_hours_for,67972,2020-11-06,Пятница,10:01,240,238,2,122,1,118,117
1495,hosp_covid_dis_covid_hours_for,67973,2020-11-06,Пятница,11:00,273,266,7,194,3,79,76
1496,hosp_covid_dis_covid_hours_for,67974,2020-11-06,Пятница,12:00,324,315,9,328,3,-4,-7
1497,hosp_covid_dis_covid_hours_for,67975,2020-11-06,Пятница,13:00,380,366,14,534,4,-154,-158
1498,hosp_covid_dis_covid_hours_for,67976,2020-11-06,Пятница,14:00,445,425,20,680,4,-235,-239
1499,hosp_covid_dis_covid_hours_for,67977,2020-11-06,Пятница,15:01,491,469,22,851,14,-360,-374
1500,hosp_covid_dis_covid_hours_for,67978,2020-11-06,Пятница,16:00,519,494,25,976,14,-457,-471
1501,hosp_covid_dis_covid_hours_for,67980,2020-11-06,Пятница,17:01,586,552,34,1039,14,-453,-467
1502,hosp_covid_dis_covid_hours_for,67981,2020-11-06,Пятница,18:00,645,607,38,1062,34,-417,-451
1503,hosp_covid_dis_covid_hours_for,67982,2020-11-06,Пятница,19:00,704,658,46,1068,34,-364,-398
1504,hosp_covid_dis_covid_hours_for,67983,2020-11-06,Пятница,20:00,766,715,51,1081,34,-315,-349
1505,hosp_covid_dis_covid_hours_for,67984,2020-11-06,Пятница,21:00,820,760,60,1092,34,-272,-306
1506,hosp_covid_dis_covid_hours_for,67985,2020-11-06,Пятница,22:00,859,798,61,1094,34,-235,-269
1507,hosp_covid_dis_covid_hours_for,67986,2020-11-06,Пятница,23:00,921,857,64,1100,34,-179,-213
1508,hosp_covid_dis_covid_hours_for,67988,2020-11-07,Суббота,00:00,0,0,0,0,0,0,0
1509,hosp_covid_dis_covid_hours_for,67989,2020-11-06,Пятница,сутки,979,911,68,1108,32,-129,-161
1510,hosp_covid_dis_covid_hours_for,67990,2020-11-07,Суббота,01:00,29,29,0,5,0,24,24
1511,hosp_covid_dis_covid_hours_for,67991,2020-11-07,Суббота,02:00,82,80,2,7,0,75,75
1512,hosp_covid_dis_covid_hours_for,67993,2020-11-07,Суббота,03:00,119,117,2,9,0,110,110
1513,hosp_covid_dis_covid_hours_for,67994,2020-11-07,Суббота,05:00,187,185,2,9,0,178,178
1514,hosp_covid_dis_covid_hours_for,67995,2020-11-07,Суббота,06:00,223,221,2,9,0,214,214
1515,hosp_covid_dis_covid_hours_for,67996,2020-11-07,Суббота,07:00,254,251,3,12,0,242,242
1516,hosp_covid_dis_covid_hours_for,67997,2020-11-07,Суббота,08:00,274,271,3,27,0,247,247
1517,hosp_covid_dis_covid_hours_for,67998,2020-11-07,Суббота,09:00,284,281,3,51,0,233,233
1518,hosp_covid_dis_covid_hours_for,67999,2020-11-07,Суббота,10:00,290,287,3,99,3,191,188
1519,hosp_covid_dis_covid_hours_for,68000,2020-11-07,Суббота,11:00,313,308,5,178,3,135,132
1520,hosp_covid_dis_covid_hours_for,68001,2020-11-07,Суббота,12:00,363,355,8,265,3,98,95
1521,hosp_covid_dis_covid_hours_for,68002,2020-11-07,Суббота,13:00,417,405,12,351,11,66,55
1522,hosp_covid_dis_covid_hours_for,68003,2020-11-07,Суббота,14:00,457,442,15,427,17,30,13
1523,hosp_covid_dis_covid_hours_for,68004,2020-11-07,Суббота,15:00,510,493,17,527,17,-17,-34
1524,hosp_covid_dis_covid_hours_for,68005,2020-11-07,Суббота,16:00,551,531,20,568,22,-17,-39
1525,hosp_covid_dis_covid_hours_for,68006,2020-11-07,Суббота,17:00,610,586,24,595,25,15,-10
1526,hosp_covid_dis_covid_hours_for,68007,2020-11-07,Суббота,18:00,654,627,27,615,28,39,11
1527,hosp_covid_dis_covid_hours_for,68008,2020-11-07,Суббота,19:00,694,663,31,625,29,69,40
1528,hosp_covid_dis_covid_hours_for,68009,2020-11-07,Суббота,20:00,763,727,36,638,29,125,96
1529,hosp_covid_dis_covid_hours_for,68010,2020-11-07,Суббота,21:00,815,775,40,642,29,173,144
1530,hosp_covid_dis_covid_hours_for,68011,2020-11-07,Суббота,22:00,857,814,43,643,29,214,185
1531,hosp_covid_dis_covid_hours_for,68012,2020-11-07,Суббота,23:00,895,852,43,647,29,248,219
1532,hosp_covid_dis_covid_hours_for,68014,2020-11-08,Воскресенье,00:00,0,0,0,0,0,0,0
1533,hosp_covid_dis_covid_hours_for,68015,2020-11-07,Суббота,сутки,934,889,45,653,29,281,252
1534,hosp_covid_dis_covid_hours_for,68016,2020-11-08,Воскресенье,01:00,29,28,1,4,0,25,25
1535,hosp_covid_dis_covid_hours_for,68017,2020-11-08,Воскресенье,02:00,60,58,2,9,0,51,51
1536,hosp_covid_dis_covid_hours_for,68019,2020-11-08,Воскресенье,03:00,89,87,2,9,0,80,80
1537,hosp_covid_dis_covid_hours_for,68020,2020-11-08,Воскресенье,05:00,157,154,3,9,0,148,148
1538,hosp_covid_dis_covid_hours_for,68021,2020-11-08,Воскресенье,06:00,177,174,3,10,0,167,167
1539,hosp_covid_dis_covid_hours_for,68022,2020-11-08,Воскресенье,07:00,199,196,3,11,0,188,188
1540,hosp_covid_dis_covid_hours_for,68023,2020-11-08,Воскресенье,08:00,211,208,3,16,0,195,195
1541,hosp_covid_dis_covid_hours_for,68024,2020-11-08,Воскресенье,09:00,222,218,4,26,0,196,196
1542,hosp_covid_dis_covid_hours_for,68025,2020-11-08,Воскресенье,10:00,236,232,4,64,5,172,167
1543,hosp_covid_dis_covid_hours_for,68026,2020-11-08,Воскресенье,11:00,255,251,4,109,5,146,141
1544,hosp_covid_dis_covid_hours_for,68027,2020-11-08,Воскресенье,12:00,279,272,7,176,7,103,96
1545,hosp_covid_dis_covid_hours_for,68028,2020-11-08,Воскресенье,13:00,319,311,8,241,7,78,71
1546,hosp_covid_dis_covid_hours_for,68029,2020-11-08,Воскресенье,14:00,355,346,9,308,7,47,40
1547,hosp_covid_dis_covid_hours_for,68030,2020-11-08,Воскресенье,15:00,397,385,12,356,10,41,31
1548,hosp_covid_dis_covid_hours_for,68031,2020-11-08,Воскресенье,16:00,445,431,14,388,18,57,39
1549,hosp_covid_dis_covid_hours_for,68032,2020-11-08,Воскресенье,17:00,488,468,20,408,25,80,55
1550,hosp_covid_dis_covid_hours_for,68033,2020-11-08,Воскресенье,18:00,536,510,26,446,25,90,65
1551,hosp_covid_dis_covid_hours_for,68034,2020-11-08,Воскресенье,19:00,571,543,28,462,27,109,82
1552,hosp_covid_dis_covid_hours_for,68035,2020-11-08,Воскресенье,20:00,611,582,29,483,27,128,101
1553,hosp_covid_dis_covid_hours_for,68036,2020-11-08,Воскресенье,21:00,654,624,30,506,27,148,121
1554,hosp_covid_dis_covid_hours_for,68037,2020-11-08,Воскресенье,22:00,687,654,33,509,27,178,151
1555,hosp_covid_dis_covid_hours_for,68038,2020-11-08,Воскресенье,23:00,718,684,34,524,27,194,167
1556,hosp_covid_dis_covid_hours_for,68041,2020-11-08,Воскресенье,сутки,740,705,35,527,27,213,186
1557,hosp_covid_dis_covid_hours_for,68042,2020-11-09,Понедельник,00:00,0,0,0,0,0,0,0
1558,hosp_covid_dis_covid_hours_for,68043,2020-11-09,Понедельник,02:00,31,31,0,29,0,2,2
1559,hosp_covid_dis_covid_hours_for,68044,2020-11-09,Понедельник,03:00,55,55,0,29,0,26,26
1560,hosp_covid_dis_covid_hours_for,68045,2020-11-09,Понедельник,04:00,77,77,0,30,0,47,47
1561,hosp_covid_dis_covid_hours_for,68046,2020-11-09,Понедельник,05:00,96,96,0,33,0,63,63
1562,hosp_covid_dis_covid_hours_for,68047,2020-11-09,Понедельник,06:00,113,113,0,38,0,75,75
1563,hosp_covid_dis_covid_hours_for,68048,2020-11-09,Понедельник,07:00,133,133,0,41,0,92,92
1564,hosp_covid_dis_covid_hours_for,68049,2020-11-09,Понедельник,08:00,159,158,1,49,0,110,110
1565,hosp_covid_dis_covid_hours_for,68050,2020-11-09,Понедельник,09:00,176,174,2,69,0,107,107
1566,hosp_covid_dis_covid_hours_for,68051,2020-11-09,Понедельник,10:00,182,180,2,124,0,58,58
1567,hosp_covid_dis_covid_hours_for,68052,2020-11-09,Понедельник,11:00,215,213,2,204,0,11,11
1568,hosp_covid_dis_covid_hours_for,68053,2020-11-09,Понедельник,12:00,257,254,3,363,5,-106,-111
1569,hosp_covid_dis_covid_hours_for,68054,2020-11-09,Понедельник,13:00,303,296,7,507,17,-204,-221
1570,hosp_covid_dis_covid_hours_for,68055,2020-11-09,Понедельник,14:00,347,337,10,671,28,-324,-352
1571,hosp_covid_dis_covid_hours_for,68056,2020-11-09,Понедельник,15:00,395,382,13,820,30,-425,-455
1572,hosp_covid_dis_covid_hours_for,68057,2020-11-09,Понедельник,16:00,443,427,16,1012,34,-569,-603
1573,hosp_covid_dis_covid_hours_for,68058,2020-11-09,Понедельник,17:00,500,481,19,1105,34,-605,-639
1574,hosp_covid_dis_covid_hours_for,68059,2020-11-09,Понедельник,18:00,561,537,24,1161,34,-600,-634
1575,hosp_covid_dis_covid_hours_for,68060,2020-11-09,Понедельник,19:00,610,584,26,1173,34,-563,-597
1576,hosp_covid_dis_covid_hours_for,68061,2020-11-09,Понедельник,20:01,662,632,30,1186,36,-524,-560
1577,hosp_covid_dis_covid_hours_for,68062,2020-11-09,Понедельник,21:00,706,673,33,1198,36,-492,-528
1578,hosp_covid_dis_covid_hours_for,68063,2020-11-09,Понедельник,22:01,755,720,35,1203,36,-448,-484
1579,hosp_covid_dis_covid_hours_for,68064,2020-11-09,Понедельник,23:00,811,770,41,1209,36,-398,-434
1580,hosp_covid_dis_covid_hours_for,68066,2020-11-10,Вторник,00:00,0,0,0,0,0,0,0
1581,hosp_covid_dis_covid_hours_for,68067,2020-11-09,Понедельник,сутки,859,816,43,1211,36,-352,-388
1582,hosp_covid_dis_covid_hours_for,68068,2020-11-10,Вторник,01:01,33,33,0,1,0,32,32
1583,hosp_covid_dis_covid_hours_for,68069,2020-11-10,Вторник,02:00,65,65,0,2,0,63,63
1584,hosp_covid_dis_covid_hours_for,68070,2020-11-10,Вторник,03:01,97,97,0,8,0,89,89
1585,hosp_covid_dis_covid_hours_for,68071,2020-11-10,Вторник,04:00,143,143,0,14,0,129,129
1586,hosp_covid_dis_covid_hours_for,68072,2020-11-10,Вторник,05:00,176,176,0,17,0,159,159
1587,hosp_covid_dis_covid_hours_for,68073,2020-11-10,Вторник,06:00,203,203,0,20,0,183,183
1588,hosp_covid_dis_covid_hours_for,68074,2020-11-10,Вторник,07:00,226,226,0,23,0,203,203
1589,hosp_covid_dis_covid_hours_for,68075,2020-11-10,Вторник,08:00,246,246,0,43,0,203,203
1590,hosp_covid_dis_covid_hours_for,68076,2020-11-10,Вторник,09:00,258,258,0,77,0,181,181
1591,hosp_covid_dis_covid_hours_for,68077,2020-11-10,Вторник,10:00,278,276,2,106,0,172,172
1592,hosp_covid_dis_covid_hours_for,68078,2020-11-10,Вторник,11:00,300,294,6,235,0,65,65
1593,hosp_covid_dis_covid_hours_for,68079,2020-11-10,Вторник,12:00,329,323,6,330,8,-1,-9
1594,hosp_covid_dis_covid_hours_for,68081,2020-11-10,Вторник,13:00,383,376,7,500,14,-117,-131
1595,hosp_covid_dis_covid_hours_for,68082,2020-11-10,Вторник,15:00,500,482,18,866,20,-366,-386
1596,hosp_covid_dis_covid_hours_for,68083,2020-11-10,Вторник,14:00,471,455,16,799,20,-328,-348
1597,hosp_covid_dis_covid_hours_for,68085,2020-11-10,Вторник,16:00,561,541,20,998,20,-437,-457
1598,hosp_covid_dis_covid_hours_for,68086,2020-11-10,Вторник,18:00,689,660,29,1114,20,-425,-445
1599,hosp_covid_dis_covid_hours_for,68088,2020-11-10,Вторник,19:00,743,707,36,1151,20,-408,-428
1600,hosp_covid_dis_covid_hours_for,68090,2020-11-10,Вторник,20:00,814,771,43,1191,20,-377,-397
1601,hosp_covid_dis_covid_hours_for,68092,2020-11-10,Вторник,21:00,863,818,45,1192,20,-329,-349
1602,hosp_covid_dis_covid_hours_for,68094,2020-11-10,Вторник,22:00,915,865,50,1201,23,-286,-309
1603,hosp_covid_dis_covid_hours_for,68096,2020-11-10,Вторник,23:00,974,922,52,1232,23,-258,-281
1604,hosp_covid_dis_covid_hours_for,68099,2020-11-11,Среда,00:00,0,0,0,0,0,0,0
1605,hosp_covid_dis_covid_hours_for,68100,2020-11-10,Вторник,сутки,1024,971,53,1240,23,-216,-239
1606,hosp_covid_dis_covid_hours_for,68110,2020-11-11,Среда,01:00,35,35,0,0,0,35,35
1607,hosp_covid_dis_covid_hours_for,68112,2020-11-11,Среда,06:00,224,222,2,10,0,214,214
1608,hosp_covid_dis_covid_hours_for,68114,2020-11-11,Среда,07:00,247,245,2,16,0,231,231
1609,hosp_covid_dis_covid_hours_for,68116,2020-11-11,Среда,08:00,264,262,2,27,0,237,237
1610,hosp_covid_dis_covid_hours_for,68118,2020-11-11,Среда,09:00,272,270,2,42,0,230,230
1611,hosp_covid_dis_covid_hours_for,68120,2020-11-11,Среда,10:00,282,279,3,95,0,187,187
1612,hosp_covid_dis_covid_hours_for,68124,2020-11-11,Среда,11:01,302,298,4,176,0,126,126
1613,hosp_covid_dis_covid_hours_for,68128,2020-11-11,Среда,12:26,365,355,10,343,1,22,21
1614,hosp_covid_dis_covid_hours_for,68130,2020-11-11,Среда,14:55,509,487,22,767,19,-258,-277
1615,hosp_covid_dis_covid_hours_for,68132,2020-11-11,Среда,15:55,570,547,23,883,19,-313,-332
1616,hosp_covid_dis_covid_hours_for,68134,2020-11-11,Среда,16:55,609,583,26,933,19,-324,-343
1617,hosp_covid_dis_covid_hours_for,68136,2020-11-11,Среда,17:55,669,639,30,986,19,-317,-336
1618,hosp_covid_dis_covid_hours_for,68138,2020-11-11,Среда,18:55,741,707,34,1019,19,-278,-297
1619,hosp_covid_dis_covid_hours_for,68140,2020-11-11,Среда,19:55,796,759,37,1037,26,-241,-267
1620,hosp_covid_dis_covid_hours_for,68142,2020-11-11,Среда,20:55,865,827,38,1039,26,-174,-200
1621,hosp_covid_dis_covid_hours_for,68144,2020-11-11,Среда,21:55,922,883,39,1041,26,-119,-145
1622,hosp_covid_dis_covid_hours_for,68146,2020-11-11,Среда,22:55,978,937,41,1045,26,-67,-93
1623,hosp_covid_dis_covid_hours_for,68148,2020-11-11,Среда,23:55,1015,973,42,1056,26,-41,-67
1624,hosp_covid_dis_covid_hours_for,68150,2020-11-11,Среда,23:59,1020,978,42,1058,26,-38,-64
1625,hosp_covid_dis_covid_hours_for,68153,2020-11-12,Четверг,00:55,27,27,0,6,0,21,21
1626,hosp_covid_dis_covid_hours_for,68154,2020-11-11,Среда,сутки,1020,978,42,1058,26,-38,-64
1627,hosp_covid_dis_covid_hours_for,68156,2020-11-12,Четверг,01:55,62,61,1,10,0,52,52
1628,hosp_covid_dis_covid_hours_for,68158,2020-11-12,Четверг,02:55,103,102,1,12,0,91,91
1629,hosp_covid_dis_covid_hours_for,68160,2020-11-12,Четверг,03:55,153,152,1,14,0,139,139
1630,hosp_covid_dis_covid_hours_for,68162,2020-11-12,Четверг,04:55,193,192,1,14,0,179,179
1631,hosp_covid_dis_covid_hours_for,68164,2020-11-12,Четверг,05:55,212,211,1,17,0,195,195
1632,hosp_covid_dis_covid_hours_for,68166,2020-11-12,Четверг,06:55,236,233,3,28,0,208,208
1633,hosp_covid_dis_covid_hours_for,68168,2020-11-12,Четверг,07:55,253,250,3,35,0,218,218
1634,hosp_covid_dis_covid_hours_for,68170,2020-11-12,Четверг,08:55,273,270,3,44,0,229,229
1635,hosp_covid_dis_covid_hours_for,68172,2020-11-12,Четверг,09:55,287,284,3,91,0,196,196
1636,hosp_covid_dis_covid_hours_for,68174,2020-11-12,Четверг,10:55,312,308,4,153,0,159,159
1637,hosp_covid_dis_covid_hours_for,68176,2020-11-12,Четверг,11:55,359,350,9,285,15,74,59
1638,hosp_covid_dis_covid_hours_for,68178,2020-11-12,Четверг,12:55,415,403,12,408,19,7,-12
1639,hosp_covid_dis_covid_hours_for,68180,2020-11-12,Четверг,14:00,454,440,14,562,21,-108,-129
1640,hosp_covid_dis_covid_hours_for,68182,2020-11-12,Четверг,15:00,515,498,17,723,21,-208,-229
1641,hosp_covid_dis_covid_hours_for,68184,2020-11-12,Четверг,16:00,575,554,21,834,24,-259,-283
1642,hosp_covid_dis_covid_hours_for,68186,2020-11-12,Четверг,17:00,628,602,26,902,24,-274,-298
1643,hosp_covid_dis_covid_hours_for,68188,2020-11-12,Четверг,18:00,687,654,33,937,23,-250,-273
1644,hosp_covid_dis_covid_hours_for,68190,2020-11-12,Четверг,19:00,725,690,35,948,25,-223,-248
1645,hosp_covid_dis_covid_hours_for,68192,2020-11-12,Четверг,20:00,784,746,38,962,25,-178,-203
1646,hosp_covid_dis_covid_hours_for,68194,2020-11-12,Четверг,21:00,836,795,41,981,25,-145,-170
1647,hosp_covid_dis_covid_hours_for,68196,2020-11-12,Четверг,22:00,887,843,44,984,25,-97,-122
1648,hosp_covid_dis_covid_hours_for,68198,2020-11-12,Четверг,23:00,945,897,48,1009,37,-64,-101
1649,hosp_covid_dis_covid_hours_for,68201,2020-11-13,Пятница,01:00,21,21,0,22,0,-1,-1
1650,hosp_covid_dis_covid_hours_for,68202,2020-11-12,Четверг,сутки,945,897,48,1009,37,-64,-101
1651,hosp_covid_dis_covid_hours_for,68204,2020-11-13,Пятница,02:00,60,60,0,30,0,30,30
1652,hosp_covid_dis_covid_hours_for,68206,2020-11-13,Пятница,03:00,92,92,0,35,0,57,57
1653,hosp_covid_dis_covid_hours_for,68208,2020-11-13,Пятница,04:00,130,129,1,35,0,95,95
1654,hosp_covid_dis_covid_hours_for,68210,2020-11-13,Пятница,05:00,163,162,1,35,0,128,128
1655,hosp_covid_dis_covid_hours_for,68212,2020-11-13,Пятница,06:00,184,183,1,36,0,148,148
1656,hosp_covid_dis_covid_hours_for,68214,2020-11-13,Пятница,07:00,212,210,2,39,0,173,173
1657,hosp_covid_dis_covid_hours_for,68216,2020-11-13,Пятница,08:00,232,227,5,51,0,181,181
1658,hosp_covid_dis_covid_hours_for,68218,2020-11-13,Пятница,09:00,246,241,5,67,1,179,178
1659,hosp_covid_dis_covid_hours_for,68220,2020-11-13,Пятница,10:00,261,255,6,117,1,144,143
1660,hosp_covid_dis_covid_hours_for,68222,2020-11-13,Пятница,11:00,273,264,9,203,1,70,69
1661,hosp_covid_dis_covid_hours_for,68224,2020-11-13,Пятница,12:00,305,297,8,339,1,-34,-35
1662,hosp_covid_dis_covid_hours_for,68226,2020-11-13,Пятница,13:00,339,328,11,502,9,-163,-172
1663,hosp_covid_dis_covid_hours_for,68228,2020-11-13,Пятница,14:00,388,373,15,676,11,-288,-299
1664,hosp_covid_dis_covid_hours_for,68230,2020-11-13,Пятница,15:00,444,424,20,867,14,-423,-437
1665,hosp_covid_dis_covid_hours_for,68232,2020-11-13,Пятница,16:00,501,478,23,1020,14,-519,-533
1666,hosp_covid_dis_covid_hours_for,68234,2020-11-13,Пятница,17:00,565,538,27,1103,16,-538,-554
1667,hosp_covid_dis_covid_hours_for,68236,2020-11-13,Пятница,18:00,624,589,35,1166,16,-542,-558
1668,hosp_covid_dis_covid_hours_for,68238,2020-11-13,Пятница,19:00,685,641,44,1184,16,-499,-515
1669,hosp_covid_dis_covid_hours_for,68240,2020-11-13,Пятница,20:00,742,696,46,1196,16,-454,-470
1670,hosp_covid_dis_covid_hours_for,68242,2020-11-13,Пятница,21:00,802,752,50,1199,16,-397,-413
1671,hosp_covid_dis_covid_hours_for,68244,2020-11-13,Пятница,22:00,863,809,54,1201,16,-338,-354
1672,hosp_covid_dis_covid_hours_for,68250,2020-11-13,Пятница,23:00,912,856,56,1204,16,-292,-308
1673,hosp_covid_dis_covid_hours_for,68253,2020-11-14,Суббота,01:00,24,24,0,8,0,16,16
1674,hosp_covid_dis_covid_hours_for,68254,2020-11-13,Пятница,сутки,964,904,60,1218,16,-254,-270
1675,hosp_covid_dis_covid_hours_for,68256,2020-11-14,Суббота,02:00,64,64,0,11,0,53,53
1676,hosp_covid_dis_covid_hours_for,68258,2020-11-14,Суббота,03:00,108,107,1,14,0,94,94
1677,hosp_covid_dis_covid_hours_for,68260,2020-11-14,Суббота,04:00,157,156,1,19,0,138,138
1678,hosp_covid_dis_covid_hours_for,68262,2020-11-14,Суббота,05:00,193,192,1,20,0,173,173
1679,hosp_covid_dis_covid_hours_for,68264,2020-11-14,Суббота,06:00,224,223,1,21,0,203,203
1680,hosp_covid_dis_covid_hours_for,68266,2020-11-14,Суббота,07:00,240,239,1,30,0,210,210
1681,hosp_covid_dis_covid_hours_for,68268,2020-11-14,Суббота,08:00,263,262,1,49,0,214,214
1682,hosp_covid_dis_covid_hours_for,68270,2020-11-14,Суббота,09:01,274,272,2,69,0,205,205
1683,hosp_covid_dis_covid_hours_for,68272,2020-11-14,Суббота,10:00,289,286,3,113,3,176,173
1684,hosp_covid_dis_covid_hours_for,68274,2020-11-14,Суббота,11:00,302,298,4,168,5,134,129
1685,hosp_covid_dis_covid_hours_for,68276,2020-11-14,Суббота,12:00,326,320,6,269,6,57,51
1686,hosp_covid_dis_covid_hours_for,68278,2020-11-14,Суббота,13:00,378,370,8,357,8,21,13
1687,hosp_covid_dis_covid_hours_for,68280,2020-11-14,Суббота,14:00,430,420,10,478,8,-48,-56
1688,hosp_covid_dis_covid_hours_for,68282,2020-11-14,Суббота,15:00,494,477,17,554,8,-60,-68
1689,hosp_covid_dis_covid_hours_for,68284,2020-11-14,Суббота,16:00,553,533,20,615,8,-62,-70
1690,hosp_covid_dis_covid_hours_for,68286,2020-11-14,Суббота,17:00,607,585,22,634,8,-27,-35
1691,hosp_covid_dis_covid_hours_for,68288,2020-11-14,Суббота,18:00,673,645,28,653,8,20,12
1692,hosp_covid_dis_covid_hours_for,68290,2020-11-14,Суббота,19:00,735,705,30,685,8,50,42
1693,hosp_covid_dis_covid_hours_for,68292,2020-11-14,Суббота,20:00,784,751,33,703,8,81,73
1694,hosp_covid_dis_covid_hours_for,68294,2020-11-14,Суббота,21:00,836,800,36,743,8,93,85
1695,hosp_covid_dis_covid_hours_for,68296,2020-11-14,Суббота,22:00,877,839,38,756,8,121,113
1696,hosp_covid_dis_covid_hours_for,68302,2020-11-14,Суббота,23:00,911,872,39,771,8,140,132
1697,hosp_covid_dis_covid_hours_for,68305,2020-11-15,Воскресенье,01:00,27,27,0,4,0,23,23
1698,hosp_covid_dis_covid_hours_for,68306,2020-11-14,Суббота,сутки,965,923,42,784,8,181,173
1699,hosp_covid_dis_covid_hours_for,68308,2020-11-15,Воскресенье,02:00,59,58,1,8,0,51,51
1700,hosp_covid_dis_covid_hours_for,68310,2020-11-15,Воскресенье,03:00,90,89,1,9,0,81,81
1701,hosp_covid_dis_covid_hours_for,68312,2020-11-15,Воскресенье,04:00,127,126,1,11,0,116,116
1702,hosp_covid_dis_covid_hours_for,68314,2020-11-15,Воскресенье,05:00,151,150,1,12,0,139,139
1703,hosp_covid_dis_covid_hours_for,68316,2020-11-15,Воскресенье,06:00,180,179,1,15,0,165,165
1704,hosp_covid_dis_covid_hours_for,68318,2020-11-15,Воскресенье,07:00,203,202,1,39,0,164,164
1705,hosp_covid_dis_covid_hours_for,68320,2020-11-15,Воскресенье,08:00,221,220,1,49,0,172,172
1706,hosp_covid_dis_covid_hours_for,68322,2020-11-15,Воскресенье,09:00,233,232,1,68,0,165,165
1707,hosp_covid_dis_covid_hours_for,68324,2020-11-15,Воскресенье,10:00,243,240,3,110,0,133,133
1708,hosp_covid_dis_covid_hours_for,68326,2020-11-15,Воскресенье,11:00,255,252,3,155,3,100,97
1709,hosp_covid_dis_covid_hours_for,68328,2020-11-15,Воскресенье,12:00,284,281,3,209,21,75,54
1710,hosp_covid_dis_covid_hours_for,68330,2020-11-15,Воскресенье,13:00,318,314,4,302,21,16,-5
1711,hosp_covid_dis_covid_hours_for,68332,2020-11-15,Воскресенье,14:00,361,354,7,388,42,-27,-69
1712,hosp_covid_dis_covid_hours_for,68334,2020-11-15,Воскресенье,15:00,403,394,9,466,44,-63,-107
1713,hosp_covid_dis_covid_hours_for,68336,2020-11-15,Воскресенье,16:00,440,429,11,513,44,-73,-117
1714,hosp_covid_dis_covid_hours_for,68338,2020-11-15,Воскресенье,17:00,479,464,15,551,46,-72,-118
1715,hosp_covid_dis_covid_hours_for,68340,2020-11-15,Воскресенье,18:00,522,504,18,563,46,-41,-87
1716,hosp_covid_dis_covid_hours_for,68342,2020-11-15,Воскресенье,19:00,574,552,22,572,46,2,-44
1717,hosp_covid_dis_covid_hours_for,68344,2020-11-15,Воскресенье,20:00,607,583,24,588,46,19,-27
1718,hosp_covid_dis_covid_hours_for,68346,2020-11-15,Воскресенье,21:00,646,619,27,597,46,49,3
1719,hosp_covid_dis_covid_hours_for,68348,2020-11-15,Воскресенье,22:00,683,653,30,606,46,77,31
1720,hosp_covid_dis_covid_hours_for,68354,2020-11-15,Воскресенье,23:00,730,700,30,613,48,117,69
1721,hosp_covid_dis_covid_hours_for,68357,2020-11-16,Понедельник,01:00,23,23,0,7,0,16,16
1722,hosp_covid_dis_covid_hours_for,68358,2020-11-15,Воскресенье,сутки,765,735,30,615,48,150,102
1723,hosp_covid_dis_covid_hours_for,68360,2020-11-16,Понедельник,02:00,53,53,0,10,0,43,43
1724,hosp_covid_dis_covid_hours_for,68362,2020-11-16,Понедельник,03:00,86,86,0,14,0,72,72
1725,hosp_covid_dis_covid_hours_for,68364,2020-11-16,Понедельник,04:00,108,108,0,20,0,88,88
1726,hosp_covid_dis_covid_hours_for,68366,2020-11-16,Понедельник,05:00,121,121,0,22,0,99,99
1727,hosp_covid_dis_covid_hours_for,68368,2020-11-16,Понедельник,06:00,131,131,0,23,0,108,108
1728,hosp_covid_dis_covid_hours_for,68370,2020-11-16,Понедельник,07:00,152,152,0,37,0,115,115
1729,hosp_covid_dis_covid_hours_for,68372,2020-11-16,Понедельник,08:00,161,160,1,52,0,109,109
1730,hosp_covid_dis_covid_hours_for,68374,2020-11-16,Понедельник,09:00,166,165,1,62,0,104,104
1731,hosp_covid_dis_covid_hours_for,68376,2020-11-16,Понедельник,10:00,175,172,3,92,0,83,83
1732,hosp_covid_dis_covid_hours_for,68378,2020-11-16,Понедельник,11:01,188,183,5,183,1,5,4
1733,hosp_covid_dis_covid_hours_for,68380,2020-11-16,Понедельник,12:00,236,227,9,320,1,-84,-85
1734,hosp_covid_dis_covid_hours_for,68382,2020-11-16,Понедельник,13:00,289,277,12,496,14,-207,-221
1735,hosp_covid_dis_covid_hours_for,68384,2020-11-16,Понедельник,14:00,344,329,15,672,14,-328,-342
1736,hosp_covid_dis_covid_hours_for,68386,2020-11-16,Понедельник,15:00,394,377,17,799,17,-405,-422
1737,hosp_covid_dis_covid_hours_for,68388,2020-11-16,Понедельник,16:00,455,431,24,958,18,-503,-521
1738,hosp_covid_dis_covid_hours_for,68390,2020-11-16,Понедельник,17:00,504,480,24,1043,18,-539,-557
1739,hosp_covid_dis_covid_hours_for,68392,2020-11-16,Понедельник,18:00,562,533,29,1111,23,-549,-572
1740,hosp_covid_dis_covid_hours_for,68394,2020-11-16,Понедельник,19:00,608,573,35,1165,23,-557,-580
1741,hosp_covid_dis_covid_hours_for,68396,2020-11-16,Понедельник,20:00,665,625,40,1192,25,-527,-552
1742,hosp_covid_dis_covid_hours_for,68398,2020-11-16,Понедельник,21:00,712,665,47,1201,25,-489,-514
1743,hosp_covid_dis_covid_hours_for,68400,2020-11-16,Понедельник,22:00,752,704,48,1207,25,-455,-480
1744,hosp_covid_dis_covid_hours_for,68406,2020-11-16,Понедельник,23:00,818,767,51,1212,25,-394,-419
1745,hosp_covid_dis_covid_hours_for,68409,2020-11-17,Вторник,01:00,38,38,0,2,0,36,36
1746,hosp_covid_dis_covid_hours_for,68410,2020-11-16,Понедельник,сутки,866,812,54,1217,25,-351,-376
1747,hosp_covid_dis_covid_hours_for,68412,2020-11-17,Вторник,02:00,78,78,0,12,0,66,66
1748,hosp_covid_dis_covid_hours_for,68414,2020-11-17,Вторник,03:00,122,122,0,15,0,107,107
1749,hosp_covid_dis_covid_hours_for,68416,2020-11-17,Вторник,04:00,168,168,0,21,0,147,147
1750,hosp_covid_dis_covid_hours_for,68418,2020-11-17,Вторник,05:00,205,205,0,22,0,183,183
1751,hosp_covid_dis_covid_hours_for,68420,2020-11-17,Вторник,06:00,239,238,1,25,0,214,214
1752,hosp_covid_dis_covid_hours_for,68422,2020-11-17,Вторник,07:00,271,270,1,29,0,242,242
1753,hosp_covid_dis_covid_hours_for,68424,2020-11-17,Вторник,08:00,295,294,1,36,0,259,259
1754,hosp_covid_dis_covid_hours_for,68426,2020-11-17,Вторник,09:00,325,322,3,59,0,266,266
1755,hosp_covid_dis_covid_hours_for,68428,2020-11-17,Вторник,10:00,335,332,3,119,0,216,216
1756,hosp_covid_dis_covid_hours_for,68430,2020-11-17,Вторник,11:00,352,347,5,274,0,78,78
1757,hosp_covid_dis_covid_hours_for,68432,2020-11-17,Вторник,12:00,382,375,7,444,0,-62,-62
1758,hosp_covid_dis_covid_hours_for,68434,2020-11-17,Вторник,13:06,428,419,9,609,5,-181,-186
1759,hosp_covid_dis_covid_hours_for,68436,2020-11-17,Вторник,14:00,481,467,14,763,6,-282,-288
1760,hosp_covid_dis_covid_hours_for,68438,2020-11-17,Вторник,15:00,522,505,17,895,9,-373,-382
1761,hosp_covid_dis_covid_hours_for,68440,2020-11-17,Вторник,16:00,590,565,25,1005,9,-415,-424
1762,hosp_covid_dis_covid_hours_for,68442,2020-11-17,Вторник,17:00,639,610,29,1098,16,-459,-475
1763,hosp_covid_dis_covid_hours_for,68444,2020-11-17,Вторник,18:00,681,643,38,1158,16,-477,-493
1764,hosp_covid_dis_covid_hours_for,68446,2020-11-17,Вторник,19:00,734,692,42,1182,16,-448,-464
1765,hosp_covid_dis_covid_hours_for,68448,2020-11-17,Вторник,20:00,785,741,44,1216,16,-431,-447
1766,hosp_covid_dis_covid_hours_for,68450,2020-11-17,Вторник,21:00,843,803,40,1225,16,-382,-398
1767,hosp_covid_dis_covid_hours_for,68452,2020-11-17,Вторник,22:00,897,854,43,1231,16,-334,-350
1768,hosp_covid_dis_covid_hours_for,68458,2020-11-17,Вторник,23:00,931,883,48,1236,16,-305,-321
1769,hosp_covid_dis_covid_hours_for,68461,2020-11-18,Среда,01:00,24,24,0,3,0,21,21
1770,hosp_covid_dis_covid_hours_for,68462,2020-11-17,Вторник,сутки,991,938,53,1240,16,-249,-265
1771,hosp_covid_dis_covid_hours_for,68464,2020-11-18,Среда,02:00,57,57,0,6,0,51,51
1772,hosp_covid_dis_covid_hours_for,68466,2020-11-18,Среда,03:00,99,99,0,8,0,91,91
1773,hosp_covid_dis_covid_hours_for,68468,2020-11-18,Среда,04:00,131,131,0,11,0,120,120
1774,hosp_covid_dis_covid_hours_for,68470,2020-11-18,Среда,05:00,168,167,1,12,0,156,156
1775,hosp_covid_dis_covid_hours_for,68472,2020-11-18,Среда,06:00,199,198,1,20,0,179,179
1776,hosp_covid_dis_covid_hours_for,68474,2020-11-18,Среда,07:00,226,225,1,27,0,199,199
1777,hosp_covid_dis_covid_hours_for,68476,2020-11-18,Среда,08:00,244,243,1,46,0,198,198
1778,hosp_covid_dis_covid_hours_for,68478,2020-11-18,Среда,09:00,261,259,2,95,0,166,166
1779,hosp_covid_dis_covid_hours_for,68480,2020-11-18,Среда,10:00,283,280,3,162,0,121,121
1780,hosp_covid_dis_covid_hours_for,68482,2020-11-18,Среда,11:00,307,302,5,273,0,34,34
1781,hosp_covid_dis_covid_hours_for,68484,2020-11-18,Среда,12:00,339,331,8,403,4,-64,-68
1782,hosp_covid_dis_covid_hours_for,68486,2020-11-18,Среда,13:00,390,378,12,561,4,-171,-175
1783,hosp_covid_dis_covid_hours_for,68488,2020-11-18,Среда,14:00,452,435,17,719,10,-267,-277
1784,hosp_covid_dis_covid_hours_for,68490,2020-11-18,Среда,15:00,526,499,27,849,12,-323,-335
1785,hosp_covid_dis_covid_hours_for,68492,2020-11-18,Среда,16:00,594,561,33,955,13,-361,-374
1786,hosp_covid_dis_covid_hours_for,68494,2020-11-18,Среда,17:00,654,615,39,997,13,-343,-356
1787,hosp_covid_dis_covid_hours_for,68496,2020-11-18,Среда,18:00,717,675,42,1040,13,-323,-336
1788,hosp_covid_dis_covid_hours_for,68498,2020-11-18,Среда,19:00,770,725,45,1060,13,-290,-303
1789,hosp_covid_dis_covid_hours_for,68500,2020-11-18,Среда,20:00,815,768,47,1074,13,-259,-272
1790,hosp_covid_dis_covid_hours_for,68502,2020-11-18,Среда,21:00,867,819,48,1078,13,-211,-224
1791,hosp_covid_dis_covid_hours_for,68504,2020-11-18,Среда,22:00,912,862,50,1083,13,-171,-184
1792,hosp_covid_dis_covid_hours_for,68510,2020-11-18,Среда,23:00,976,923,53,1084,13,-108,-121
1793,hosp_covid_dis_covid_hours_for,68513,2020-11-19,Четверг,01:00,33,31,2,2,0,31,31
1794,hosp_covid_dis_covid_hours_for,68514,2020-11-18,Среда,сутки,1019,966,53,1089,13,-70,-83
1795,hosp_covid_dis_covid_hours_for,68516,2020-11-19,Четверг,02:00,73,69,4,3,0,70,70
1796,hosp_covid_dis_covid_hours_for,68518,2020-11-19,Четверг,03:00,104,100,4,11,0,93,93
1797,hosp_covid_dis_covid_hours_for,68520,2020-11-19,Четверг,04:00,148,144,4,13,0,135,135
1798,hosp_covid_dis_covid_hours_for,68522,2020-11-19,Четверг,05:00,184,180,4,13,0,171,171
1799,hosp_covid_dis_covid_hours_for,68524,2020-11-19,Четверг,06:00,209,204,5,17,0,192,192
1800,hosp_covid_dis_covid_hours_for,68526,2020-11-19,Четверг,07:00,224,221,3,22,0,202,202
1801,hosp_covid_dis_covid_hours_for,68528,2020-11-19,Четверг,08:00,242,239,3,38,0,204,204
1802,hosp_covid_dis_covid_hours_for,68530,2020-11-19,Четверг,09:00,254,251,3,89,0,165,165
1803,hosp_covid_dis_covid_hours_for,68532,2020-11-19,Четверг,10:00,264,260,4,171,0,93,93
1804,hosp_covid_dis_covid_hours_for,68534,2020-11-19,Четверг,11:00,292,281,11,292,7,0,-7
1805,hosp_covid_dis_covid_hours_for,68536,2020-11-19,Четверг,12:00,322,313,9,419,9,-97,-106
1806,hosp_covid_dis_covid_hours_for,68538,2020-11-19,Четверг,13:00,378,365,13,564,18,-186,-204
1807,hosp_covid_dis_covid_hours_for,68540,2020-11-19,Четверг,14:00,428,415,13,747,19,-319,-338
1808,hosp_covid_dis_covid_hours_for,68542,2020-11-19,Четверг,15:00,473,457,16,872,21,-399,-420
1809,hosp_covid_dis_covid_hours_for,68544,2020-11-19,Четверг,16:00,522,506,16,981,21,-459,-480
1810,hosp_covid_dis_covid_hours_for,68546,2020-11-19,Четверг,17:00,587,569,18,1033,21,-446,-467
1811,hosp_covid_dis_covid_hours_for,68548,2020-11-19,Четверг,18:00,638,620,18,1070,21,-432,-453
1812,hosp_covid_dis_covid_hours_for,68550,2020-11-19,Четверг,19:00,691,668,23,1090,21,-399,-420
1813,hosp_covid_dis_covid_hours_for,68552,2020-11-19,Четверг,20:00,756,730,26,1095,21,-339,-360
1814,hosp_covid_dis_covid_hours_for,68554,2020-11-19,Четверг,21:00,801,774,27,1101,21,-300,-321
1815,hosp_covid_dis_covid_hours_for,68556,2020-11-19,Четверг,22:00,859,832,27,1105,21,-246,-267
1816,hosp_covid_dis_covid_hours_for,68562,2020-11-19,Четверг,23:00,909,879,30,1108,21,-199,-220
1817,hosp_covid_dis_covid_hours_for,68565,2020-11-20,Пятница,01:00,22,22,0,1,0,21,21
1818,hosp_covid_dis_covid_hours_for,68566,2020-11-19,Четверг,сутки,965,932,33,1112,21,-147,-168
1819,hosp_covid_dis_covid_hours_for,68568,2020-11-20,Пятница,02:00,53,53,0,2,0,51,51
1820,hosp_covid_dis_covid_hours_for,68570,2020-11-20,Пятница,03:00,91,91,0,8,0,83,83
1821,hosp_covid_dis_covid_hours_for,68572,2020-11-20,Пятница,04:00,129,128,1,11,0,118,118
1822,hosp_covid_dis_covid_hours_for,68574,2020-11-20,Пятница,05:00,161,160,1,14,0,147,147
1823,hosp_covid_dis_covid_hours_for,68576,2020-11-20,Пятница,06:00,196,195,1,19,0,177,177
1824,hosp_covid_dis_covid_hours_for,68578,2020-11-20,Пятница,07:00,228,226,2,39,0,189,189
1825,hosp_covid_dis_covid_hours_for,68580,2020-11-20,Пятница,08:00,253,252,1,55,0,198,198
1826,hosp_covid_dis_covid_hours_for,68582,2020-11-20,Пятница,09:00,273,272,1,99,0,174,174
1827,hosp_covid_dis_covid_hours_for,68584,2020-11-20,Пятница,10:00,290,287,3,188,0,102,102
1828,hosp_covid_dis_covid_hours_for,68586,2020-11-20,Пятница,11:00,304,296,8,315,0,-11,-11
1829,hosp_covid_dis_covid_hours_for,68588,2020-11-20,Пятница,12:00,340,328,12,450,0,-110,-110
1830,hosp_covid_dis_covid_hours_for,68590,2020-11-20,Пятница,13:00,395,380,15,673,10,-278,-288
1831,hosp_covid_dis_covid_hours_for,68592,2020-11-20,Пятница,14:01,459,436,23,843,14,-384,-398
1832,hosp_covid_dis_covid_hours_for,68594,2020-11-20,Пятница,15:00,521,489,32,1022,14,-501,-515
1833,hosp_covid_dis_covid_hours_for,68596,2020-11-20,Пятница,16:00,578,539,39,1136,14,-558,-572
1834,hosp_covid_dis_covid_hours_for,68598,2020-11-20,Пятница,17:00,628,585,43,1237,14,-609,-623
1835,hosp_covid_dis_covid_hours_for,68600,2020-11-20,Пятница,18:00,710,658,52,1267,14,-557,-571
1836,hosp_covid_dis_covid_hours_for,68602,2020-11-20,Пятница,19:00,777,720,57,1277,14,-500,-514
1837,hosp_covid_dis_covid_hours_for,68604,2020-11-20,Пятница,20:00,835,775,60,1289,14,-454,-468
1838,hosp_covid_dis_covid_hours_for,68606,2020-11-20,Пятница,21:00,896,835,61,1297,14,-401,-415
1839,hosp_covid_dis_covid_hours_for,68608,2020-11-20,Пятница,22:00,948,885,63,1306,14,-358,-372
1840,hosp_covid_dis_covid_hours_for,68614,2020-11-20,Пятница,23:00,1010,944,66,1309,14,-299,-313
1841,hosp_covid_dis_covid_hours_for,68617,2020-11-21,Суббота,01:00,23,22,1,4,0,19,19
1842,hosp_covid_dis_covid_hours_for,68618,2020-11-20,Пятница,сутки,1077,1011,66,1316,14,-239,-253
1843,hosp_covid_dis_covid_hours_for,68620,2020-11-21,Суббота,02:00,62,61,1,7,0,55,55
1844,hosp_covid_dis_covid_hours_for,68622,2020-11-21,Суббота,03:00,122,121,1,9,0,113,113
1845,hosp_covid_dis_covid_hours_for,68624,2020-11-21,Суббота,04:00,161,160,1,13,0,148,148
1846,hosp_covid_dis_covid_hours_for,68626,2020-11-21,Суббота,05:00,195,194,1,19,0,176,176
1847,hosp_covid_dis_covid_hours_for,68628,2020-11-21,Суббота,06:00,217,216,1,21,0,196,196
1848,hosp_covid_dis_covid_hours_for,68630,2020-11-21,Суббота,07:00,245,244,1,21,0,224,224
1849,hosp_covid_dis_covid_hours_for,68632,2020-11-21,Суббота,08:00,275,271,4,47,0,228,228
1850,hosp_covid_dis_covid_hours_for,68634,2020-11-21,Суббота,09:00,305,301,4,78,0,227,227
1851,hosp_covid_dis_covid_hours_for,68636,2020-11-21,Суббота,10:00,324,319,5,134,0,190,190
1852,hosp_covid_dis_covid_hours_for,68638,2020-11-21,Суббота,11:00,342,336,6,218,0,124,124
1853,hosp_covid_dis_covid_hours_for,68640,2020-11-21,Суббота,12:00,379,371,8,318,3,61,58
1854,hosp_covid_dis_covid_hours_for,68642,2020-11-21,Суббота,13:00,420,410,10,461,6,-41,-47
1855,hosp_covid_dis_covid_hours_for,68644,2020-11-21,Суббота,14:00,464,453,11,575,12,-111,-123
1856,hosp_covid_dis_covid_hours_for,68646,2020-11-21,Суббота,15:00,522,503,19,688,18,-166,-184
1857,hosp_covid_dis_covid_hours_for,68648,2020-11-21,Суббота,16:00,586,559,27,735,18,-149,-167
1858,hosp_covid_dis_covid_hours_for,68650,2020-11-21,Суббота,17:00,643,614,29,753,18,-110,-128
1859,hosp_covid_dis_covid_hours_for,68652,2020-11-21,Суббота,18:00,685,654,31,785,18,-100,-118
1860,hosp_covid_dis_covid_hours_for,68654,2020-11-21,Суббота,19:00,745,712,33,798,21,-53,-74
1861,hosp_covid_dis_covid_hours_for,68656,2020-11-21,Суббота,20:00,798,759,39,809,21,-11,-32
1862,hosp_covid_dis_covid_hours_for,68658,2020-11-21,Суббота,21:00,843,801,42,818,21,25,4
1863,hosp_covid_dis_covid_hours_for,68660,2020-11-21,Суббота,22:00,891,842,49,824,21,67,46
1864,hosp_covid_dis_covid_hours_for,68666,2020-11-21,Суббота,23:00,941,889,52,825,21,116,95
1865,hosp_covid_dis_covid_hours_for,68669,2020-11-22,Воскресенье,01:00,24,24,0,7,0,17,17
1866,hosp_covid_dis_covid_hours_for,68670,2020-11-21,Суббота,сутки,997,945,52,831,21,166,128
1867,hosp_covid_dis_covid_hours_for,68672,2020-11-22,Воскресенье,02:00,60,60,0,11,0,49,49
1868,hosp_covid_dis_covid_hours_for,68674,2020-11-22,Воскресенье,03:00,82,82,0,12,0,70,70
1869,hosp_covid_dis_covid_hours_for,68676,2020-11-22,Воскресенье,04:00,115,115,0,13,0,102,102
1870,hosp_covid_dis_covid_hours_for,68678,2020-11-22,Воскресенье,05:00,146,145,1,18,0,128,128
1871,hosp_covid_dis_covid_hours_for,68680,2020-11-22,Воскресенье,06:00,171,170,1,19,0,152,152
1872,hosp_covid_dis_covid_hours_for,68682,2020-11-22,Воскресенье,07:00,187,186,1,23,0,164,164
1873,hosp_covid_dis_covid_hours_for,68684,2020-11-22,Воскресенье,08:00,209,208,1,37,0,172,172
1874,hosp_covid_dis_covid_hours_for,68686,2020-11-22,Воскресенье,09:00,228,226,2,64,1,164,163
1875,hosp_covid_dis_covid_hours_for,68688,2020-11-22,Воскресенье,10:00,246,243,3,105,1,141,140
1876,hosp_covid_dis_covid_hours_for,68690,2020-11-22,Воскресенье,11:00,265,262,3,162,4,103,99
1877,hosp_covid_dis_covid_hours_for,68692,2020-11-22,Воскресенье,12:00,294,289,5,222,12,72,60
1878,hosp_covid_dis_covid_hours_for,68694,2020-11-22,Воскресенье,13:00,325,319,6,302,15,23,8
1879,hosp_covid_dis_covid_hours_for,68696,2020-11-22,Воскресенье,14:00,363,355,8,371,20,-8,-28
1880,hosp_covid_dis_covid_hours_for,68698,2020-11-22,Воскресенье,15:00,418,409,9,446,21,-28,-49
1881,hosp_covid_dis_covid_hours_for,68700,2020-11-22,Воскресенье,16:00,469,457,12,490,21,-21,-42
1882,hosp_covid_dis_covid_hours_for,68702,2020-11-22,Воскресенье,17:00,512,499,13,524,21,-12,-33
1883,hosp_covid_dis_covid_hours_for,68704,2020-11-22,Воскресенье,18:00,552,537,15,541,21,11,-10
1884,hosp_covid_dis_covid_hours_for,68706,2020-11-22,Воскресенье,19:00,595,578,17,560,21,35,14
1885,hosp_covid_dis_covid_hours_for,68708,2020-11-22,Воскресенье,20:00,640,620,20,573,22,67,45
1886,hosp_covid_dis_covid_hours_for,68710,2020-11-22,Воскресенье,21:00,691,671,20,587,22,104,82
1887,hosp_covid_dis_covid_hours_for,68712,2020-11-22,Воскресенье,22:00,733,712,21,598,22,135,113
1888,hosp_covid_dis_covid_hours_for,68718,2020-11-22,Воскресенье,23:00,771,748,23,601,22,170,148
1889,hosp_covid_dis_covid_hours_for,68721,2020-11-23,Понедельник,01:00,18,18,0,5,0,13,13
1890,hosp_covid_dis_covid_hours_for,68722,2020-11-22,Воскресенье,сутки,805,779,26,608,22,197,175
1891,hosp_covid_dis_covid_hours_for,68724,2020-11-23,Понедельник,02:00,52,52,0,10,0,42,42
1892,hosp_covid_dis_covid_hours_for,68726,2020-11-23,Понедельник,03:00,87,87,0,15,0,72,72
1893,hosp_covid_dis_covid_hours_for,68728,2020-11-23,Понедельник,04:00,117,115,2,22,0,95,95
1894,hosp_covid_dis_covid_hours_for,68730,2020-11-23,Понедельник,05:00,139,137,2,28,0,111,111
1895,hosp_covid_dis_covid_hours_for,68732,2020-11-23,Понедельник,06:00,156,154,2,35,0,121,121
1896,hosp_covid_dis_covid_hours_for,68734,2020-11-23,Понедельник,07:00,172,169,3,39,0,133,133
1897,hosp_covid_dis_covid_hours_for,68736,2020-11-23,Понедельник,08:00,189,186,3,63,0,126,126
1898,hosp_covid_dis_covid_hours_for,68738,2020-11-23,Понедельник,09:00,206,203,3,103,0,103,103
1899,hosp_covid_dis_covid_hours_for,68740,2020-11-23,Понедельник,10:00,225,220,5,152,0,73,73
1900,hosp_covid_dis_covid_hours_for,68742,2020-11-23,Понедельник,11:00,251,242,9,236,0,15,15
1901,hosp_covid_dis_covid_hours_for,68744,2020-11-23,Понедельник,12:00,279,269,10,370,0,-91,-91
1902,hosp_covid_dis_covid_hours_for,68746,2020-11-23,Понедельник,13:00,327,315,12,545,16,-218,-234
1903,hosp_covid_dis_covid_hours_for,68748,2020-11-23,Понедельник,14:00,384,371,13,749,16,-365,-381
1904,hosp_covid_dis_covid_hours_for,68750,2020-11-23,Понедельник,15:00,437,418,19,921,20,-484,-504
1905,hosp_covid_dis_covid_hours_for,68752,2020-11-23,Понедельник,16:00,496,472,24,1081,20,-585,-605
1906,hosp_covid_dis_covid_hours_for,68754,2020-11-23,Понедельник,17:00,556,530,26,1148,21,-592,-613
1907,hosp_covid_dis_covid_hours_for,68756,2020-11-23,Понедельник,18:00,614,582,32,1201,21,-587,-608
1908,hosp_covid_dis_covid_hours_for,68758,2020-11-23,Понедельник,19:00,671,634,37,1216,21,-545,-566
1909,hosp_covid_dis_covid_hours_for,68760,2020-11-23,Понедельник,20:00,733,692,41,1231,21,-498,-519
1910,hosp_covid_dis_covid_hours_for,68762,2020-11-23,Понедельник,21:00,784,742,42,1244,21,-460,-481
1911,hosp_covid_dis_covid_hours_for,68764,2020-11-23,Понедельник,22:00,846,799,47,1247,21,-401,-422
1912,hosp_covid_dis_covid_hours_for,68770,2020-11-23,Понедельник,23:00,900,850,50,1251,21,-351,-372
1913,hosp_covid_dis_covid_hours_for,68773,2020-11-24,Вторник,01:00,18,18,0,2,0,16,16
1914,hosp_covid_dis_covid_hours_for,68774,2020-11-23,Понедельник,сутки,954,902,52,1259,21,-305,-326
1915,hosp_covid_dis_covid_hours_for,68776,2020-11-24,Вторник,02:00,79,78,1,5,0,74,74
1916,hosp_covid_dis_covid_hours_for,68778,2020-11-24,Вторник,03:00,127,126,1,8,0,119,119
1917,hosp_covid_dis_covid_hours_for,68780,2020-11-24,Вторник,04:00,167,165,2,13,0,154,154
1918,hosp_covid_dis_covid_hours_for,68782,2020-11-24,Вторник,05:00,210,208,2,18,0,192,192
1919,hosp_covid_dis_covid_hours_for,68784,2020-11-24,Вторник,06:00,259,256,3,23,0,236,236
1920,hosp_covid_dis_covid_hours_for,68786,2020-11-24,Вторник,07:00,298,295,3,41,0,257,257
1921,hosp_covid_dis_covid_hours_for,68788,2020-11-24,Вторник,08:00,326,323,3,56,0,270,270
1922,hosp_covid_dis_covid_hours_for,68790,2020-11-24,Вторник,09:00,346,343,3,97,0,249,249
1923,hosp_covid_dis_covid_hours_for,68792,2020-11-24,Вторник,10:00,368,364,4,155,0,213,213
1924,hosp_covid_dis_covid_hours_for,68794,2020-11-24,Вторник,11:00,397,389,8,239,0,158,158
1925,hosp_covid_dis_covid_hours_for,68796,2020-11-24,Вторник,12:00,449,436,13,359,3,90,87
1926,hosp_covid_dis_covid_hours_for,68798,2020-11-24,Вторник,13:00,513,494,19,616,13,-103,-116
1927,hosp_covid_dis_covid_hours_for,68800,2020-11-24,Вторник,14:00,573,549,24,787,18,-214,-232
1928,hosp_covid_dis_covid_hours_for,68802,2020-11-24,Вторник,15:00,633,600,33,938,18,-305,-323
1929,hosp_covid_dis_covid_hours_for,68804,2020-11-24,Вторник,16:00,712,671,41,1077,18,-365,-383
1930,hosp_covid_dis_covid_hours_for,68806,2020-11-24,Вторник,17:00,775,730,45,1147,18,-372,-390
1931,hosp_covid_dis_covid_hours_for,68808,2020-11-24,Вторник,18:00,841,792,49,1185,18,-344,-362
1932,hosp_covid_dis_covid_hours_for,68810,2020-11-24,Вторник,19:00,892,839,53,1199,18,-307,-325
1933,hosp_covid_dis_covid_hours_for,68812,2020-11-24,Вторник,20:00,962,907,55,1212,18,-250,-268
1934,hosp_covid_dis_covid_hours_for,68814,2020-11-24,Вторник,21:00,1016,957,59,1218,18,-202,-220
1935,hosp_covid_dis_covid_hours_for,68816,2020-11-24,Вторник,22:00,1026,967,59,1219,18,-193,-211
1936,hosp_covid_dis_covid_hours_for,68822,2020-11-24,Вторник,23:00,1096,1033,63,1221,18,-125,-143
1937,hosp_covid_dis_covid_hours_for,68825,2020-11-25,Среда,01:00,21,19,2,1,0,20,20
1938,hosp_covid_dis_covid_hours_for,68826,2020-11-24,Вторник,сутки,1166,1097,69,1225,18,-59,-77
1939,hosp_covid_dis_covid_hours_for,68828,2020-11-25,Среда,02:00,68,66,2,9,0,59,59
1940,hosp_covid_dis_covid_hours_for,68830,2020-11-25,Среда,03:00,103,99,4,11,0,92,92
1941,hosp_covid_dis_covid_hours_for,68832,2020-11-25,Среда,04:00,130,126,4,17,0,113,113
1942,hosp_covid_dis_covid_hours_for,68834,2020-11-25,Среда,05:00,164,160,4,18,0,146,146
1943,hosp_covid_dis_covid_hours_for,68836,2020-11-25,Среда,06:00,198,191,7,20,0,178,178
1944,hosp_covid_dis_covid_hours_for,68838,2020-11-25,Среда,07:00,221,214,7,28,0,193,193
1945,hosp_covid_dis_covid_hours_for,68840,2020-11-25,Среда,08:00,243,234,9,52,0,191,191
1946,hosp_covid_dis_covid_hours_for,68842,2020-11-25,Среда,09:00,269,259,10,78,0,191,191
1947,hosp_covid_dis_covid_hours_for,68844,2020-11-25,Среда,10:00,293,282,11,173,0,120,120
1948,hosp_covid_dis_covid_hours_for,68846,2020-11-25,Среда,11:00,340,327,13,289,3,51,48
1949,hosp_covid_dis_covid_hours_for,68848,2020-11-25,Среда,12:00,387,373,14,402,5,-15,-20
1950,hosp_covid_dis_covid_hours_for,68850,2020-11-25,Среда,13:00,428,411,17,547,15,-119,-134
1951,hosp_covid_dis_covid_hours_for,68852,2020-11-25,Среда,14:00,496,468,28,723,18,-227,-245
1952,hosp_covid_dis_covid_hours_for,68854,2020-11-25,Среда,15:00,565,530,35,893,18,-328,-346
1953,hosp_covid_dis_covid_hours_for,68856,2020-11-25,Среда,16:00,628,587,41,1027,18,-399,-417
1954,hosp_covid_dis_covid_hours_for,68858,2020-11-25,Среда,17:00,705,654,51,1073,18,-368,-386
1955,hosp_covid_dis_covid_hours_for,68860,2020-11-25,Среда,18:00,770,712,58,1103,18,-333,-351
1956,hosp_covid_dis_covid_hours_for,68862,2020-11-25,Среда,19:00,829,762,67,1130,18,-301,-319
1957,hosp_covid_dis_covid_hours_for,68864,2020-11-25,Среда,20:00,876,806,70,1147,18,-271,-289
1958,hosp_covid_dis_covid_hours_for,68866,2020-11-25,Среда,21:00,943,870,73,1152,18,-209,-227
1959,hosp_covid_dis_covid_hours_for,68868,2020-11-25,Среда,22:00,997,921,76,1163,18,-166,-184
1960,hosp_covid_dis_covid_hours_for,68874,2020-11-25,Среда,23:00,1042,965,77,1165,18,-123,-141
1961,hosp_covid_dis_covid_hours_for,68877,2020-11-26,Четверг,01:00,23,22,1,5,0,18,18
1962,hosp_covid_dis_covid_hours_for,68878,2020-11-25,Среда,сутки,1115,1035,80,1169,18,-54,-72
1963,hosp_covid_dis_covid_hours_for,68880,2020-11-26,Четверг,02:00,70,68,2,8,0,62,62
1964,hosp_covid_dis_covid_hours_for,68882,2020-11-26,Четверг,03:00,107,104,3,10,0,97,97
1965,hosp_covid_dis_covid_hours_for,68884,2020-11-26,Четверг,04:00,144,141,3,11,0,133,133
1966,hosp_covid_dis_covid_hours_for,68886,2020-11-26,Четверг,05:00,183,180,3,12,0,171,171
1967,hosp_covid_dis_covid_hours_for,68888,2020-11-26,Четверг,06:00,216,213,3,12,0,204,204
1968,hosp_covid_dis_covid_hours_for,68890,2020-11-26,Четверг,07:00,253,251,2,28,0,225,225
1969,hosp_covid_dis_covid_hours_for,68892,2020-11-26,Четверг,08:00,289,286,3,53,0,236,236
1970,hosp_covid_dis_covid_hours_for,68894,2020-11-26,Четверг,09:00,308,303,5,89,0,219,219
1971,hosp_covid_dis_covid_hours_for,68896,2020-11-26,Четверг,10:00,319,313,6,142,0,177,177
1972,hosp_covid_dis_covid_hours_for,68898,2020-11-26,Четверг,11:00,353,341,12,226,0,127,127
1973,hosp_covid_dis_covid_hours_for,68900,2020-11-26,Четверг,12:00,386,372,14,384,13,2,-11
1974,hosp_covid_dis_covid_hours_for,68902,2020-11-26,Четверг,13:00,430,413,17,543,23,-113,-136
1975,hosp_covid_dis_covid_hours_for,68904,2020-11-26,Четверг,14:00,485,463,22,679,23,-194,-217
1976,hosp_covid_dis_covid_hours_for,68906,2020-11-26,Четверг,15:00,553,522,31,809,23,-256,-279
1977,hosp_covid_dis_covid_hours_for,68908,2020-11-26,Четверг,16:00,626,589,37,902,23,-276,-299
1978,hosp_covid_dis_covid_hours_for,68910,2020-11-26,Четверг,17:00,692,652,40,984,24,-292,-316
1979,hosp_covid_dis_covid_hours_for,68912,2020-11-26,Четверг,18:00,760,716,44,1015,24,-255,-279
1980,hosp_covid_dis_covid_hours_for,68914,2020-11-26,Четверг,19:00,817,766,51,1059,24,-242,-266
1981,hosp_covid_dis_covid_hours_for,68916,2020-11-26,Четверг,20:00,887,830,57,1063,25,-176,-201
1982,hosp_covid_dis_covid_hours_for,68918,2020-11-26,Четверг,21:00,939,878,61,1069,25,-130,-155
1983,hosp_covid_dis_covid_hours_for,68920,2020-11-26,Четверг,22:00,981,920,61,1071,25,-90,-115
1984,hosp_covid_dis_covid_hours_for,68926,2020-11-26,Четверг,23:00,1049,985,64,1073,25,-24,-49
1985,hosp_covid_dis_covid_hours_for,68929,2020-11-27,Пятница,01:00,36,35,1,1,0,35,35
1986,hosp_covid_dis_covid_hours_for,68930,2020-11-26,Четверг,сутки,1107,1042,65,1076,25,31,6
1987,hosp_covid_dis_covid_hours_for,68932,2020-11-27,Пятница,02:00,81,79,2,4,0,77,77
1988,hosp_covid_dis_covid_hours_for,68934,2020-11-27,Пятница,03:00,127,125,2,9,0,118,118
1989,hosp_covid_dis_covid_hours_for,68936,2020-11-27,Пятница,04:00,167,165,2,20,0,147,147
1990,hosp_covid_dis_covid_hours_for,68938,2020-11-27,Пятница,05:00,199,197,2,23,0,176,176
1991,hosp_covid_dis_covid_hours_for,68940,2020-11-27,Пятница,06:00,231,227,4,31,0,200,200
1992,hosp_covid_dis_covid_hours_for,68942,2020-11-27,Пятница,07:00,262,258,4,68,0,194,194
1993,hosp_covid_dis_covid_hours_for,68944,2020-11-27,Пятница,08:00,299,293,6,85,0,214,214
1994,hosp_covid_dis_covid_hours_for,68946,2020-11-27,Пятница,09:00,321,314,7,109,0,212,212
1995,hosp_covid_dis_covid_hours_for,68948,2020-11-27,Пятница,10:00,341,334,7,175,0,166,166
1996,hosp_covid_dis_covid_hours_for,68950,2020-11-27,Пятница,11:00,366,358,8,297,0,69,69
1997,hosp_covid_dis_covid_hours_for,68952,2020-11-27,Пятница,12:00,404,391,13,478,6,-74,-80
1998,hosp_covid_dis_covid_hours_for,68954,2020-11-27,Пятница,13:00,455,433,22,673,12,-218,-230
1999,hosp_covid_dis_covid_hours_for,68956,2020-11-27,Пятница,14:00,522,491,31,871,12,-349,-361
2000,hosp_covid_dis_covid_hours_for,68958,2020-11-27,Пятница,15:00,587,550,37,1024,19,-437,-456
2001,hosp_covid_dis_covid_hours_for,68960,2020-11-27,Пятница,16:00,663,617,46,1166,19,-503,-522
2002,hosp_covid_dis_covid_hours_for,68962,2020-11-27,Пятница,17:00,746,696,50,1241,19,-495,-514
2003,hosp_covid_dis_covid_hours_for,68964,2020-11-27,Пятница,18:00,817,761,56,1262,20,-445,-465
2004,hosp_covid_dis_covid_hours_for,68966,2020-11-27,Пятница,19:00,885,820,65,1292,20,-407,-427
2005,hosp_covid_dis_covid_hours_for,68968,2020-11-27,Пятница,20:00,951,884,67,1311,20,-360,-380
2006,hosp_covid_dis_covid_hours_for,68970,2020-11-27,Пятница,21:00,1015,945,70,1323,20,-308,-328
2007,hosp_covid_dis_covid_hours_for,68972,2020-11-27,Пятница,22:00,1075,1000,75,1325,20,-250,-270
2008,hosp_covid_dis_covid_hours_for,68978,2020-11-27,Пятница,23:00,1125,1045,80,1333,20,-208,-228
2009,hosp_covid_dis_covid_hours_for,68981,2020-11-28,Суббота,01:00,37,35,2,2,0,35,35
2010,hosp_covid_dis_covid_hours_for,68982,2020-11-27,Пятница,сутки,1177,1091,86,1336,20,-159,-179
2011,hosp_covid_dis_covid_hours_for,68984,2020-11-28,Суббота,02:00,91,87,4,5,0,86,86
2012,hosp_covid_dis_covid_hours_for,68986,2020-11-28,Суббота,03:00,137,131,6,6,0,131,131
2013,hosp_covid_dis_covid_hours_for,68988,2020-11-28,Суббота,04:00,179,172,7,11,0,168,168
2014,hosp_covid_dis_covid_hours_for,68990,2020-11-28,Суббота,05:00,223,216,7,12,0,211,211
2015,hosp_covid_dis_covid_hours_for,68992,2020-11-28,Суббота,06:00,255,248,7,14,0,241,241
2016,hosp_covid_dis_covid_hours_for,68994,2020-11-28,Суббота,07:00,289,282,7,18,0,271,271
2017,hosp_covid_dis_covid_hours_for,68996,2020-11-28,Суббота,08:00,322,315,7,43,0,279,279
2018,hosp_covid_dis_covid_hours_for,68998,2020-11-28,Суббота,09:00,344,336,8,104,0,240,240
2019,hosp_covid_dis_covid_hours_for,69000,2020-11-28,Суббота,10:00,363,353,10,175,0,188,188
2020,hosp_covid_dis_covid_hours_for,69002,2020-11-28,Суббота,11:00,393,381,12,259,3,134,131
2021,hosp_covid_dis_covid_hours_for,69004,2020-11-28,Суббота,12:00,443,427,16,378,9,65,56
2022,hosp_covid_dis_covid_hours_for,69006,2020-11-28,Суббота,13:00,497,476,21,496,24,1,-23
2023,hosp_covid_dis_covid_hours_for,69008,2020-11-28,Суббота,14:00,555,530,25,640,24,-85,-109
2024,hosp_covid_dis_covid_hours_for,69010,2020-11-28,Суббота,15:00,617,588,29,750,24,-133,-157
2025,hosp_covid_dis_covid_hours_for,69012,2020-11-28,Суббота,16:00,669,638,31,800,24,-131,-155
2026,hosp_covid_dis_covid_hours_for,69014,2020-11-28,Суббота,17:00,725,689,36,828,24,-103,-127
2027,hosp_covid_dis_covid_hours_for,69016,2020-11-28,Суббота,18:00,781,740,41,846,24,-65,-89
2028,hosp_covid_dis_covid_hours_for,69018,2020-11-28,Суббота,19:00,821,777,44,864,24,-43,-67
2029,hosp_covid_dis_covid_hours_for,69020,2020-11-28,Суббота,20:00,880,835,45,882,24,-2,-26
2030,hosp_covid_dis_covid_hours_for,69022,2020-11-28,Суббота,21:00,934,887,47,888,24,46,22
2031,hosp_covid_dis_covid_hours_for,69024,2020-11-28,Суббота,22:00,977,929,48,895,24,82,58
2032,hosp_covid_dis_covid_hours_for,69030,2020-11-28,Суббота,23:00,1017,968,49,898,27,119,92
2033,hosp_covid_dis_covid_hours_for,69033,2020-11-29,Воскресенье,01:00,19,19,0,4,0,15,15
2034,hosp_covid_dis_covid_hours_for,69034,2020-11-28,Суббота,сутки,1072,1021,51,900,27,172,145
2035,hosp_covid_dis_covid_hours_for,69036,2020-11-29,Воскресенье,02:00,55,54,1,5,0,50,50
2036,hosp_covid_dis_covid_hours_for,69038,2020-11-29,Воскресенье,03:00,92,90,2,5,0,87,87
2037,hosp_covid_dis_covid_hours_for,69040,2020-11-29,Воскресенье,04:00,121,119,2,8,0,113,113
2038,hosp_covid_dis_covid_hours_for,69042,2020-11-29,Воскресенье,05:00,149,147,2,9,0,140,140
2039,hosp_covid_dis_covid_hours_for,69044,2020-11-29,Воскресенье,06:00,165,163,2,12,0,153,153
2040,hosp_covid_dis_covid_hours_for,69046,2020-11-29,Воскресенье,07:00,183,181,2,16,0,167,167
2041,hosp_covid_dis_covid_hours_for,69048,2020-11-29,Воскресенье,08:00,202,200,2,34,0,168,168
2042,hosp_covid_dis_covid_hours_for,69050,2020-11-29,Воскресенье,09:00,210,207,3,50,0,160,160
2043,hosp_covid_dis_covid_hours_for,69052,2020-11-29,Воскресенье,10:00,214,211,3,90,1,124,123
2044,hosp_covid_dis_covid_hours_for,69054,2020-11-29,Воскресенье,11:00,233,230,3,128,5,105,100
2045,hosp_covid_dis_covid_hours_for,69056,2020-11-29,Воскресенье,12:00,272,269,3,211,6,61,55
2046,hosp_covid_dis_covid_hours_for,69058,2020-11-29,Воскресенье,13:00,329,324,5,295,8,34,26
2047,hosp_covid_dis_covid_hours_for,69060,2020-11-29,Воскресенье,14:00,372,366,6,400,8,-28,-36
2048,hosp_covid_dis_covid_hours_for,69062,2020-11-29,Воскресенье,15:00,438,422,16,471,8,-33,-41
2049,hosp_covid_dis_covid_hours_for,69064,2020-11-29,Воскресенье,16:00,494,474,20,517,10,-23,-33
2050,hosp_covid_dis_covid_hours_for,69066,2020-11-29,Воскресенье,17:00,541,518,23,552,12,-11,-23
2051,hosp_covid_dis_covid_hours_for,69068,2020-11-29,Воскресенье,18:00,588,564,24,573,12,15,3
2052,hosp_covid_dis_covid_hours_for,69070,2020-11-29,Воскресенье,19:00,636,610,26,595,14,41,27
2053,hosp_covid_dis_covid_hours_for,69072,2020-11-29,Воскресенье,20:00,686,655,31,605,14,81,67
2054,hosp_covid_dis_covid_hours_for,69074,2020-11-29,Воскресенье,21:00,730,699,31,611,14,119,105
2055,hosp_covid_dis_covid_hours_for,69076,2020-11-29,Воскресенье,22:00,767,735,32,618,14,149,135
2056,hosp_covid_dis_covid_hours_for,69082,2020-11-29,Воскресенье,23:00,818,785,33,628,14,190,176
2057,hosp_covid_dis_covid_hours_for,69085,2020-11-30,Понедельник,01:00,23,23,0,0,0,23,23
2058,hosp_covid_dis_covid_hours_for,69086,2020-11-29,Воскресенье,сутки,865,831,34,633,14,232,218
2059,hosp_covid_dis_covid_hours_for,69088,2020-11-30,Понедельник,02:00,58,56,2,1,0,57,57
2060,hosp_covid_dis_covid_hours_for,69090,2020-11-30,Понедельник,03:00,92,88,4,4,0,88,88
2061,hosp_covid_dis_covid_hours_for,69092,2020-11-30,Понедельник,04:00,132,128,4,7,0,125,125
2062,hosp_covid_dis_covid_hours_for,69094,2020-11-30,Понедельник,05:00,165,161,4,7,0,158,158
2063,hosp_covid_dis_covid_hours_for,69096,2020-11-30,Понедельник,06:00,188,184,4,9,0,179,179
2064,hosp_covid_dis_covid_hours_for,69098,2020-11-30,Понедельник,07:00,211,207,4,26,0,185,185
2065,hosp_covid_dis_covid_hours_for,69100,2020-11-30,Понедельник,08:00,231,227,4,49,0,182,182
2066,hosp_covid_dis_covid_hours_for,69102,2020-11-30,Понедельник,09:00,245,239,6,65,0,180,180
2067,hosp_covid_dis_covid_hours_for,69104,2020-11-30,Понедельник,10:00,256,249,7,123,0,133,133
2068,hosp_covid_dis_covid_hours_for,69106,2020-11-30,Понедельник,11:00,270,260,10,252,10,18,8
2069,hosp_covid_dis_covid_hours_for,69108,2020-11-30,Понедельник,12:00,306,293,13,404,12,-98,-110
2070,hosp_covid_dis_covid_hours_for,69110,2020-11-30,Понедельник,13:00,354,337,17,576,22,-222,-244
2071,hosp_covid_dis_covid_hours_for,69112,2020-11-30,Понедельник,14:00,408,389,19,762,22,-354,-376
2072,hosp_covid_dis_covid_hours_for,69114,2020-11-30,Понедельник,15:00,463,438,25,984,22,-521,-543
2073,hosp_covid_dis_covid_hours_for,69116,2020-11-30,Понедельник,16:00,524,497,27,1103,22,-579,-601
2074,hosp_covid_dis_covid_hours_for,69118,2020-11-30,Понедельник,17:00,583,546,37,1174,22,-591,-613
2075,hosp_covid_dis_covid_hours_for,69120,2020-11-30,Понедельник,18:00,646,603,43,1223,22,-577,-599
2076,hosp_covid_dis_covid_hours_for,69122,2020-11-30,Понедельник,19:00,700,649,51,1277,22,-577,-599
2077,hosp_covid_dis_covid_hours_for,69124,2020-11-30,Понедельник,20:00,762,703,59,1287,22,-525,-547
2078,hosp_covid_dis_covid_hours_for,69126,2020-11-30,Понедельник,21:00,822,759,63,1296,22,-474,-496
2079,hosp_covid_dis_covid_hours_for,69128,2020-11-30,Понедельник,22:00,880,815,65,1301,22,-421,-443
2080,hosp_covid_dis_covid_hours_for,69134,2020-11-30,Понедельник,23:00,943,872,71,1306,22,-363,-385
2081,hosp_covid_dis_covid_hours_for,69137,2020-12-01,Вторник,01:00,31,30,1,2,0,29,29
2082,hosp_covid_dis_covid_hours_for,69138,2020-11-30,Понедельник,сутки,1015,938,77,1310,22,-295,-317
2083,hosp_covid_dis_covid_hours_for,69140,2020-12-01,Вторник,02:00,80,79,1,7,0,73,73
2084,hosp_covid_dis_covid_hours_for,69142,2020-12-01,Вторник,03:00,125,124,1,11,0,114,114
2085,hosp_covid_dis_covid_hours_for,69144,2020-12-01,Вторник,04:00,164,162,2,14,0,150,150
2086,hosp_covid_dis_covid_hours_for,69146,2020-12-01,Вторник,05:00,208,206,2,17,0,191,191
2087,hosp_covid_dis_covid_hours_for,69148,2020-12-01,Вторник,06:00,249,247,2,23,0,226,226
2088,hosp_covid_dis_covid_hours_for,69150,2020-12-01,Вторник,07:00,283,280,3,42,0,241,241
2089,hosp_covid_dis_covid_hours_for,69152,2020-12-01,Вторник,08:00,312,309,3,67,0,245,245
2090,hosp_covid_dis_covid_hours_for,69154,2020-12-01,Вторник,09:00,335,331,4,86,0,249,249
2091,hosp_covid_dis_covid_hours_for,69156,2020-12-01,Вторник,10:00,360,355,5,127,0,233,233
2092,hosp_covid_dis_covid_hours_for,69158,2020-12-01,Вторник,11:00,388,383,5,262,7,126,119
2093,hosp_covid_dis_covid_hours_for,69160,2020-12-01,Вторник,12:00,436,429,7,479,12,-43,-55
2094,hosp_covid_dis_covid_hours_for,69162,2020-12-01,Вторник,13:00,487,479,8,686,14,-199,-213
2095,hosp_covid_dis_covid_hours_for,69164,2020-12-01,Вторник,14:00,557,543,14,818,14,-261,-275
2096,hosp_covid_dis_covid_hours_for,69166,2020-12-01,Вторник,15:00,624,607,17,984,20,-360,-380
2097,hosp_covid_dis_covid_hours_for,69168,2020-12-01,Вторник,16:00,681,659,22,1107,21,-426,-447
2098,hosp_covid_dis_covid_hours_for,69170,2020-12-01,Вторник,17:00,743,718,25,1152,21,-409,-430
2099,hosp_covid_dis_covid_hours_for,69172,2020-12-01,Вторник,18:00,819,785,34,1166,22,-347,-369
2100,hosp_covid_dis_covid_hours_for,69174,2020-12-01,Вторник,19:00,884,847,37,1196,22,-312,-334
2101,hosp_covid_dis_covid_hours_for,69176,2020-12-01,Вторник,20:00,950,913,37,1213,22,-263,-285
2102,hosp_covid_dis_covid_hours_for,69178,2020-12-01,Вторник,21:00,1012,972,40,1228,22,-216,-238
2103,hosp_covid_dis_covid_hours_for,69180,2020-12-01,Вторник,22:00,1069,1026,43,1239,22,-170,-192
2104,hosp_covid_dis_covid_hours_for,69186,2020-12-01,Вторник,23:00,1120,1074,46,1246,22,-126,-148
2105,hosp_covid_dis_covid_hours_for,69189,2020-12-02,Среда,01:00,26,23,3,1,0,25,25
2106,hosp_covid_dis_covid_hours_for,69190,2020-12-01,Вторник,сутки,1179,1130,49,1253,23,-74,-97
2107,hosp_covid_dis_covid_hours_for,69192,2020-12-02,Среда,02:00,78,73,5,3,0,75,75
2108,hosp_covid_dis_covid_hours_for,69194,2020-12-02,Среда,03:00,130,125,5,6,0,124,124
2109,hosp_covid_dis_covid_hours_for,69196,2020-12-02,Среда,04:00,169,164,5,8,0,161,161
2110,hosp_covid_dis_covid_hours_for,69198,2020-12-02,Среда,05:00,203,197,6,17,0,186,186
2111,hosp_covid_dis_covid_hours_for,69200,2020-12-02,Среда,06:00,235,229,6,20,0,215,215
2112,hosp_covid_dis_covid_hours_for,69202,2020-12-02,Среда,07:00,262,255,7,22,0,240,240
2113,hosp_covid_dis_covid_hours_for,69204,2020-12-02,Среда,08:00,286,278,8,37,0,249,249
2114,hosp_covid_dis_covid_hours_for,69206,2020-12-02,Среда,09:00,306,298,8,72,0,234,234
2115,hosp_covid_dis_covid_hours_for,69208,2020-12-02,Среда,10:00,329,320,9,138,0,191,191
2116,hosp_covid_dis_covid_hours_for,69210,2020-12-02,Среда,11:00,353,344,9,229,4,124,120
2117,hosp_covid_dis_covid_hours_for,69212,2020-12-02,Среда,12:00,384,374,10,424,7,-40,-47
2118,hosp_covid_dis_covid_hours_for,69214,2020-12-02,Среда,13:00,436,419,17,624,17,-188,-205
2119,hosp_covid_dis_covid_hours_for,69216,2020-12-02,Среда,14:00,491,469,22,815,17,-324,-341
2120,hosp_covid_dis_covid_hours_for,69218,2020-12-02,Среда,15:00,560,536,24,954,17,-394,-411
2121,hosp_covid_dis_covid_hours_for,69220,2020-12-02,Среда,16:00,621,584,37,1076,17,-455,-472
2122,hosp_covid_dis_covid_hours_for,69222,2020-12-02,Среда,17:00,686,647,39,1152,17,-466,-483
2123,hosp_covid_dis_covid_hours_for,69224,2020-12-02,Среда,18:00,750,705,45,1179,17,-429,-446
2124,hosp_covid_dis_covid_hours_for,69226,2020-12-02,Среда,19:00,804,755,49,1203,17,-399,-416
2125,hosp_covid_dis_covid_hours_for,69228,2020-12-02,Среда,20:00,871,820,51,1223,17,-352,-369
2126,hosp_covid_dis_covid_hours_for,69230,2020-12-02,Среда,21:00,929,874,55,1235,17,-306,-323
2127,hosp_covid_dis_covid_hours_for,69232,2020-12-02,Среда,22:00,990,930,60,1239,17,-249,-266
2128,hosp_covid_dis_covid_hours_for,69238,2020-12-02,Среда,23:00,1038,970,68,1243,17,-205,-222
2129,hosp_covid_dis_covid_hours_for,69241,2020-12-03,Четверг,01:00,24,24,0,0,0,24,24
2130,hosp_covid_dis_covid_hours_for,69242,2020-12-02,Среда,сутки,1093,1023,70,1246,17,-153,-170
2131,hosp_covid_dis_covid_hours_for,69244,2020-12-03,Четверг,02:00,63,63,0,2,0,61,61
2132,hosp_covid_dis_covid_hours_for,69246,2020-12-03,Четверг,03:00,111,110,1,6,0,105,105
2133,hosp_covid_dis_covid_hours_for,69248,2020-12-03,Четверг,04:00,156,153,3,8,0,148,148
2134,hosp_covid_dis_covid_hours_for,69250,2020-12-03,Четверг,05:00,190,187,3,11,0,179,179
2135,hosp_covid_dis_covid_hours_for,69252,2020-12-03,Четверг,06:00,213,209,4,15,0,198,198
2136,hosp_covid_dis_covid_hours_for,69254,2020-12-03,Четверг,07:00,229,225,4,30,0,199,199
2137,hosp_covid_dis_covid_hours_for,69256,2020-12-03,Четверг,08:00,248,244,4,47,0,201,201
2138,hosp_covid_dis_covid_hours_for,69258,2020-12-03,Четверг,09:00,255,251,4,84,0,171,171
2139,hosp_covid_dis_covid_hours_for,69260,2020-12-03,Четверг,10:00,275,270,5,152,0,123,123
2140,hosp_covid_dis_covid_hours_for,69262,2020-12-03,Четверг,11:00,296,288,8,302,0,-6,-6
2141,hosp_covid_dis_covid_hours_for,69264,2020-12-03,Четверг,12:00,338,328,10,444,8,-106,-114
2142,hosp_covid_dis_covid_hours_for,69266,2020-12-03,Четверг,13:00,391,380,11,579,21,-188,-209
2143,hosp_covid_dis_covid_hours_for,69268,2020-12-03,Четверг,14:00,441,424,17,820,22,-379,-401
2144,hosp_covid_dis_covid_hours_for,69270,2020-12-03,Четверг,15:00,495,474,21,958,22,-463,-485
2145,hosp_covid_dis_covid_hours_for,69272,2020-12-03,Четверг,16:00,568,541,27,1059,22,-491,-513
2146,hosp_covid_dis_covid_hours_for,69274,2020-12-03,Четверг,17:00,633,602,31,1096,22,-463,-485
2147,hosp_covid_dis_covid_hours_for,69276,2020-12-03,Четверг,18:00,690,654,36,1128,22,-438,-460
2148,hosp_covid_dis_covid_hours_for,69278,2020-12-03,Четверг,19:00,763,721,42,1146,22,-383,-405
2149,hosp_covid_dis_covid_hours_for,69280,2020-12-03,Четверг,20:00,815,765,50,1170,22,-355,-377
2150,hosp_covid_dis_covid_hours_for,69282,2020-12-03,Четверг,21:00,863,810,53,1179,22,-316,-338
2151,hosp_covid_dis_covid_hours_for,69284,2020-12-03,Четверг,22:00,918,863,55,1185,22,-267,-289
2152,hosp_covid_dis_covid_hours_for,69290,2020-12-03,Четверг,23:00,978,920,58,1193,22,-215,-237
2153,hosp_covid_dis_covid_hours_for,69293,2020-12-04,Пятница,01:00,40,40,0,5,0,35,35
2154,hosp_covid_dis_covid_hours_for,69294,2020-12-03,Четверг,сутки,1043,979,64,1194,22,-151,-173
2155,hosp_covid_dis_covid_hours_for,69296,2020-12-04,Пятница,02:00,72,71,1,10,0,62,62
2156,hosp_covid_dis_covid_hours_for,69298,2020-12-04,Пятница,03:00,111,109,2,12,0,99,99
2157,hosp_covid_dis_covid_hours_for,69300,2020-12-04,Пятница,04:00,149,145,4,16,0,133,133
2158,hosp_covid_dis_covid_hours_for,69302,2020-12-04,Пятница,05:00,173,168,5,19,0,154,154
2159,hosp_covid_dis_covid_hours_for,69304,2020-12-04,Пятница,06:00,201,196,5,21,0,180,180
2160,hosp_covid_dis_covid_hours_for,69306,2020-12-04,Пятница,07:00,240,235,5,32,0,208,208
2161,hosp_covid_dis_covid_hours_for,69308,2020-12-04,Пятница,08:00,270,265,5,64,0,206,206
2162,hosp_covid_dis_covid_hours_for,69310,2020-12-04,Пятница,09:00,293,286,7,95,0,198,198
2163,hosp_covid_dis_covid_hours_for,69312,2020-12-04,Пятница,10:00,305,297,8,162,0,143,143
2164,hosp_covid_dis_covid_hours_for,69314,2020-12-04,Пятница,11:00,316,305,11,268,1,48,47
2165,hosp_covid_dis_covid_hours_for,69316,2020-12-04,Пятница,12:00,357,341,16,463,14,-106,-120
2166,hosp_covid_dis_covid_hours_for,69318,2020-12-04,Пятница,13:00,421,401,20,667,18,-246,-264
2167,hosp_covid_dis_covid_hours_for,69320,2020-12-04,Пятница,14:00,477,455,22,852,18,-375,-393
2168,hosp_covid_dis_covid_hours_for,69322,2020-12-04,Пятница,15:00,536,511,25,1005,18,-469,-487
2169,hosp_covid_dis_covid_hours_for,69324,2020-12-04,Пятница,16:00,606,569,37,1119,18,-513,-531
2170,hosp_covid_dis_covid_hours_for,69326,2020-12-04,Пятница,17:00,685,643,42,1209,18,-524,-542
2171,hosp_covid_dis_covid_hours_for,69328,2020-12-04,Пятница,18:00,762,713,49,1256,18,-494,-512
2172,hosp_covid_dis_covid_hours_for,69330,2020-12-04,Пятница,19:00,832,777,55,1301,18,-469,-487
2173,hosp_covid_dis_covid_hours_for,69332,2020-12-04,Пятница,20:00,897,838,59,1319,18,-422,-440
2174,hosp_covid_dis_covid_hours_for,69334,2020-12-04,Пятница,21:00,955,894,61,1322,18,-367,-385
2175,hosp_covid_dis_covid_hours_for,69336,2020-12-04,Пятница,22:00,1019,955,64,1326,18,-307,-325
2176,hosp_covid_dis_covid_hours_for,69342,2020-12-04,Пятница,23:00,1076,1005,71,1327,18,-251,-269
2177,hosp_covid_dis_covid_hours_for,69345,2020-12-05,Суббота,01:00,19,19,0,2,0,17,17
2178,hosp_covid_dis_covid_hours_for,69346,2020-12-04,Пятница,сутки,1134,1057,77,1334,18,-200,-218
2179,hosp_covid_dis_covid_hours_for,69348,2020-12-05,Суббота,02:00,66,61,5,4,0,62,62
2180,hosp_covid_dis_covid_hours_for,69350,2020-12-05,Суббота,03:00,99,94,5,10,0,89,89
2181,hosp_covid_dis_covid_hours_for,69352,2020-12-05,Суббота,04:00,142,136,6,10,0,132,132
2182,hosp_covid_dis_covid_hours_for,69354,2020-12-05,Суббота,05:00,188,182,6,13,0,175,175
2183,hosp_covid_dis_covid_hours_for,69356,2020-12-05,Суббота,06:00,220,213,7,14,0,206,206
2184,hosp_covid_dis_covid_hours_for,69358,2020-12-05,Суббота,07:00,251,244,7,23,0,228,228
2185,hosp_covid_dis_covid_hours_for,69360,2020-12-05,Суббота,08:00,279,272,7,35,0,244,244
2186,hosp_covid_dis_covid_hours_for,69362,2020-12-05,Суббота,09:00,300,292,8,66,0,234,234
2187,hosp_covid_dis_covid_hours_for,69364,2020-12-05,Суббота,10:00,315,307,8,112,2,203,201
2188,hosp_covid_dis_covid_hours_for,69366,2020-12-05,Суббота,11:00,331,322,9,231,3,100,97
2189,hosp_covid_dis_covid_hours_for,69368,2020-12-05,Суббота,12:00,371,361,10,362,11,9,-2
2190,hosp_covid_dis_covid_hours_for,69370,2020-12-05,Суббота,13:00,411,400,11,492,23,-81,-104
2191,hosp_covid_dis_covid_hours_for,69372,2020-12-05,Суббота,14:00,468,455,13,608,23,-140,-163
2192,hosp_covid_dis_covid_hours_for,69374,2020-12-05,Суббота,15:00,528,506,22,739,23,-211,-234
2193,hosp_covid_dis_covid_hours_for,69376,2020-12-05,Суббота,16:00,585,561,24,824,23,-239,-262
2194,hosp_covid_dis_covid_hours_for,69378,2020-12-05,Суббота,17:00,633,604,29,829,23,-213,-236
2195,hosp_covid_dis_covid_hours_for,69380,2020-12-05,Суббота,18:00,711,679,32,835,23,-124,-147
2196,hosp_covid_dis_covid_hours_for,69382,2020-12-05,Суббота,19:00,764,728,36,837,24,-139,-163
2197,hosp_covid_dis_covid_hours_for,69384,2020-12-05,Суббота,20:00,810,770,40,840,24,-30,-54
2198,hosp_covid_dis_covid_hours_for,69386,2020-12-05,Суббота,21:00,849,805,44,842,24,-7,-31
2199,hosp_covid_dis_covid_hours_for,69388,2020-12-05,Суббота,22:00,895,848,47,846,24,49,25
2200,hosp_covid_dis_covid_hours_for,69394,2020-12-05,Суббота,23:00,946,898,48,850,24,96,72
2201,hosp_covid_dis_covid_hours_for,69397,2020-12-06,Воскресенье,01:00,17,16,1,4,0,13,13
2202,hosp_covid_dis_covid_hours_for,69398,2020-12-05,Суббота,сутки,1034,986,48,856,95,178,83
2203,hosp_covid_dis_covid_hours_for,69400,2020-12-06,Воскресенье,02:00,47,45,2,16,0,31,31
2204,hosp_covid_dis_covid_hours_for,69402,2020-12-06,Воскресенье,03:00,97,93,4,17,0,80,80
2205,hosp_covid_dis_covid_hours_for,69404,2020-12-06,Воскресенье,04:00,137,133,4,21,0,116,116
2206,hosp_covid_dis_covid_hours_for,69406,2020-12-06,Воскресенье,05:00,179,175,4,24,0,155,155
2207,hosp_covid_dis_covid_hours_for,69408,2020-12-06,Воскресенье,06:00,208,204,4,25,0,183,183
2208,hosp_covid_dis_covid_hours_for,69410,2020-12-06,Воскресенье,07:00,226,222,4,27,0,199,199
2209,hosp_covid_dis_covid_hours_for,69412,2020-12-06,Воскресенье,08:00,244,240,4,45,0,199,199
2210,hosp_covid_dis_covid_hours_for,69414,2020-12-06,Воскресенье,09:00,255,251,4,71,0,184,184
2211,hosp_covid_dis_covid_hours_for,69416,2020-12-06,Воскресенье,10:00,273,269,4,103,0,170,170
2212,hosp_covid_dis_covid_hours_for,69418,2020-12-06,Воскресенье,11:00,283,279,4,195,0,88,88
2213,hosp_covid_dis_covid_hours_for,69420,2020-12-06,Воскресенье,12:00,303,299,4,304,0,-1,-1
2214,hosp_covid_dis_covid_hours_for,69422,2020-12-06,Воскресенье,13:00,336,331,5,370,6,-34,-40
2215,hosp_covid_dis_covid_hours_for,69424,2020-12-06,Воскресенье,14:00,375,366,9,455,10,-80,-90
2216,hosp_covid_dis_covid_hours_for,69426,2020-12-06,Воскресенье,15:00,421,409,12,515,12,-94,-106
2217,hosp_covid_dis_covid_hours_for,69428,2020-12-06,Воскресенье,16:00,462,450,12,593,13,-131,-144
2218,hosp_covid_dis_covid_hours_for,69430,2020-12-06,Воскресенье,17:00,506,490,16,638,13,-132,-145
2219,hosp_covid_dis_covid_hours_for,69432,2020-12-06,Воскресенье,18:00,550,533,17,593,13,-43,-56
2220,hosp_covid_dis_covid_hours_for,69434,2020-12-06,Воскресенье,19:00,600,577,23,689,13,-89,-102
2221,hosp_covid_dis_covid_hours_for,69436,2020-12-06,Воскресенье,20:00,648,625,23,711,13,-63,-76
2222,hosp_covid_dis_covid_hours_for,69438,2020-12-06,Воскресенье,21:00,705,677,28,598,13,107,94
2223,hosp_covid_dis_covid_hours_for,69440,2020-12-06,Воскресенье,22:00,746,716,30,601,13,145,132
2224,hosp_covid_dis_covid_hours_for,69446,2020-12-06,Воскресенье,23:00,777,749,28,716,13,61,48
2225,hosp_covid_dis_covid_hours_for,69449,2020-12-07,Понедельник,01:00,12,11,1,3,0,9,9
2226,hosp_covid_dis_covid_hours_for,69450,2020-12-06,Воскресенье,сутки,821,790,31,613,13,208,195
2227,hosp_covid_dis_covid_hours_for,69452,2020-12-07,Понедельник,02:00,35,34,1,5,0,30,30
2228,hosp_covid_dis_covid_hours_for,69454,2020-12-07,Понедельник,03:00,68,67,1,7,0,61,61
2229,hosp_covid_dis_covid_hours_for,69456,2020-12-07,Понедельник,04:00,95,94,1,8,0,87,87
2230,hosp_covid_dis_covid_hours_for,69458,2020-12-07,Понедельник,05:00,119,118,1,8,0,111,111
2231,hosp_covid_dis_covid_hours_for,69460,2020-12-07,Понедельник,06:00,136,135,1,12,0,124,124
2232,hosp_covid_dis_covid_hours_for,69462,2020-12-07,Понедельник,07:00,148,147,1,20,0,128,128
2233,hosp_covid_dis_covid_hours_for,69464,2020-12-07,Понедельник,08:00,159,157,2,35,0,124,124
2234,hosp_covid_dis_covid_hours_for,69466,2020-12-07,Понедельник,09:00,172,170,2,56,0,116,116
2235,hosp_covid_dis_covid_hours_for,69468,2020-12-07,Понедельник,10:00,178,176,2,104,0,74,74
2236,hosp_covid_dis_covid_hours_for,69470,2020-12-07,Понедельник,11:00,198,194,4,209,0,-11,-11
2237,hosp_covid_dis_covid_hours_for,69472,2020-12-07,Понедельник,12:00,239,230,9,430,0,-191,-191
2238,hosp_covid_dis_covid_hours_for,69474,2020-12-07,Понедельник,13:00,295,283,12,646,1,-351,-352
2239,hosp_covid_dis_covid_hours_for,69476,2020-12-07,Понедельник,14:00,352,336,16,839,6,-487,-493
2240,hosp_covid_dis_covid_hours_for,69478,2020-12-07,Понедельник,15:00,422,402,20,992,6,-570,-576
2241,hosp_covid_dis_covid_hours_for,69480,2020-12-07,Понедельник,16:00,483,457,26,1120,6,-637,-643
2242,hosp_covid_dis_covid_hours_for,69482,2020-12-07,Понедельник,17:00,565,527,38,1187,6,-622,-628
2243,hosp_covid_dis_covid_hours_for,69484,2020-12-07,Понедельник,18:00,623,583,40,1189,12,-566,-578
2244,hosp_covid_dis_covid_hours_for,69486,2020-12-07,Понедельник,19:00,682,636,46,1246,12,-564,-576
2245,hosp_covid_dis_covid_hours_for,69488,2020-12-07,Понедельник,20:00,762,707,55,1259,12,-497,-509
2246,hosp_covid_dis_covid_hours_for,69490,2020-12-07,Понедельник,21:00,816,755,61,1290,12,-474,-486
2247,hosp_covid_dis_covid_hours_for,69492,2020-12-07,Понедельник,22:00,878,816,62,1290,12,-412,-424
2248,hosp_covid_dis_covid_hours_for,69496,2020-12-07,Понедельник,23:00,928,864,64,1290,12,-362,-374
2249,hosp_covid_dis_covid_hours_for,69499,2020-12-08,Вторник,00:05,0,0,0,0,0,0,0
2250,hosp_covid_dis_covid_hours_for,69501,2020-12-08,Вторник,01:00,23,23,0,1,0,22,22
2251,hosp_covid_dis_covid_hours_for,69502,2020-12-07,Понедельник,сутки,996,927,69,1290,12,-294,-306
2252,hosp_covid_dis_covid_hours_for,69504,2020-12-08,Вторник,02:00,80,78,2,2,0,78,78
2253,hosp_covid_dis_covid_hours_for,69506,2020-12-08,Вторник,03:00,118,115,3,8,0,110,110
2254,hosp_covid_dis_covid_hours_for,69508,2020-12-08,Вторник,04:00,170,165,5,11,0,159,159
2255,hosp_covid_dis_covid_hours_for,69510,2020-12-08,Вторник,05:00,207,200,7,12,0,195,195
2256,hosp_covid_dis_covid_hours_for,69512,2020-12-08,Вторник,06:00,255,247,8,31,0,224,224
2257,hosp_covid_dis_covid_hours_for,69514,2020-12-08,Вторник,07:00,285,277,8,36,0,249,249
2258,hosp_covid_dis_covid_hours_for,69516,2020-12-08,Вторник,08:00,326,318,8,49,0,277,277
2259,hosp_covid_dis_covid_hours_for,69518,2020-12-08,Вторник,09:00,350,343,7,89,0,261,261
2260,hosp_covid_dis_covid_hours_for,69520,2020-12-08,Вторник,10:00,373,366,7,190,0,183,183
2261,hosp_covid_dis_covid_hours_for,69522,2020-12-08,Вторник,11:00,399,391,8,349,0,50,50
2262,hosp_covid_dis_covid_hours_for,69524,2020-12-08,Вторник,12:00,447,434,13,544,5,-97,-102
2263,hosp_covid_dis_covid_hours_for,69526,2020-12-08,Вторник,13:00,514,495,19,727,9,-213,-222
2264,hosp_covid_dis_covid_hours_for,69528,2020-12-08,Вторник,14:00,579,553,26,895,9,-316,-325
2265,hosp_covid_dis_covid_hours_for,69530,2020-12-08,Вторник,15:00,638,602,36,1059,10,-421,-431
2266,hosp_covid_dis_covid_hours_for,69532,2020-12-08,Вторник,16:00,703,662,41,1169,10,-466,-476
2267,hosp_covid_dis_covid_hours_for,69534,2020-12-08,Вторник,17:00,772,725,47,1232,13,-460,-473
2268,hosp_covid_dis_covid_hours_for,69536,2020-12-08,Вторник,18:00,835,784,51,1267,13,-432,-445
2269,hosp_covid_dis_covid_hours_for,69538,2020-12-08,Вторник,19:00,896,840,56,1273,13,-377,-390
2270,hosp_covid_dis_covid_hours_for,69540,2020-12-08,Вторник,20:00,958,900,58,1294,13,-336,-349
2271,hosp_covid_dis_covid_hours_for,69542,2020-12-08,Вторник,21:00,1021,961,60,1307,13,-286,-299
2272,hosp_covid_dis_covid_hours_for,69544,2020-12-08,Вторник,22:00,1082,1018,64,1315,13,-233,-246
2273,hosp_covid_dis_covid_hours_for,69550,2020-12-08,Вторник,23:00,1134,1066,68,1319,13,-185,-198
2274,hosp_covid_dis_covid_hours_for,69553,2020-12-09,Среда,01:00,24,23,1,2,0,22,22
2275,hosp_covid_dis_covid_hours_for,69554,2020-12-08,Вторник,сутки,1196,1125,71,1322,13,-126,-139
2276,hosp_covid_dis_covid_hours_for,69556,2020-12-09,Среда,02:00,63,59,4,8,0,55,55
2277,hosp_covid_dis_covid_hours_for,69558,2020-12-09,Среда,03:00,106,101,5,11,0,95,95
2278,hosp_covid_dis_covid_hours_for,69560,2020-12-09,Среда,04:00,152,144,8,17,0,135,135
2279,hosp_covid_dis_covid_hours_for,69562,2020-12-09,Среда,05:00,186,177,9,20,0,166,166
2280,hosp_covid_dis_covid_hours_for,69564,2020-12-09,Среда,06:00,214,202,12,21,0,193,193
2281,hosp_covid_dis_covid_hours_for,69566,2020-12-09,Среда,07:00,246,233,13,40,0,206,206
2282,hosp_covid_dis_covid_hours_for,69568,2020-12-09,Среда,08:00,266,253,13,54,0,212,212
2283,hosp_covid_dis_covid_hours_for,69570,2020-12-09,Среда,09:00,284,271,13,84,0,200,200
2284,hosp_covid_dis_covid_hours_for,69572,2020-12-09,Среда,10:00,297,283,14,169,0,128,128
2285,hosp_covid_dis_covid_hours_for,69574,2020-12-09,Среда,11:00,321,307,14,306,0,15,15
2286,hosp_covid_dis_covid_hours_for,69576,2020-12-09,Среда,12:00,365,349,16,507,0,-142,-142
2287,hosp_covid_dis_covid_hours_for,69578,2020-12-09,Среда,13:00,416,397,19,630,20,-214,-234
2288,hosp_covid_dis_covid_hours_for,69580,2020-12-09,Среда,14:00,478,456,22,773,20,-295,-315
2289,hosp_covid_dis_covid_hours_for,69582,2020-12-09,Среда,15:00,557,532,25,910,20,-353,-373
2290,hosp_covid_dis_covid_hours_for,69584,2020-12-09,Среда,16:00,622,592,30,1027,20,-405,-425
2291,hosp_covid_dis_covid_hours_for,69586,2020-12-09,Среда,17:00,685,650,35,1097,20,-412,-432
2292,hosp_covid_dis_covid_hours_for,69588,2020-12-09,Среда,18:00,751,713,38,1109,20,-358,-378
2293,hosp_covid_dis_covid_hours_for,69590,2020-12-09,Среда,19:00,815,774,41,1143,20,-328,-348
2294,hosp_covid_dis_covid_hours_for,69592,2020-12-09,Среда,20:00,882,832,50,1147,20,-265,-285
2295,hosp_covid_dis_covid_hours_for,69594,2020-12-09,Среда,21:00,929,874,55,1117,20,-188,-208
2296,hosp_covid_dis_covid_hours_for,69596,2020-12-09,Среда,22:00,993,936,57,1155,20,-162,-182
2297,hosp_covid_dis_covid_hours_for,69602,2020-12-09,Среда,23:00,1041,983,58,1157,20,-116,-136
2298,hosp_covid_dis_covid_hours_for,69605,2020-12-10,Четверг,01:00,28,28,0,1,0,27,27
2299,hosp_covid_dis_covid_hours_for,69606,2020-12-09,Среда,сутки,1104,1043,61,1121,20,-17,-37
2300,hosp_covid_dis_covid_hours_for,69608,2020-12-10,Четверг,02:00,70,67,3,2,0,68,68
2301,hosp_covid_dis_covid_hours_for,69610,2020-12-10,Четверг,03:00,125,122,3,5,0,120,120
2302,hosp_covid_dis_covid_hours_for,69612,2020-12-10,Четверг,04:00,167,163,4,7,0,160,160
2303,hosp_covid_dis_covid_hours_for,69614,2020-12-10,Четверг,05:00,202,197,5,8,0,194,194
2304,hosp_covid_dis_covid_hours_for,69616,2020-12-10,Четверг,06:00,236,231,5,11,0,225,225
2305,hosp_covid_dis_covid_hours_for,69618,2020-12-10,Четверг,07:00,265,260,5,16,0,249,249
2306,hosp_covid_dis_covid_hours_for,69620,2020-12-10,Четверг,08:00,289,284,5,39,0,250,250
2307,hosp_covid_dis_covid_hours_for,69622,2020-12-10,Четверг,09:00,307,302,5,67,0,240,240
2308,hosp_covid_dis_covid_hours_for,69624,2020-12-10,Четверг,10:00,321,313,8,166,0,155,155
2309,hosp_covid_dis_covid_hours_for,69626,2020-12-10,Четверг,11:00,337,327,10,321,0,16,16
2310,hosp_covid_dis_covid_hours_for,69628,2020-12-10,Четверг,12:00,381,369,12,471,11,-90,-101
2311,hosp_covid_dis_covid_hours_for,69630,2020-12-10,Четверг,13:00,439,423,16,666,16,-227,-243
2312,hosp_covid_dis_covid_hours_for,69632,2020-12-10,Четверг,14:00,503,482,21,821,19,-318,-337
2313,hosp_covid_dis_covid_hours_for,69634,2020-12-10,Четверг,15:00,563,539,24,969,19,-406,-425
2314,hosp_covid_dis_covid_hours_for,69636,2020-12-10,Четверг,16:00,629,603,26,1035,22,-406,-428
2315,hosp_covid_dis_covid_hours_for,69638,2020-12-10,Четверг,17:00,694,663,31,1123,22,-429,-451
2316,hosp_covid_dis_covid_hours_for,69640,2020-12-10,Четверг,18:00,778,740,38,1105,22,-327,-349
2317,hosp_covid_dis_covid_hours_for,69642,2020-12-10,Четверг,19:00,829,788,41,1176,22,-347,-369
2318,hosp_covid_dis_covid_hours_for,69644,2020-12-10,Четверг,20:00,913,866,47,1191,22,-278,-300
2319,hosp_covid_dis_covid_hours_for,69646,2020-12-10,Четверг,21:00,993,936,57,1146,22,-153,-175
2320,hosp_covid_dis_covid_hours_for,69648,2020-12-10,Четверг,22:00,1061,1002,59,1199,22,-138,-160
2321,hosp_covid_dis_covid_hours_for,69654,2020-12-10,Четверг,23:00,1104,1040,64,1202,22,-98,-120
2322,hosp_covid_dis_covid_hours_for,69657,2020-12-11,Пятница,01:00,31,31,0,4,0,27,27
2323,hosp_covid_dis_covid_hours_for,69658,2020-12-10,Четверг,сутки,1152,1084,68,1153,133,-1,-134
2324,hosp_covid_dis_covid_hours_for,69660,2020-12-11,Пятница,02:00,74,71,3,6,0,68,68
2325,hosp_covid_dis_covid_hours_for,69662,2020-12-11,Пятница,03:00,105,102,3,8,0,97,97
2326,hosp_covid_dis_covid_hours_for,69664,2020-12-11,Пятница,04:00,142,139,3,12,0,130,130
2327,hosp_covid_dis_covid_hours_for,69666,2020-12-11,Пятница,05:00,184,180,4,13,0,171,171
2328,hosp_covid_dis_covid_hours_for,69668,2020-12-11,Пятница,06:00,223,219,4,15,0,208,208
2329,hosp_covid_dis_covid_hours_for,69670,2020-12-11,Пятница,07:00,249,245,4,19,0,230,230
2330,hosp_covid_dis_covid_hours_for,69672,2020-12-11,Пятница,08:00,267,263,4,31,0,236,236
2331,hosp_covid_dis_covid_hours_for,69674,2020-12-11,Пятница,09:00,289,283,6,67,15,222,207
2332,hosp_covid_dis_covid_hours_for,69676,2020-12-11,Пятница,10:00,300,292,8,146,0,154,154
2333,hosp_covid_dis_covid_hours_for,69678,2020-12-11,Пятница,11:00,317,306,11,284,0,33,33
2334,hosp_covid_dis_covid_hours_for,69680,2020-12-11,Пятница,12:00,358,343,15,416,34,-58,-92
2335,hosp_covid_dis_covid_hours_for,69682,2020-12-11,Пятница,13:00,419,397,22,654,1,-235,-236
2336,hosp_covid_dis_covid_hours_for,69684,2020-12-11,Пятница,14:00,474,450,24,799,50,-325,-375
2337,hosp_covid_dis_covid_hours_for,69686,2020-12-11,Пятница,15:00,553,521,32,1019,14,-466,-480
2338,hosp_covid_dis_covid_hours_for,69688,2020-12-11,Пятница,16:00,610,573,37,1106,71,-496,-567
2339,hosp_covid_dis_covid_hours_for,69690,2020-12-11,Пятница,17:00,665,621,44,1228,14,-563,-577
2340,hosp_covid_dis_covid_hours_for,69692,2020-12-11,Пятница,18:00,741,690,51,1217,107,-476,-583
2341,hosp_covid_dis_covid_hours_for,69694,2020-12-11,Пятница,19:00,803,750,53,1298,14,-495,-509
2342,hosp_covid_dis_covid_hours_for,69696,2020-12-11,Пятница,20:00,858,796,62,1312,14,-454,-468
2343,hosp_covid_dis_covid_hours_for,69698,2020-12-11,Пятница,21:00,930,862,68,1230,152,-300,-452
2344,hosp_covid_dis_covid_hours_for,69700,2020-12-11,Пятница,22:00,994,917,77,1331,14,-337,-351
2345,hosp_covid_dis_covid_hours_for,69706,2020-12-11,Пятница,23:00,1051,968,83,1343,14,-292,-306
2346,hosp_covid_dis_covid_hours_for,69709,2020-12-12,Суббота,01:00,18,18,0,7,0,11,11
2347,hosp_covid_dis_covid_hours_for,69710,2020-12-11,Пятница,сутки,1112,1028,84,1235,165,-123,-288
2348,hosp_covid_dis_covid_hours_for,69712,2020-12-12,Суббота,02:00,64,64,0,8,0,56,56
2349,hosp_covid_dis_covid_hours_for,69714,2020-12-12,Суббота,03:00,107,107,0,10,0,97,97
2350,hosp_covid_dis_covid_hours_for,69716,2020-12-12,Суббота,04:00,142,142,0,11,0,131,131
2351,hosp_covid_dis_covid_hours_for,69718,2020-12-12,Суббота,05:00,182,182,0,14,0,168,168
2352,hosp_covid_dis_covid_hours_for,69720,2020-12-12,Суббота,06:00,209,209,0,16,0,193,193
2353,hosp_covid_dis_covid_hours_for,69722,2020-12-12,Суббота,07:00,234,234,0,20,0,214,214
2354,hosp_covid_dis_covid_hours_for,69724,2020-12-12,Суббота,08:00,265,264,1,41,0,224,224
2355,hosp_covid_dis_covid_hours_for,69726,2020-12-12,Суббота,09:00,281,279,2,50,22,231,209
2356,hosp_covid_dis_covid_hours_for,69728,2020-12-12,Суббота,10:00,295,292,3,120,0,175,175
2357,hosp_covid_dis_covid_hours_for,69730,2020-12-12,Суббота,11:00,328,323,5,259,5,69,64
2358,hosp_covid_dis_covid_hours_for,69732,2020-12-12,Суббота,12:00,358,348,10,349,81,9,-72
2359,hosp_covid_dis_covid_hours_for,69734,2020-12-12,Суббота,13:00,400,385,15,507,8,-107,-115
2360,hosp_covid_dis_covid_hours_for,69736,2020-12-12,Суббота,14:00,450,430,20,557,89,-107,-196
2361,hosp_covid_dis_covid_hours_for,69738,2020-12-12,Суббота,15:00,505,479,26,715,15,-210,-225
2362,hosp_covid_dis_covid_hours_for,69740,2020-12-12,Суббота,16:00,555,526,29,706,106,-151,-257
2363,hosp_covid_dis_covid_hours_for,69742,2020-12-12,Суббота,17:00,621,587,34,836,15,-215,-230
2364,hosp_covid_dis_covid_hours_for,69744,2020-12-12,Суббота,18:00,670,631,39,764,127,-94,-221
2365,hosp_covid_dis_covid_hours_for,69746,2020-12-12,Суббота,19:00,726,687,39,872,15,-146,-161
2366,hosp_covid_dis_covid_hours_for,69748,2020-12-12,Суббота,20:00,783,743,40,882,15,-99,-114
2367,hosp_covid_dis_covid_hours_for,69750,2020-12-12,Суббота,21:00,842,800,42,799,145,43,-102
2368,hosp_covid_dis_covid_hours_for,69752,2020-12-12,Суббота,22:00,882,839,43,916,16,-34,-50
2369,hosp_covid_dis_covid_hours_for,69758,2020-12-12,Суббота,23:00,932,885,47,921,16,11,-5
2370,hosp_covid_dis_covid_hours_for,69761,2020-12-13,Воскресенье,01:00,15,15,0,2,0,13,13
2371,hosp_covid_dis_covid_hours_for,69762,2020-12-12,Суббота,сутки,979,929,50,802,145,177,32
2372,hosp_covid_dis_covid_hours_for,69764,2020-12-13,Воскресенье,02:00,49,49,0,3,0,46,46
2373,hosp_covid_dis_covid_hours_for,69766,2020-12-13,Воскресенье,03:00,75,75,0,6,0,69,69
2374,hosp_covid_dis_covid_hours_for,69768,2020-12-13,Воскресенье,04:00,109,109,0,16,0,93,93
2375,hosp_covid_dis_covid_hours_for,69770,2020-12-13,Воскресенье,05:00,140,139,1,16,0,124,124
2376,hosp_covid_dis_covid_hours_for,69772,2020-12-13,Воскресенье,06:00,162,161,1,17,0,145,145
2377,hosp_covid_dis_covid_hours_for,69774,2020-12-13,Воскресенье,07:00,177,175,2,36,0,141,141
2378,hosp_covid_dis_covid_hours_for,69776,2020-12-13,Воскресенье,08:00,201,200,1,50,0,151,151
2379,hosp_covid_dis_covid_hours_for,69778,2020-12-13,Воскресенье,09:00,217,216,1,68,10,149,139
2380,hosp_covid_dis_covid_hours_for,69780,2020-12-13,Воскресенье,10:00,236,234,2,128,2,108,106
2381,hosp_covid_dis_covid_hours_for,69782,2020-12-13,Воскресенье,11:00,254,252,2,200,4,54,50
2382,hosp_covid_dis_covid_hours_for,69784,2020-12-13,Воскресенье,12:00,276,273,3,255,39,21,-18
2383,hosp_covid_dis_covid_hours_for,69786,2020-12-13,Воскресенье,13:00,314,307,7,365,15,-51,-66
2384,hosp_covid_dis_covid_hours_for,69788,2020-12-13,Воскресенье,14:00,367,357,10,367,66,0,-66
2385,hosp_covid_dis_covid_hours_for,69790,2020-12-13,Воскресенье,15:00,412,400,12,511,15,-99,-114
2386,hosp_covid_dis_covid_hours_for,69792,2020-12-13,Воскресенье,16:00,448,435,13,497,103,-49,-152
2387,hosp_covid_dis_covid_hours_for,69794,2020-12-13,Воскресенье,17:00,480,463,17,590,25,-110,-135
2388,hosp_covid_dis_covid_hours_for,69796,2020-12-13,Воскресенье,18:00,525,502,23,523,125,2,-123
2389,hosp_covid_dis_covid_hours_for,69798,2020-12-13,Воскресенье,19:00,569,546,23,617,25,-48,-73
2390,hosp_covid_dis_covid_hours_for,69800,2020-12-13,Воскресенье,20:00,610,587,23,632,25,-22,-47
2391,hosp_covid_dis_covid_hours_for,69802,2020-12-13,Воскресенье,21:00,648,625,23,567,131,81,-50
2392,hosp_covid_dis_covid_hours_for,69804,2020-12-13,Воскресенье,22:00,689,663,26,571,131,118,-13
2393,hosp_covid_dis_covid_hours_for,69810,2020-12-13,Воскресенье,23:00,731,704,27,658,25,73,48
2394,hosp_covid_dis_covid_hours_for,69813,2020-12-14,Понедельник,01:00,20,20,0,0,0,20,20
2395,hosp_covid_dis_covid_hours_for,69814,2020-12-13,Воскресенье,сутки,773,741,32,594,131,179,48
2396,hosp_covid_dis_covid_hours_for,69816,2020-12-14,Понедельник,02:00,44,44,0,5,0,39,39
2397,hosp_covid_dis_covid_hours_for,69818,2020-12-14,Понедельник,03:00,76,75,1,14,0,62,62
2398,hosp_covid_dis_covid_hours_for,69820,2020-12-14,Понедельник,04:00,120,117,3,17,0,103,103
2399,hosp_covid_dis_covid_hours_for,69822,2020-12-14,Понедельник,05:00,144,140,4,21,0,123,123
2400,hosp_covid_dis_covid_hours_for,69824,2020-12-14,Понедельник,06:00,173,168,5,21,0,152,152
2401,hosp_covid_dis_covid_hours_for,69826,2020-12-14,Понедельник,07:00,191,186,5,22,0,169,169
2402,hosp_covid_dis_covid_hours_for,69828,2020-12-14,Понедельник,08:00,204,199,5,36,0,168,168
2403,hosp_covid_dis_covid_hours_for,69830,2020-12-14,Понедельник,09:00,220,215,5,63,11,157,146
2404,hosp_covid_dis_covid_hours_for,69832,2020-12-14,Понедельник,10:00,235,230,5,114,0,121,121
2405,hosp_covid_dis_covid_hours_for,69834,2020-12-14,Понедельник,11:00,253,246,7,235,0,18,18
2406,hosp_covid_dis_covid_hours_for,69836,2020-12-14,Понедельник,12:00,295,282,13,356,33,-61,-94
2407,hosp_covid_dis_covid_hours_for,69838,2020-12-14,Понедельник,13:00,341,326,15,592,2,-251,-253
2408,hosp_covid_dis_covid_hours_for,69840,2020-12-14,Понедельник,14:00,395,377,18,690,52,-295,-347
2409,hosp_covid_dis_covid_hours_for,69842,2020-12-14,Понедельник,15:00,457,431,26,985,13,-528,-541
2410,hosp_covid_dis_covid_hours_for,69844,2020-12-14,Понедельник,16:00,520,485,35,980,73,-460,-533
2411,hosp_covid_dis_covid_hours_for,69846,2020-12-14,Понедельник,17:00,602,558,44,1165,13,-563,-576
2412,hosp_covid_dis_covid_hours_for,69848,2020-12-14,Понедельник,18:00,675,623,52,1059,106,-384,-490
2413,hosp_covid_dis_covid_hours_for,69850,2020-12-14,Понедельник,19:00,741,682,59,1213,13,-472,-485
2414,hosp_covid_dis_covid_hours_for,69852,2020-12-14,Понедельник,20:00,783,720,63,1224,13,-441,-454
2415,hosp_covid_dis_covid_hours_for,69854,2020-12-14,Понедельник,21:00,868,798,70,1089,189,-221,-410
2416,hosp_covid_dis_covid_hours_for,69856,2020-12-14,Понедельник,22:00,924,849,75,1241,13,-317,-330
2417,hosp_covid_dis_covid_hours_for,69862,2020-12-14,Понедельник,23:00,985,908,77,1259,13,-274,-287
2418,hosp_covid_dis_covid_hours_for,69865,2020-12-15,Вторник,01:00,26,26,0,25,0,1,1
2419,hosp_covid_dis_covid_hours_for,69866,2020-12-14,Понедельник,сутки,1032,952,80,1111,189,-79,-268
2420,hosp_covid_dis_covid_hours_for,69868,2020-12-15,Вторник,02:00,69,68,1,29,0,40,40
2421,hosp_covid_dis_covid_hours_for,69870,2020-12-15,Вторник,03:00,102,101,1,32,0,70,70
2422,hosp_covid_dis_covid_hours_for,69872,2020-12-15,Вторник,04:00,130,129,1,33,0,97,97
2423,hosp_covid_dis_covid_hours_for,69874,2020-12-15,Вторник,05:00,172,171,1,34,0,138,138
2424,hosp_covid_dis_covid_hours_for,69876,2020-12-15,Вторник,06:00,196,195,1,35,0,161,161
2425,hosp_covid_dis_covid_hours_for,69878,2020-12-15,Вторник,07:00,231,230,1,42,0,189,189
2426,hosp_covid_dis_covid_hours_for,69880,2020-12-15,Вторник,08:00,269,268,1,54,0,215,215
2427,hosp_covid_dis_covid_hours_for,69882,2020-12-15,Вторник,09:00,304,302,2,79,21,225,204
2428,hosp_covid_dis_covid_hours_for,69884,2020-12-15,Вторник,10:00,327,325,2,150,0,177,177
2429,hosp_covid_dis_covid_hours_for,69886,2020-12-15,Вторник,11:00,352,343,9,292,0,60,60
2430,hosp_covid_dis_covid_hours_for,69888,2020-12-15,Вторник,12:00,389,377,12,430,51,-41,-92
2431,hosp_covid_dis_covid_hours_for,69890,2020-12-15,Вторник,13:00,442,425,17,688,7,-246,-253
2432,hosp_covid_dis_covid_hours_for,69892,2020-12-15,Вторник,14:00,499,476,23,765,97,-266,-363
2433,hosp_covid_dis_covid_hours_for,69894,2020-12-15,Вторник,15:00,565,537,28,1060,20,-495,-515
2434,hosp_covid_dis_covid_hours_for,69896,2020-12-15,Вторник,16:00,644,606,38,1077,115,-433,-548
2435,hosp_covid_dis_covid_hours_for,69898,2020-12-15,Вторник,17:00,707,667,40,1255,20,-548,-568
2436,hosp_covid_dis_covid_hours_for,69900,2020-12-15,Вторник,18:00,763,715,48,1145,132,-382,-514
2437,hosp_covid_dis_covid_hours_for,69902,2020-12-15,Вторник,19:00,807,755,52,1305,20,-498,-518
2438,hosp_covid_dis_covid_hours_for,69904,2020-12-15,Вторник,20:00,880,823,57,1332,20,-452,-472
2439,hosp_covid_dis_covid_hours_for,69906,2020-12-15,Вторник,21:00,920,861,59,1201,223,-281,-504
2440,hosp_covid_dis_covid_hours_for,69908,2020-12-15,Вторник,22:00,945,886,59,1345,20,-400,-420
2441,hosp_covid_dis_covid_hours_for,69914,2020-12-15,Вторник,23:00,998,935,63,1346,20,-348,-368
2442,hosp_covid_dis_covid_hours_for,69917,2020-12-16,Среда,01:00,25,25,0,0,0,25,25
2443,hosp_covid_dis_covid_hours_for,69918,2020-12-15,Вторник,сутки,1058,995,63,1360,230,-302,-532
2444,hosp_covid_dis_covid_hours_for,69920,2020-12-16,Среда,02:00,69,65,4,2,0,67,67
2445,hosp_covid_dis_covid_hours_for,69922,2020-12-16,Среда,03:00,107,104,3,26,0,81,81
2446,hosp_covid_dis_covid_hours_for,69924,2020-12-16,Среда,04:00,140,137,3,29,0,111,111
2447,hosp_covid_dis_covid_hours_for,69926,2020-12-16,Среда,05:00,177,174,3,33,0,144,144
2448,hosp_covid_dis_covid_hours_for,69928,2020-12-16,Среда,06:00,212,209,3,35,0,177,177
2449,hosp_covid_dis_covid_hours_for,69930,2020-12-16,Среда,07:00,243,240,3,45,0,198,198
2450,hosp_covid_dis_covid_hours_for,69932,2020-12-16,Среда,08:00,278,275,3,58,0,220,220
2451,hosp_covid_dis_covid_hours_for,69934,2020-12-16,Среда,09:00,306,302,4,98,0,208,208
2452,hosp_covid_dis_covid_hours_for,69936,2020-12-16,Среда,10:00,325,321,4,189,0,136,136
2453,hosp_covid_dis_covid_hours_for,69938,2020-12-16,Среда,11:00,354,348,6,341,0,13,13
2454,hosp_covid_dis_covid_hours_for,69940,2020-12-16,Среда,12:00,397,386,11,455,53,-58,-111
2455,hosp_covid_dis_covid_hours_for,69942,2020-12-16,Среда,13:00,451,434,17,674,10,-223,-233
2456,hosp_covid_dis_covid_hours_for,69944,2020-12-16,Среда,14:00,510,486,24,745,63,-235,-298
2457,hosp_covid_dis_covid_hours_for,69946,2020-12-16,Среда,15:00,569,542,27,989,15,-420,-435
2458,hosp_covid_dis_covid_hours_for,69948,2020-12-16,Среда,16:00,646,612,34,1007,115,-361,-476
2459,hosp_covid_dis_covid_hours_for,69950,2020-12-16,Среда,17:00,715,676,39,1183,18,-468,-486
2460,hosp_covid_dis_covid_hours_for,69952,2020-12-16,Среда,18:00,779,731,48,1102,187,-323,-510
2461,hosp_covid_dis_covid_hours_for,69954,2020-12-16,Среда,19:00,839,785,54,1230,18,-391,-409
2462,hosp_covid_dis_covid_hours_for,69956,2020-12-16,Среда,20:00,909,851,58,1247,18,-338,-356
2463,hosp_covid_dis_covid_hours_for,69958,2020-12-16,Среда,21:00,983,924,59,1141,211,-158,-369
2464,hosp_covid_dis_covid_hours_for,69960,2020-12-16,Среда,22:00,1037,975,62,1261,18,-224,-242
2465,hosp_covid_dis_covid_hours_for,69966,2020-12-16,Среда,23:00,1096,1028,68,1149,213,-53,-266
2466,hosp_covid_dis_covid_hours_for,69969,2020-12-17,Четверг,01:00,27,27,0,0,0,27,27
2467,hosp_covid_dis_covid_hours_for,69970,2020-12-16,Среда,сутки,1153,1083,70,1152,213,1,-212
2468,hosp_covid_dis_covid_hours_for,69972,2020-12-17,Четверг,02:00,74,74,0,4,0,70,70
2469,hosp_covid_dis_covid_hours_for,69974,2020-12-17,Четверг,03:00,127,126,1,7,0,120,120
2470,hosp_covid_dis_covid_hours_for,69976,2020-12-17,Четверг,04:00,164,162,2,9,0,155,155
2471,hosp_covid_dis_covid_hours_for,69978,2020-12-17,Четверг,05:00,204,202,2,10,0,194,194
2472,hosp_covid_dis_covid_hours_for,69980,2020-12-17,Четверг,06:00,230,228,2,11,0,219,219
2473,hosp_covid_dis_covid_hours_for,69982,2020-12-17,Четверг,07:00,266,264,2,31,0,235,235
2474,hosp_covid_dis_covid_hours_for,69984,2020-12-17,Четверг,08:00,298,296,2,51,0,247,247
2475,hosp_covid_dis_covid_hours_for,69986,2020-12-17,Четверг,09:00,314,312,2,85,0,229,229
2476,hosp_covid_dis_covid_hours_for,69988,2020-12-17,Четверг,10:00,334,331,3,162,0,172,172
2477,hosp_covid_dis_covid_hours_for,69990,2020-12-17,Четверг,11:00,362,356,6,283,0,79,79
2478,hosp_covid_dis_covid_hours_for,69992,2020-12-17,Четверг,12:00,413,404,9,429,35,-16,-51
2479,hosp_covid_dis_covid_hours_for,69994,2020-12-17,Четверг,13:00,466,452,14,695,2,-229,-231
2480,hosp_covid_dis_covid_hours_for,69996,2020-12-17,Четверг,14:00,523,504,19,764,47,-241,-288
2481,hosp_covid_dis_covid_hours_for,69998,2020-12-17,Четверг,15:00,600,576,24,1017,9,-417,-426
2482,hosp_covid_dis_covid_hours_for,70000,2020-12-17,Четверг,16:00,684,658,26,992,110,-308,-418
2483,hosp_covid_dis_covid_hours_for,70002,2020-12-17,Четверг,17:00,750,722,28,1179,9,-429,-438
2484,hosp_covid_dis_covid_hours_for,70004,2020-12-17,Четверг,18:00,811,777,34,1074,124,-263,-387
2485,hosp_covid_dis_covid_hours_for,70006,2020-12-17,Четверг,19:00,872,836,36,1237,9,-365,-374
2486,hosp_covid_dis_covid_hours_for,70008,2020-12-17,Четверг,20:00,946,903,43,1268,9,-322,-331
2487,hosp_covid_dis_covid_hours_for,70010,2020-12-17,Четверг,21:00,987,941,46,1124,180,-137,-317
2488,hosp_covid_dis_covid_hours_for,70012,2020-12-17,Четверг,22:00,1038,992,46,1285,9,-247,-256
2489,hosp_covid_dis_covid_hours_for,70018,2020-12-17,Четверг,23:00,1079,1032,47,1287,9,-208,-217
2490,hosp_covid_dis_covid_hours_for,70021,2020-12-18,Пятница,01:00,32,32,0,4,0,28,28
2491,hosp_covid_dis_covid_hours_for,70022,2020-12-17,Четверг,сутки,1158,1109,49,1141,180,17,-163
2492,hosp_covid_dis_covid_hours_for,70024,2020-12-18,Пятница,02:00,78,77,1,9,0,69,69
2493,hosp_covid_dis_covid_hours_for,70026,2020-12-18,Пятница,03:00,126,125,1,13,0,113,113
2494,hosp_covid_dis_covid_hours_for,70028,2020-12-18,Пятница,04:00,160,158,2,20,0,140,140
2495,hosp_covid_dis_covid_hours_for,70030,2020-12-18,Пятница,05:00,196,194,2,21,0,175,175
2496,hosp_covid_dis_covid_hours_for,70032,2020-12-18,Пятница,06:00,238,236,2,22,0,216,216
2497,hosp_covid_dis_covid_hours_for,70034,2020-12-18,Пятница,07:00,281,279,2,29,0,252,252
2498,hosp_covid_dis_covid_hours_for,70036,2020-12-18,Пятница,08:00,314,311,3,53,0,261,261
2499,hosp_covid_dis_covid_hours_for,70038,2020-12-18,Пятница,09:00,331,327,4,98,0,233,233
2500,hosp_covid_dis_covid_hours_for,70040,2020-12-18,Пятница,10:00,358,350,8,186,0,172,172
2501,hosp_covid_dis_covid_hours_for,70042,2020-12-18,Пятница,11:00,391,378,13,356,0,35,35
2502,hosp_covid_dis_covid_hours_for,70044,2020-12-18,Пятница,12:00,427,408,19,-511,16,-84,-100
2503,hosp_covid_dis_covid_hours_for,70046,2020-12-18,Пятница,13:00,486,460,26,715,4,-229,-233
2504,hosp_covid_dis_covid_hours_for,70048,2020-12-18,Пятница,14:00,543,511,32,816,70,-273,-343
2505,hosp_covid_dis_covid_hours_for,70050,2020-12-18,Пятница,15:00,613,573,40,1060,20,-447,-467
2506,hosp_covid_dis_covid_hours_for,70052,2020-12-18,Пятница,16:00,687,641,46,1119,117,-432,-549
2507,hosp_covid_dis_covid_hours_for,70054,2020-12-18,Пятница,17:00,765,716,49,1352,20,-587,-607
2508,hosp_covid_dis_covid_hours_for,70056,2020-12-18,Пятница,18:00,844,790,54,1186,121,-342,-463
2509,hosp_covid_dis_covid_hours_for,70058,2020-12-18,Пятница,19:00,900,843,57,1415,20,-515,-535
2510,hosp_covid_dis_covid_hours_for,70060,2020-12-18,Пятница,20:00,982,922,60,1445,21,-463,-484
2511,hosp_covid_dis_covid_hours_for,70062,2020-12-18,Пятница,21:00,1038,975,63,1209,166,-171,-337
2512,hosp_covid_dis_covid_hours_for,70064,2020-12-18,Пятница,22:00,1097,1028,69,1459,21,-362,-383
2513,hosp_covid_dis_covid_hours_for,70070,2020-12-18,Пятница,23:00,1157,1086,71,1211,167,-54,-221
2514,hosp_covid_dis_covid_hours_for,70073,2020-12-19,Суббота,01:00,32,32,0,0,0,32,32
2515,hosp_covid_dis_covid_hours_for,70074,2020-12-18,Пятница,сутки,1228,1153,75,1212,211,16,-194
2516,hosp_covid_dis_covid_hours_for,70076,2020-12-19,Суббота,02:00,93,92,1,3,0,90,90
2517,hosp_covid_dis_covid_hours_for,70078,2020-12-19,Суббота,03:00,144,142,2,5,0,139,139
2518,hosp_covid_dis_covid_hours_for,70080,2020-12-19,Суббота,04:00,182,180,2,7,0,175,175
2519,hosp_covid_dis_covid_hours_for,70082,2020-12-19,Суббота,05:00,221,218,3,10,0,211,211
2520,hosp_covid_dis_covid_hours_for,70084,2020-12-19,Суббота,06:00,247,244,3,15,0,232,232
2521,hosp_covid_dis_covid_hours_for,70086,2020-12-19,Суббота,07:00,276,272,4,17,0,259,259
2522,hosp_covid_dis_covid_hours_for,70088,2020-12-19,Суббота,08:00,306,302,4,41,0,265,265
2523,hosp_covid_dis_covid_hours_for,70090,2020-12-19,Суббота,09:00,327,322,5,86,0,241,241
2524,hosp_covid_dis_covid_hours_for,70092,2020-12-19,Суббота,10:00,338,332,6,139,2,199,197
2525,hosp_covid_dis_covid_hours_for,70094,2020-12-19,Суббота,11:00,363,353,10,241,4,122,118
2526,hosp_covid_dis_covid_hours_for,70096,2020-12-19,Суббота,12:00,410,393,17,312,38,98,60
2527,hosp_covid_dis_covid_hours_for,70098,2020-12-19,Суббота,13:00,466,447,19,491,14,-25,-39
2528,hosp_covid_dis_covid_hours_for,70100,2020-12-19,Суббота,14:00,517,496,21,540,85,-23,-108
2529,hosp_covid_dis_covid_hours_for,70102,2020-12-19,Суббота,15:00,582,555,27,751,21,-169,-190
2530,hosp_covid_dis_covid_hours_for,70104,2020-12-19,Суббота,16:00,644,615,29,721,129,-77,-206
2531,hosp_covid_dis_covid_hours_for,70106,2020-12-19,Суббота,17:00,698,666,32,851,21,-153,-174
2532,hosp_covid_dis_covid_hours_for,70108,2020-12-19,Суббота,18:00,778,737,41,773,168,5,-163
2533,hosp_covid_dis_covid_hours_for,70110,2020-12-19,Суббота,19:00,848,795,53,897,21,-49,-70
2534,hosp_covid_dis_covid_hours_for,70112,2020-12-19,Суббота,20:00,913,858,55,906,21,7,-14
2535,hosp_covid_dis_covid_hours_for,70114,2020-12-19,Суббота,21:00,958,899,59,803,168,155,-13
2536,hosp_covid_dis_covid_hours_for,70116,2020-12-19,Суббота,22:00,1012,950,62,916,21,96,75
2537,hosp_covid_dis_covid_hours_for,70122,2020-12-19,Суббота,23:00,1058,994,64,921,21,137,116
2538,hosp_covid_dis_covid_hours_for,70125,2020-12-20,Воскресенье,01:00,22,22,0,1,0,21,21
2539,hosp_covid_dis_covid_hours_for,70126,2020-12-19,Суббота,сутки,1112,1047,65,810,174,302,128
2540,hosp_covid_dis_covid_hours_for,70128,2020-12-20,Воскресенье,02:00,53,52,1,4,0,49,49
2541,hosp_covid_dis_covid_hours_for,70130,2020-12-20,Воскресенье,03:00,91,90,1,6,0,85,85
2542,hosp_covid_dis_covid_hours_for,70132,2020-12-20,Воскресенье,04:00,125,124,1,10,0,115,115
2543,hosp_covid_dis_covid_hours_for,70134,2020-12-20,Воскресенье,05:00,152,150,2,12,0,140,140
2544,hosp_covid_dis_covid_hours_for,70136,2020-12-20,Воскресенье,06:00,183,180,3,12,0,171,171
2545,hosp_covid_dis_covid_hours_for,70138,2020-12-20,Воскресенье,07:00,202,199,3,24,0,178,178
2546,hosp_covid_dis_covid_hours_for,70140,2020-12-20,Воскресенье,08:00,222,219,3,46,0,176,176
2547,hosp_covid_dis_covid_hours_for,70142,2020-12-20,Воскресенье,09:00,241,239,2,64,0,177,177
2548,hosp_covid_dis_covid_hours_for,70144,2020-12-20,Воскресенье,10:00,266,264,2,107,2,159,157
2549,hosp_covid_dis_covid_hours_for,70146,2020-12-20,Воскресенье,11:00,289,286,3,204,11,85,74
2550,hosp_covid_dis_covid_hours_for,70148,2020-12-20,Воскресенье,12:00,320,315,5,268,49,52,3
2551,hosp_covid_dis_covid_hours_for,70150,2020-12-20,Воскресенье,13:00,363,357,6,408,20,-45,-65
2552,hosp_covid_dis_covid_hours_for,70152,2020-12-20,Воскресенье,14:00,420,413,7,523,113,80,-33
2553,hosp_covid_dis_covid_hours_for,70154,2020-12-20,Воскресенье,15:00,461,453,8,526,23,-65,-88
2554,hosp_covid_dis_covid_hours_for,70156,2020-12-20,Воскресенье,16:00,510,499,11,494,96,16,-80
2555,hosp_covid_dis_covid_hours_for,70158,2020-12-20,Воскресенье,17:00,556,541,15,604,24,-48,-72
2556,hosp_covid_dis_covid_hours_for,70160,2020-12-20,Воскресенье,18:00,603,587,16,620,24,-17,-41
2557,hosp_covid_dis_covid_hours_for,70162,2020-12-20,Воскресенье,19:00,643,626,17,635,24,8,-16
2558,hosp_covid_dis_covid_hours_for,70164,2020-12-20,Воскресенье,20:00,693,675,18,657,24,36,12
2559,hosp_covid_dis_covid_hours_for,70166,2020-12-20,Воскресенье,21:00,740,720,20,573,118,167,49
2560,hosp_covid_dis_covid_hours_for,70168,2020-12-20,Воскресенье,22:00,788,767,21,576,121,212,91
2561,hosp_covid_dis_covid_hours_for,70174,2020-12-20,Воскресенье,23:00,822,800,22,672,24,150,126
2562,hosp_covid_dis_covid_hours_for,70177,2020-12-21,Понедельник,01:00,18,18,0,2,0,16,16
2563,hosp_covid_dis_covid_hours_for,70178,2020-12-20,Воскресенье,сутки,864,841,23,623,131,241,110
2564,hosp_covid_dis_covid_hours_for,70180,2020-12-21,Понедельник,02:00,56,55,1,5,0,51,51
2565,hosp_covid_dis_covid_hours_for,70182,2020-12-21,Понедельник,03:00,89,88,1,7,0,82,82
2566,hosp_covid_dis_covid_hours_for,70184,2020-12-21,Понедельник,04:00,123,122,1,12,0,111,111
2567,hosp_covid_dis_covid_hours_for,70186,2020-12-21,Понедельник,05:00,151,150,1,13,0,138,138
2568,hosp_covid_dis_covid_hours_for,70188,2020-12-21,Понедельник,06:00,174,172,2,15,0,159,159
2569,hosp_covid_dis_covid_hours_for,70190,2020-12-21,Понедельник,07:00,195,193,2,30,0,165,165
2570,hosp_covid_dis_covid_hours_for,70192,2020-12-21,Понедельник,08:00,213,211,2,44,0,169,169
2571,hosp_covid_dis_covid_hours_for,70194,2020-12-21,Понедельник,09:00,228,226,2,66,0,162,162
2572,hosp_covid_dis_covid_hours_for,70196,2020-12-21,Понедельник,10:00,241,237,4,124,0,117,117
2573,hosp_covid_dis_covid_hours_for,70198,2020-12-21,Понедельник,11:00,267,259,8,286,0,-19,-19
2574,hosp_covid_dis_covid_hours_for,70200,2020-12-21,Понедельник,12:00,306,293,13,467,44,-161,-205
2575,hosp_covid_dis_covid_hours_for,70208,2020-12-21,Понедельник,13:00,366,351,15,673,35,-307,-316
2576,hosp_covid_dis_covid_hours_for,70213,2020-12-21,Понедельник,14:00,433,414,19,836,69,-403,-472
2577,hosp_covid_dis_covid_hours_for,70215,2020-12-21,Понедельник,15:00,494,470,24,967,80,-473,-553
2578,hosp_covid_dis_covid_hours_for,70217,2020-12-21,Понедельник,16:00,567,537,30,1101,93,-534,-627
2579,hosp_covid_dis_covid_hours_for,70219,2020-12-21,Понедельник,17:00,625,586,39,1173,116,-548,-664
2580,hosp_covid_dis_covid_hours_for,70221,2020-12-21,Понедельник,18:00,708,665,43,1200,141,-492,-633
2581,hosp_covid_dis_covid_hours_for,70223,2020-12-21,Понедельник,19:00,764,709,55,1209,171,-445,-616
2582,hosp_covid_dis_covid_hours_for,70225,2020-12-21,Понедельник,20:00,835,772,63,1218,191,-383,-574
2583,hosp_covid_dis_covid_hours_for,70227,2020-12-21,Понедельник,21:00,905,840,65,1218,193,-313,-506
2584,hosp_covid_dis_covid_hours_for,70229,2020-12-21,Понедельник,22:00,965,896,69,1227,194,-262,-456
2585,hosp_covid_dis_covid_hours_for,70235,2020-12-21,Понедельник,23:00,1024,952,72,1230,195,-206,-401
2586,hosp_covid_dis_covid_hours_for,70238,2020-12-22,Вторник,01:00,28,28,0,0,1,28,27
2587,hosp_covid_dis_covid_hours_for,70241,2020-12-22,Вторник,02:00,63,63,0,2,2,61,59
2588,hosp_covid_dis_covid_hours_for,70243,2020-12-22,Вторник,03:00,112,111,1,3,3,109,106
2589,hosp_covid_dis_covid_hours_for,70245,2020-12-22,Вторник,04:00,163,161,2,6,4,157,153
2590,hosp_covid_dis_covid_hours_for,70247,2020-12-22,Вторник,05:00,208,206,2,9,4,199,195
2591,hosp_covid_dis_covid_hours_for,70249,2020-12-22,Вторник,06:00,242,240,2,11,5,231,226
2592,hosp_covid_dis_covid_hours_for,70251,2020-12-22,Вторник,07:00,280,277,3,19,8,261,253
2593,hosp_covid_dis_covid_hours_for,70253,2020-12-22,Вторник,08:00,314,311,3,43,15,271,256
2594,hosp_covid_dis_covid_hours_for,70255,2020-12-22,Вторник,09:00,343,341,2,86,19,257,238
2595,hosp_covid_dis_covid_hours_for,70257,2020-12-22,Вторник,10:00,354,352,2,145,25,209,184
2596,hosp_covid_dis_covid_hours_for,70260,2020-12-22,Вторник,11:00,379,375,4,300,28,79,51
2597,hosp_covid_dis_covid_hours_for,70262,2020-12-22,Вторник,12:00,429,420,9,502,44,-73,-117
2598,hosp_covid_dis_covid_hours_for,70264,2020-12-22,Вторник,13:00,491,475,16,701,59,-210,-269
2599,hosp_covid_dis_covid_hours_for,70266,2020-12-22,Вторник,14:00,574,553,21,744,78,-170,-248
2600,hosp_covid_dis_covid_hours_for,70268,2020-12-22,Вторник,15:00,638,612,26,1004,86,-366,-452
2601,hosp_covid_dis_covid_hours_for,70270,2020-12-22,Вторник,16:00,721,689,32,984,109,-263,-372
2602,hosp_covid_dis_covid_hours_for,70272,2020-12-22,Вторник,17:00,784,747,37,1176,134,-392,-526
2603,hosp_covid_dis_covid_hours_for,70274,2020-12-22,Вторник,18:00,843,801,42,1151,206,-308,-514
2604,hosp_covid_dis_covid_hours_for,70276,2020-12-22,Вторник,19:00,913,864,49,1136,181,-223,-404
2605,hosp_covid_dis_covid_hours_for,70278,2020-12-22,Вторник,20:00,982,930,52,1149,198,-167,-365
2606,hosp_covid_dis_covid_hours_for,70279,2020-12-21,Понедельник,сутки,1086,1010,76,1357,10,-271,-281
2607,hosp_covid_dis_covid_hours_for,70281,2020-12-22,Вторник,21:00,1052,997,55,1194,219,-142,-361
2608,hosp_covid_dis_covid_hours_for,70283,2020-12-22,Вторник,22:00,1115,1059,56,1159,219,-44,-263
2609,hosp_covid_dis_covid_hours_for,70284,2020-12-22,Вторник,сутки,1121,1064,57,1201,220,-80,-300
2610,hosp_covid_dis_covid_hours_for,70286,2020-12-23,Среда,08:00,260,257,3,45,17,215,198
2611,hosp_covid_dis_covid_hours_for,70288,2020-12-23,Среда,09:00,286,282,4,83,21,203,182
2612,hosp_covid_dis_covid_hours_for,70290,2020-12-23,Среда,10:00,313,308,5,116,32,197,165
2613,hosp_covid_dis_covid_hours_for,70292,2020-12-23,Среда,11:00,335,330,5,227,39,108,69
2614,hosp_covid_dis_covid_hours_for,70294,2020-12-23,Среда,12:00,377,371,6,456,58,-79,-137
2615,hosp_covid_dis_covid_hours_for,70296,2020-12-23,Среда,13:00,436,427,9,612,69,-176,-245
2616,hosp_covid_dis_covid_hours_for,70298,2020-12-23,Среда,14:00,502,487,15,756,87,-254,-341
2617,hosp_covid_dis_covid_hours_for,70300,2020-12-23,Среда,15:00,586,564,22,865,106,-279,-385
2618,hosp_covid_dis_covid_hours_for,70302,2020-12-23,Среда,16:00,657,635,22,950,138,-293,-431
2619,hosp_covid_dis_covid_hours_for,70304,2020-12-23,Среда,17:00,722,695,27,1002,149,-280,-429
2620,hosp_covid_dis_covid_hours_for,70306,2020-12-23,Среда,18:00,806,773,33,1043,168,-237,-405
2621,hosp_covid_dis_covid_hours_for,70308,2020-12-23,Среда,19:00,880,844,36,1052,198,-172,-370
2622,hosp_covid_dis_covid_hours_for,70310,2020-12-23,Среда,20:00,944,905,39,1066,225,-122,-347
2623,hosp_covid_dis_covid_hours_for,70312,2020-12-23,Среда,21:00,992,951,41,1076,231,-84,-315
2624,hosp_covid_dis_covid_hours_for,70314,2020-12-23,Среда,22:00,1046,1004,42,1077,232,-31,-263
2625,hosp_covid_dis_covid_hours_for,70320,2020-12-23,Среда,23:00,1101,1055,46,1078,233,23,-210
2626,hosp_covid_dis_covid_hours_for,70323,2020-12-24,Четверг,01:00,26,26,0,3,0,23,23
2627,hosp_covid_dis_covid_hours_for,70324,2020-12-23,Среда,сутки,1146,1098,48,1080,98,66,-32
2628,hosp_covid_dis_covid_hours_for,70326,2020-12-24,Четверг,02:00,80,79,1,8,0,72,72
2629,hosp_covid_dis_covid_hours_for,70328,2020-12-24,Четверг,03:00,129,128,1,19,0,110,110
2630,hosp_covid_dis_covid_hours_for,70330,2020-12-24,Четверг,04:00,165,164,1,21,0,144,144
2631,hosp_covid_dis_covid_hours_for,70332,2020-12-24,Четверг,05:00,203,202,1,25,0,178,178
2632,hosp_covid_dis_covid_hours_for,70334,2020-12-24,Четверг,06:00,229,228,1,32,0,197,197
2633,hosp_covid_dis_covid_hours_for,70336,2020-12-24,Четверг,07:00,256,255,1,33,1,223,222
2634,hosp_covid_dis_covid_hours_for,70338,2020-12-24,Четверг,08:00,276,275,1,48,5,228,223
2635,hosp_covid_dis_covid_hours_for,70340,2020-12-24,Четверг,09:00,301,300,1,85,23,216,193
2636,hosp_covid_dis_covid_hours_for,70342,2020-12-24,Четверг,10:00,322,321,1,132,30,190,160
2637,hosp_covid_dis_covid_hours_for,70344,2020-12-24,Четверг,11:00,352,347,5,269,38,83,45
2638,hosp_covid_dis_covid_hours_for,70346,2020-12-24,Четверг,12:00,391,380,11,440,45,-49,-94
2639,hosp_covid_dis_covid_hours_for,70348,2020-12-24,Четверг,13:00,438,423,15,617,56,-179,-235
2640,hosp_covid_dis_covid_hours_for,70350,2020-12-24,Четверг,14:00,487,471,16,750,64,-263,-327
2641,hosp_covid_dis_covid_hours_for,70352,2020-12-24,Четверг,15:00,542,525,17,832,81,-290,-371
2642,hosp_covid_dis_covid_hours_for,70354,2020-12-24,Четверг,16:00,611,588,23,951,93,-340,-433
2643,hosp_covid_dis_covid_hours_for,70356,2020-12-24,Четверг,17:00,699,668,31,1008,119,-309,-428
2644,hosp_covid_dis_covid_hours_for,70358,2020-12-24,Четверг,18:00,763,728,35,1029,152,-266,-418
2645,hosp_covid_dis_covid_hours_for,70360,2020-12-24,Четверг,19:00,840,803,37,1045,161,-205,-366
2646,hosp_covid_dis_covid_hours_for,70362,2020-12-24,Четверг,20:00,911,872,39,1056,183,-145,-328
2647,hosp_covid_dis_covid_hours_for,70364,2020-12-24,Четверг,21:00,961,921,40,1059,187,-98,-285
2648,hosp_covid_dis_covid_hours_for,70366,2020-12-24,Четверг,22:00,1006,964,42,1064,189,-58,-247
2649,hosp_covid_dis_covid_hours_for,70372,2020-12-24,Четверг,23:00,1057,1015,42,1067,192,-10,-202
2650,hosp_covid_dis_covid_hours_for,70375,2020-12-25,Пятница,01:00,25,24,1,1,1,24,23
2651,hosp_covid_dis_covid_hours_for,70376,2020-12-24,Четверг,сутки,1112,1067,45,1070,60,42,-18
2652,hosp_covid_dis_covid_hours_for,70378,2020-12-25,Пятница,02:00,61,58,3,3,2,58,56
2653,hosp_covid_dis_covid_hours_for,70380,2020-12-25,Пятница,03:00,98,93,5,4,2,94,92
2654,hosp_covid_dis_covid_hours_for,70382,2020-12-25,Пятница,04:00,134,128,6,9,2,125,123
2655,hosp_covid_dis_covid_hours_for,70384,2020-12-25,Пятница,05:00,173,167,6,15,3,158,155
2656,hosp_covid_dis_covid_hours_for,70386,2020-12-25,Пятница,06:00,204,198,6,15,3,189,186
2657,hosp_covid_dis_covid_hours_for,70388,2020-12-25,Пятница,07:00,229,222,7,25,3,204,201
2658,hosp_covid_dis_covid_hours_for,70390,2020-12-25,Пятница,08:00,244,236,8,48,6,196,190
2659,hosp_covid_dis_covid_hours_for,70392,2020-12-25,Пятница,09:00,261,253,8,83,8,178,170
2660,hosp_covid_dis_covid_hours_for,70394,2020-12-25,Пятница,10:00,273,265,8,162,12,111,99
2661,hosp_covid_dis_covid_hours_for,70396,2020-12-25,Пятница,11:00,298,287,11,263,22,35,13
2662,hosp_covid_dis_covid_hours_for,70398,2020-12-25,Пятница,12:00,341,324,17,471,35,-130,-165
2663,hosp_covid_dis_covid_hours_for,70400,2020-12-25,Пятница,13:00,393,370,23,668,54,-275,-329
2664,hosp_covid_dis_covid_hours_for,70402,2020-12-25,Пятница,14:00,456,429,27,817,63,-361,-424
2665,hosp_covid_dis_covid_hours_for,70404,2020-12-25,Пятница,15:00,524,488,36,930,75,-406,-481
2666,hosp_covid_dis_covid_hours_for,70406,2020-12-25,Пятница,16:00,587,543,44,1070,81,-483,-564
2667,hosp_covid_dis_covid_hours_for,70408,2020-12-25,Пятница,17:00,639,591,48,1118,98,-479,-577
2668,hosp_covid_dis_covid_hours_for,70410,2020-12-25,Пятница,18:00,690,638,52,1144,117,-454,-571
2669,hosp_covid_dis_covid_hours_for,70412,2020-12-25,Пятница,19:00,753,696,57,1175,139,-422,-561
2670,hosp_covid_dis_covid_hours_for,70414,2020-12-25,Пятница,20:00,823,758,65,1178,167,-355,-522
2671,hosp_covid_dis_covid_hours_for,70416,2020-12-25,Пятница,21:00,882,807,75,1184,181,-302,-483
2672,hosp_covid_dis_covid_hours_for,70418,2020-12-25,Пятница,22:00,935,859,76,1192,189,-257,-446
2673,hosp_covid_dis_covid_hours_for,70424,2020-12-25,Пятница,23:00,995,917,78,1198,192,-203,-395
2674,hosp_covid_dis_covid_hours_for,70427,2020-12-26,Суббота,01:00,33,33,0,3,0,30,30
2675,hosp_covid_dis_covid_hours_for,70428,2020-12-25,Пятница,сутки,1057,978,79,1202,65,-145,-210
2676,hosp_covid_dis_covid_hours_for,70430,2020-12-26,Суббота,02:00,73,73,0,8,0,65,65
2677,hosp_covid_dis_covid_hours_for,70432,2020-12-26,Суббота,03:00,111,111,0,11,0,100,100
2678,hosp_covid_dis_covid_hours_for,70434,2020-12-26,Суббота,04:00,166,166,0,11,0,155,155
2679,hosp_covid_dis_covid_hours_for,70436,2020-12-26,Суббота,05:00,210,210,0,11,2,199,197
2680,hosp_covid_dis_covid_hours_for,70438,2020-12-26,Суббота,06:00,240,240,0,12,2,228,226
2681,hosp_covid_dis_covid_hours_for,70440,2020-12-26,Суббота,07:00,272,272,0,17,7,255,248
2682,hosp_covid_dis_covid_hours_for,70442,2020-12-26,Суббота,08:00,295,295,0,35,14,260,246
2683,hosp_covid_dis_covid_hours_for,70444,2020-12-26,Суббота,09:00,318,318,0,64,17,254,237
2684,hosp_covid_dis_covid_hours_for,70446,2020-12-26,Суббота,10:00,332,332,0,131,25,201,176
2685,hosp_covid_dis_covid_hours_for,70448,2020-12-26,Суббота,11:00,358,355,3,212,28,146,118
2686,hosp_covid_dis_covid_hours_for,70450,2020-12-26,Суббота,12:00,408,404,4,383,52,25,-27
2687,hosp_covid_dis_covid_hours_for,70452,2020-12-26,Суббота,13:00,465,459,6,493,74,-28,-102
2688,hosp_covid_dis_covid_hours_for,70454,2020-12-26,Суббота,14:00,524,512,12,583,82,-59,-141
2689,hosp_covid_dis_covid_hours_for,70456,2020-12-26,Суббота,15:00,588,574,14,673,86,-85,-171
2690,hosp_covid_dis_covid_hours_for,70458,2020-12-26,Суббота,16:00,643,627,16,753,91,-110,-201
2691,hosp_covid_dis_covid_hours_for,70460,2020-12-26,Суббота,17:00,703,681,22,788,96,-85,-181
2692,hosp_covid_dis_covid_hours_for,70462,2020-12-26,Суббота,18:00,754,729,25,802,98,-48,-146
2693,hosp_covid_dis_covid_hours_for,70464,2020-12-26,Суббота,19:00,819,790,29,818,113,1,-112
2694,hosp_covid_dis_covid_hours_for,70466,2020-12-26,Суббота,20:00,874,840,34,823,125,51,-74
2695,hosp_covid_dis_covid_hours_for,70468,2020-12-26,Суббота,21:00,927,892,35,826,132,101,-31
2696,hosp_covid_dis_covid_hours_for,70470,2020-12-26,Суббота,22:00,974,935,39,832,132,142,10
2697,hosp_covid_dis_covid_hours_for,70476,2020-12-26,Суббота,23:00,1011,971,40,838,132,173,41
2698,hosp_covid_dis_covid_hours_for,70479,2020-12-27,Воскресенье,01:00,15,15,0,4,1,11,10
2699,hosp_covid_dis_covid_hours_for,70480,2020-12-26,Суббота,сутки,1052,1010,42,845,43,207,164
2700,hosp_covid_dis_covid_hours_for,70482,2020-12-27,Воскресенье,02:00,46,44,2,10,1,36,35
2701,hosp_covid_dis_covid_hours_for,70484,2020-12-27,Воскресенье,03:00,84,82,2,11,1,73,72
2702,hosp_covid_dis_covid_hours_for,70486,2020-12-27,Воскресенье,04:00,120,118,2,12,3,108,105
2703,hosp_covid_dis_covid_hours_for,70488,2020-12-27,Воскресенье,05:00,154,152,2,13,3,141,138
2704,hosp_covid_dis_covid_hours_for,70490,2020-12-27,Воскресенье,06:00,173,171,2,16,5,157,152
2705,hosp_covid_dis_covid_hours_for,70492,2020-12-27,Воскресенье,07:00,197,195,2,18,5,179,174
2706,hosp_covid_dis_covid_hours_for,70494,2020-12-27,Воскресенье,08:00,217,215,2,30,6,187,181
2707,hosp_covid_dis_covid_hours_for,70496,2020-12-27,Воскресенье,09:00,232,230,2,49,13,183,170
2708,hosp_covid_dis_covid_hours_for,70498,2020-12-27,Воскресенье,10:00,248,246,2,93,16,155,139
2709,hosp_covid_dis_covid_hours_for,70500,2020-12-27,Воскресенье,11:00,266,262,4,148,22,118,96
2710,hosp_covid_dis_covid_hours_for,70502,2020-12-27,Воскресенье,12:00,289,283,6,306,32,-17,-49
2711,hosp_covid_dis_covid_hours_for,70504,2020-12-27,Воскресенье,13:00,314,304,10,407,40,-93,-133
2712,hosp_covid_dis_covid_hours_for,70506,2020-12-27,Воскресенье,14:00,352,342,10,412,84,-60,-144
2713,hosp_covid_dis_covid_hours_for,70508,2020-12-27,Воскресенье,15:00,405,391,14,508,74,-103,-177
2714,hosp_covid_dis_covid_hours_for,70510,2020-12-27,Воскресенье,16:00,453,435,18,498,118,-45,-163
2715,hosp_covid_dis_covid_hours_for,70512,2020-12-27,Воскресенье,17:00,481,462,19,580,95,-99,-194
2716,hosp_covid_dis_covid_hours_for,70514,2020-12-27,Воскресенье,18:00,534,512,22,528,139,6,-133
2717,hosp_covid_dis_covid_hours_for,70516,2020-12-27,Воскресенье,19:00,589,564,25,578,145,11,-134
2718,hosp_covid_dis_covid_hours_for,70518,2020-12-27,Воскресенье,20:00,630,604,26,607,109,23,-86
2719,hosp_covid_dis_covid_hours_for,70520,2020-12-27,Воскресенье,21:00,663,636,27,551,146,112,-34
2720,hosp_covid_dis_covid_hours_for,70522,2020-12-27,Воскресенье,22:00,708,680,28,624,115,84,-31
2721,hosp_covid_dis_covid_hours_for,70526,2020-12-27,Воскресенье,23:00,750,720,30,628,115,122,7
2722,hosp_covid_dis_covid_hours_for,70530,2020-12-28,Понедельник,01:00,17,17,0,6,1,11,10
2723,hosp_covid_dis_covid_hours_for,70531,2020-12-27,Воскресенье,сутки,788,756,32,563,78,225,147
2724,hosp_covid_dis_covid_hours_for,70533,2020-12-28,Понедельник,02:00,45,45,0,11,2,34,32
2725,hosp_covid_dis_covid_hours_for,70535,2020-12-28,Понедельник,03:00,67,67,0,13,2,54,52
2726,hosp_covid_dis_covid_hours_for,70537,2020-12-28,Понедельник,04:00,109,109,0,14,2,95,93
2727,hosp_covid_dis_covid_hours_for,70539,2020-12-28,Понедельник,05:00,124,124,0,16,3,108,105
2728,hosp_covid_dis_covid_hours_for,70541,2020-12-28,Понедельник,06:00,142,142,0,28,4,114,110
2729,hosp_covid_dis_covid_hours_for,70543,2020-12-28,Понедельник,07:00,170,170,0,35,5,135,130
2730,hosp_covid_dis_covid_hours_for,70545,2020-12-28,Понедельник,08:00,189,189,0,55,14,134,120
2731,hosp_covid_dis_covid_hours_for,70547,2020-12-28,Понедельник,09:00,197,197,0,66,19,131,112
2732,hosp_covid_dis_covid_hours_for,70549,2020-12-28,Понедельник,10:00,209,205,4,106,25,103,78
2733,hosp_covid_dis_covid_hours_for,70551,2020-12-28,Понедельник,11:00,227,222,5,223,30,4,-26
2734,hosp_covid_dis_covid_hours_for,70553,2020-12-28,Понедельник,12:00,261,254,7,448,38,-187,-225
2735,hosp_covid_dis_covid_hours_for,70555,2020-12-28,Понедельник,13:00,315,304,11,595,49,-280,-329
2736,hosp_covid_dis_covid_hours_for,70557,2020-12-28,Понедельник,14:00,380,368,12,764,77,-384,-461
2737,hosp_covid_dis_covid_hours_for,70559,2020-12-28,Понедельник,15:00,431,414,17,871,87,-440,-527
2738,hosp_covid_dis_covid_hours_for,70561,2020-12-28,Понедельник,16:00,501,479,22,981,97,-480,-577
2739,hosp_covid_dis_covid_hours_for,70563,2020-12-28,Понедельник,17:00,565,534,31,1060,116,-495,-611
2740,hosp_covid_dis_covid_hours_for,70565,2020-12-28,Понедельник,18:00,622,588,34,1082,147,-460,-607
2741,hosp_covid_dis_covid_hours_for,70567,2020-12-28,Понедельник,19:00,699,658,41,1105,165,-406,-571
2742,hosp_covid_dis_covid_hours_for,70569,2020-12-28,Понедельник,20:00,777,731,46,1128,183,-351,-534
2743,hosp_covid_dis_covid_hours_for,70571,2020-12-28,Понедельник,21:00,838,790,48,1135,189,-297,-486
2744,hosp_covid_dis_covid_hours_for,70573,2020-12-28,Понедельник,22:00,903,853,50,1140,193,-237,-430
2745,hosp_covid_dis_covid_hours_for,70579,2020-12-28,Понедельник,23:00,979,924,55,1142,198,-163,-361
2746,hosp_covid_dis_covid_hours_for,70582,2020-12-29,Вторник,01:00,31,31,0,9,0,22,22
2747,hosp_covid_dis_covid_hours_for,70583,2020-12-28,Понедельник,сутки,1053,996,57,1148,78,-95,-173
2748,hosp_covid_dis_covid_hours_for,70585,2020-12-29,Вторник,02:00,63,63,0,16,5,47,42
2749,hosp_covid_dis_covid_hours_for,70587,2020-12-29,Вторник,03:00,99,99,0,17,6,82,76
2750,hosp_covid_dis_covid_hours_for,70589,2020-12-29,Вторник,04:00,133,133,0,19,6,114,108
2751,hosp_covid_dis_covid_hours_for,70591,2020-12-29,Вторник,05:00,171,171,0,19,10,152,142
2752,hosp_covid_dis_covid_hours_for,70593,2020-12-29,Вторник,06:00,209,209,0,20,10,189,179
2753,hosp_covid_dis_covid_hours_for,70595,2020-12-29,Вторник,07:00,232,232,0,23,13,209,196
2754,hosp_covid_dis_covid_hours_for,70597,2020-12-29,Вторник,08:00,255,255,0,44,17,211,194
2755,hosp_covid_dis_covid_hours_for,70599,2020-12-29,Вторник,09:00,272,269,3,102,27,170,143
2756,hosp_covid_dis_covid_hours_for,70601,2020-12-29,Вторник,10:00,292,288,4,187,28,105,77
2757,hosp_covid_dis_covid_hours_for,70603,2020-12-29,Вторник,11:00,317,311,6,318,36,-1,-37
2758,hosp_covid_dis_covid_hours_for,70605,2020-12-29,Вторник,12:00,354,346,8,617,50,-263,-313
2759,hosp_covid_dis_covid_hours_for,70607,2020-12-29,Вторник,13:00,406,393,13,791,59,-385,-444
2760,hosp_covid_dis_covid_hours_for,70609,2020-12-29,Вторник,14:00,457,440,17,999,69,-542,-611
2761,hosp_covid_dis_covid_hours_for,70611,2020-12-29,Вторник,15:00,524,501,23,1097,78,-573,-651
2762,hosp_covid_dis_covid_hours_for,70613,2020-12-29,Вторник,16:00,590,563,27,1180,92,-590,-682
2763,hosp_covid_dis_covid_hours_for,70615,2020-12-29,Вторник,17:00,661,628,33,1229,99,-568,-667
2764,hosp_covid_dis_covid_hours_for,70617,2020-12-29,Вторник,18:00,732,694,38,1257,115,-525,-640
2765,hosp_covid_dis_covid_hours_for,70619,2020-12-29,Вторник,19:00,802,761,41,1285,147,-483,-630
2766,hosp_covid_dis_covid_hours_for,70621,2020-12-29,Вторник,20:00,875,826,49,1302,165,-427,-592
2767,hosp_covid_dis_covid_hours_for,70623,2020-12-29,Вторник,21:00,927,876,51,1313,174,-386,-560
2768,hosp_covid_dis_covid_hours_for,70625,2020-12-29,Вторник,22:00,985,932,53,1319,175,-334,-509
2769,hosp_covid_dis_covid_hours_for,70631,2020-12-29,Вторник,23:00,1054,994,60,1319,179,-265,-444
2770,hosp_covid_dis_covid_hours_for,70634,2020-12-30,Среда,01:00,20,17,3,1,0,19,19
2771,hosp_covid_dis_covid_hours_for,70635,2020-12-29,Вторник,сутки,1114,1052,62,1322,181,-208,-389
2772,hosp_covid_dis_covid_hours_for,70637,2020-12-30,Среда,02:00,51,48,3,4,2,47,45
2773,hosp_covid_dis_covid_hours_for,70639,2020-12-30,Среда,03:00,85,80,5,11,2,74,72
2774,hosp_covid_dis_covid_hours_for,70641,2020-12-30,Среда,04:00,121,116,5,12,2,109,107
2775,hosp_covid_dis_covid_hours_for,70643,2020-12-30,Среда,05:00,155,150,5,14,2,141,139
2776,hosp_covid_dis_covid_hours_for,70645,2020-12-30,Среда,06:00,179,173,6,15,2,164,162
2777,hosp_covid_dis_covid_hours_for,70647,2020-12-30,Среда,07:00,197,191,6,79,2,118,116
2778,hosp_covid_dis_covid_hours_for,70649,2020-12-30,Среда,08:00,218,212,6,132,10,86,76
2779,hosp_covid_dis_covid_hours_for,70651,2020-12-30,Среда,09:00,233,227,6,168,14,65,51
2780,hosp_covid_dis_covid_hours_for,70653,2020-12-30,Среда,10:00,247,239,8,268,14,-21,-35
2781,hosp_covid_dis_covid_hours_for,70655,2020-12-30,Среда,11:00,263,254,9,406,15,-143,-158
2782,hosp_covid_dis_covid_hours_for,70657,2020-12-30,Среда,12:00,293,283,10,699,30,-406,-436
2783,hosp_covid_dis_covid_hours_for,70659,2020-12-30,Среда,13:00,354,339,15,950,41,-596,-637
2784,hosp_covid_dis_covid_hours_for,70661,2020-12-30,Среда,14:00,411,392,19,1131,50,-720,-770
2785,hosp_covid_dis_covid_hours_for,70663,2020-12-30,Среда,15:00,466,441,25,1256,63,-790,-853
2786,hosp_covid_dis_covid_hours_for,70665,2020-12-30,Среда,16:00,533,502,31,1394,98,-861,-959
2787,hosp_covid_dis_covid_hours_for,70667,2020-12-30,Среда,17:00,599,563,36,1445,119,-846,-965
2788,hosp_covid_dis_covid_hours_for,70669,2020-12-30,Среда,18:00,677,634,43,1475,141,-798,-939
2789,hosp_covid_dis_covid_hours_for,70671,2020-12-30,Среда,19:00,747,699,48,1518,158,-771,-929
2790,hosp_covid_dis_covid_hours_for,70673,2020-12-30,Среда,20:00,809,760,49,1537,159,-728,-887
2791,hosp_covid_dis_covid_hours_for,70675,2020-12-30,Среда,21:00,857,803,54,1546,163,-689,-852
2792,hosp_covid_dis_covid_hours_for,70677,2020-12-30,Среда,22:00,913,856,57,1559,167,-646,-813
2793,hosp_covid_dis_covid_hours_for,70683,2020-12-30,Среда,23:00,968,909,59,1563,169,-595,-764
2794,hosp_covid_dis_covid_hours_for,70686,2020-12-31,Четверг,01:00,24,24,0,4,1,20,19
2795,hosp_covid_dis_covid_hours_for,70687,2020-12-30,Среда,сутки,1023,964,59,1572,171,-549,-720
2796,hosp_covid_dis_covid_hours_for,70689,2020-12-31,Четверг,02:00,65,63,2,7,2,58,56
2797,hosp_covid_dis_covid_hours_for,70691,2020-12-31,Четверг,03:00,101,99,2,12,3,89,86
2798,hosp_covid_dis_covid_hours_for,70693,2020-12-31,Четверг,04:00,137,135,2,16,3,121,118
2799,hosp_covid_dis_covid_hours_for,70695,2020-12-31,Четверг,05:00,175,173,2,18,3,157,154
2800,hosp_covid_dis_covid_hours_for,70697,2020-12-31,Четверг,06:00,193,191,2,19,4,174,170
2801,hosp_covid_dis_covid_hours_for,70699,2020-12-31,Четверг,07:00,208,206,2,24,8,184,176
2802,hosp_covid_dis_covid_hours_for,70701,2020-12-31,Четверг,08:00,225,222,3,40,9,185,176
2803,hosp_covid_dis_covid_hours_for,70703,2020-12-31,Четверг,09:00,240,237,3,97,11,143,132
2804,hosp_covid_dis_covid_hours_for,70705,2020-12-31,Четверг,10:00,252,249,3,167,14,85,71
2805,hosp_covid_dis_covid_hours_for,70707,2020-12-31,Четверг,11:00,278,275,3,329,23,-51,-74
2806,hosp_covid_dis_covid_hours_for,70709,2020-12-31,Четверг,12:00,305,299,6,543,46,-238,-284
2807,hosp_covid_dis_covid_hours_for,70711,2020-12-31,Четверг,13:00,363,352,11,719,58,-356,-414
2808,hosp_covid_dis_covid_hours_for,70713,2020-12-31,Четверг,14:00,450,436,14,895,66,-445,-511
2809,hosp_covid_dis_covid_hours_for,70715,2020-12-31,Четверг,15:00,525,504,21,1043,78,-518,-596
2810,hosp_covid_dis_covid_hours_for,70717,2020-12-31,Четверг,16:00,590,562,28,1121,97,-531,-628
2811,hosp_covid_dis_covid_hours_for,70719,2020-12-31,Четверг,17:00,643,612,31,1168,123,-525,-648
2812,hosp_covid_dis_covid_hours_for,70721,2020-12-31,Четверг,18:00,704,669,35,1199,137,-495,-632
2813,hosp_covid_dis_covid_hours_for,70723,2020-12-31,Четверг,19:00,761,723,38,1224,141,-463,-604
2814,hosp_covid_dis_covid_hours_for,70725,2020-12-31,Четверг,20:00,815,771,44,1242,142,-427,-569
2815,hosp_covid_dis_covid_hours_for,70727,2020-12-31,Четверг,21:00,859,812,47,1252,149,-393,-542
2816,hosp_covid_dis_covid_hours_for,70729,2020-12-31,Четверг,22:00,901,851,50,1262,149,-361,-510
2817,hosp_covid_dis_covid_hours_for,70735,2020-12-31,Четверг,23:00,942,890,52,1264,150,-322,-472
2818,hosp_covid_dis_covid_hours_for,70738,2021-01-01,Пятница,01:00,9,9,0,1,0,8,8
2819,hosp_covid_dis_covid_hours_for,70739,2020-12-31,Четверг,сутки,982,929,53,1267,150,-285,-435
2820,hosp_covid_dis_covid_hours_for,70741,2021-01-01,Пятница,02:00,35,35,0,2,0,33,33
2821,hosp_covid_dis_covid_hours_for,70743,2021-01-01,Пятница,03:00,53,53,0,3,1,50,49
2822,hosp_covid_dis_covid_hours_for,70745,2021-01-01,Пятница,04:00,71,71,0,7,0,64,64
2823,hosp_covid_dis_covid_hours_for,70747,2021-01-01,Пятница,05:00,86,86,0,10,0,76,76
2824,hosp_covid_dis_covid_hours_for,70749,2021-01-01,Пятница,06:00,101,101,0,10,0,91,91
2825,hosp_covid_dis_covid_hours_for,70751,2021-01-01,Пятница,07:00,107,107,0,15,0,92,92
2826,hosp_covid_dis_covid_hours_for,70753,2021-01-01,Пятница,08:00,119,119,0,25,1,94,93
2827,hosp_covid_dis_covid_hours_for,70755,2021-01-01,Пятница,09:00,129,129,0,38,6,91,85
2828,hosp_covid_dis_covid_hours_for,70757,2021-01-01,Пятница,10:00,135,135,0,47,13,88,75
2829,hosp_covid_dis_covid_hours_for,70759,2021-01-01,Пятница,11:00,152,152,0,112,25,40,15
2830,hosp_covid_dis_covid_hours_for,70761,2021-01-01,Пятница,12:00,178,176,2,176,34,2,-32
2831,hosp_covid_dis_covid_hours_for,70763,2021-01-01,Пятница,13:00,215,213,2,240,40,-25,-65
2832,hosp_covid_dis_covid_hours_for,70765,2021-01-01,Пятница,14:00,260,255,5,274,53,-14,-67
2833,hosp_covid_dis_covid_hours_for,70767,2021-01-01,Пятница,15:00,306,300,6,326,69,-20,-89
2834,hosp_covid_dis_covid_hours_for,70769,2021-01-01,Пятница,16:00,349,341,8,368,73,-19,-92
2835,hosp_covid_dis_covid_hours_for,70771,2021-01-01,Пятница,17:00,390,377,13,382,93,8,-85
2836,hosp_covid_dis_covid_hours_for,70773,2021-01-01,Пятница,18:00,424,406,18,413,103,11,-92
2837,hosp_covid_dis_covid_hours_for,70775,2021-01-01,Пятница,19:00,470,447,23,422,107,48,-59
2838,hosp_covid_dis_covid_hours_for,70777,2021-01-01,Пятница,20:00,504,480,24,440,109,64,-45
2839,hosp_covid_dis_covid_hours_for,70779,2021-01-01,Пятница,21:00,565,535,30,444,109,121,12
2840,hosp_covid_dis_covid_hours_for,70781,2021-01-01,Пятница,22:00,606,575,31,449,110,157,47
2841,hosp_covid_dis_covid_hours_for,70787,2021-01-01,Пятница,23:00,645,613,32,452,117,193,76
2842,hosp_covid_dis_covid_hours_for,70790,2021-01-02,Суббота,01:00,25,25,0,1,1,24,23
2843,hosp_covid_dis_covid_hours_for,70791,2021-01-01,Пятница,сутки,696,662,34,456,118,240,122
2844,hosp_covid_dis_covid_hours_for,70793,2021-01-02,Суббота,02:00,66,63,3,2,1,64,63
2845,hosp_covid_dis_covid_hours_for,70795,2021-01-02,Суббота,03:00,95,92,3,2,1,93,92
2846,hosp_covid_dis_covid_hours_for,70797,2021-01-02,Суббота,04:00,126,123,3,2,1,124,123
2847,hosp_covid_dis_covid_hours_for,70799,2021-01-02,Суббота,05:00,151,148,3,5,1,146,145
2848,hosp_covid_dis_covid_hours_for,70801,2021-01-02,Суббота,06:00,179,175,4,6,1,173,172
2849,hosp_covid_dis_covid_hours_for,70803,2021-01-02,Суббота,07:00,197,193,4,12,1,185,184
2850,hosp_covid_dis_covid_hours_for,70805,2021-01-02,Суббота,08:00,202,198,4,24,6,178,172
2851,hosp_covid_dis_covid_hours_for,70807,2021-01-02,Суббота,09:00,211,207,4,46,13,165,152
2852,hosp_covid_dis_covid_hours_for,70809,2021-01-02,Суббота,10:00,219,214,5,66,15,153,138
2853,hosp_covid_dis_covid_hours_for,70811,2021-01-02,Суббота,11:00,242,236,6,145,31,97,66
2854,hosp_covid_dis_covid_hours_for,70813,2021-01-02,Суббота,12:00,273,265,8,241,40,32,-8
2855,hosp_covid_dis_covid_hours_for,70815,2021-01-02,Суббота,13:00,320,309,11,331,63,-11,-74
2856,hosp_covid_dis_covid_hours_for,70817,2021-01-02,Суббота,14:00,388,372,16,426,72,-38,-110
2857,hosp_covid_dis_covid_hours_for,70819,2021-01-02,Суббота,15:00,461,440,21,489,78,-28,-106
2858,hosp_covid_dis_covid_hours_for,70821,2021-01-02,Суббота,16:00,519,492,27,518,87,1,-86
2859,hosp_covid_dis_covid_hours_for,70823,2021-01-02,Суббота,17:00,574,540,34,540,96,34,-62
2860,hosp_covid_dis_covid_hours_for,70825,2021-01-02,Суббота,18:00,635,598,37,558,102,77,-25
2861,hosp_covid_dis_covid_hours_for,70827,2021-01-02,Суббота,19:00,693,651,42,568,113,125,12
2862,hosp_covid_dis_covid_hours_for,70829,2021-01-02,Суббота,20:00,754,709,45,579,125,175,50
2863,hosp_covid_dis_covid_hours_for,70831,2021-01-02,Суббота,21:00,802,754,48,589,132,213,81
2864,hosp_covid_dis_covid_hours_for,70833,2021-01-02,Суббота,22:00,845,792,53,596,132,249,117
2865,hosp_covid_dis_covid_hours_for,70839,2021-01-02,Суббота,23:00,887,832,55,603,133,284,151
2866,hosp_covid_dis_covid_hours_for,70842,2021-01-03,Воскресенье,01:00,16,16,0,11,0,5,5
2867,hosp_covid_dis_covid_hours_for,70843,2021-01-02,Суббота,сутки,936,878,58,607,135,329,194
2868,hosp_covid_dis_covid_hours_for,70845,2021-01-03,Воскресенье,02:00,54,54,0,14,2,40,38
2869,hosp_covid_dis_covid_hours_for,70847,2021-01-03,Воскресенье,03:00,101,101,0,20,3,81,78
2870,hosp_covid_dis_covid_hours_for,70849,2021-01-03,Воскресенье,04:00,137,136,1,20,3,117,114
2871,hosp_covid_dis_covid_hours_for,70851,2021-01-03,Воскресенье,05:00,171,170,1,21,3,150,147
2872,hosp_covid_dis_covid_hours_for,70853,2021-01-03,Воскресенье,06:00,201,200,1,21,3,180,177
2873,hosp_covid_dis_covid_hours_for,70855,2021-01-03,Воскресенье,07:00,225,224,1,29,5,196,191
2874,hosp_covid_dis_covid_hours_for,70857,2021-01-03,Воскресенье,08:00,240,239,1,54,5,186,181
2875,hosp_covid_dis_covid_hours_for,70859,2021-01-03,Воскресенье,09:00,264,263,1,79,5,185,180
2876,hosp_covid_dis_covid_hours_for,70861,2021-01-03,Воскресенье,10:00,282,281,1,127,8,155,147
2877,hosp_covid_dis_covid_hours_for,70863,2021-01-03,Воскресенье,11:00,297,296,1,218,17,79,62
2878,hosp_covid_dis_covid_hours_for,70865,2021-01-03,Воскресенье,12:00,338,335,3,399,38,-61,-99
2879,hosp_covid_dis_covid_hours_for,70867,2021-01-03,Воскресенье,13:00,398,390,8,587,59,-189,-248
2880,hosp_covid_dis_covid_hours_for,70869,2021-01-03,Воскресенье,14:00,454,443,11,704,86,-250,-336
2881,hosp_covid_dis_covid_hours_for,70871,2021-01-03,Воскресенье,15:00,512,499,13,786,107,-274,-381
2882,hosp_covid_dis_covid_hours_for,70873,2021-01-03,Воскресенье,16:00,580,561,19,840,125,-260,-385
2883,hosp_covid_dis_covid_hours_for,70875,2021-01-03,Воскресенье,17:00,629,601,28,861,144,-232,-376
2884,hosp_covid_dis_covid_hours_for,70877,2021-01-03,Воскресенье,18:00,694,660,34,882,172,-188,-360
2885,hosp_covid_dis_covid_hours_for,70879,2021-01-03,Воскресенье,19:00,753,716,37,899,187,-146,-333
2886,hosp_covid_dis_covid_hours_for,70881,2021-01-03,Воскресенье,20:00,828,787,41,905,195,-77,-272
2887,hosp_covid_dis_covid_hours_for,70883,2021-01-03,Воскресенье,21:00,879,838,41,912,197,-33,-230
2888,hosp_covid_dis_covid_hours_for,70885,2021-01-03,Воскресенье,22:00,923,882,41,926,202,-3,-205
2889,hosp_covid_dis_covid_hours_for,70889,2021-01-03,Воскресенье,23:00,974,930,44,937,208,37,-171
2890,hosp_covid_dis_covid_hours_for,70891,2021-01-04,Понедельник,01:00,26,26,0,8,0,18,18
2891,hosp_covid_dis_covid_hours_for,70892,2021-01-03,Воскресенье,сутки,1029,985,44,942,209,87,-122
2892,hosp_covid_dis_covid_hours_for,70894,2021-01-04,Понедельник,02:00,61,60,1,10,0,51,51
2893,hosp_covid_dis_covid_hours_for,70896,2021-01-04,Понедельник,03:00,101,100,1,13,1,88,87
2894,hosp_covid_dis_covid_hours_for,70898,2021-01-04,Понедельник,04:00,122,121,1,16,1,106,105
2895,hosp_covid_dis_covid_hours_for,70900,2021-01-04,Понедельник,05:00,139,138,1,16,1,123,122
2896,hosp_covid_dis_covid_hours_for,70902,2021-01-04,Понедельник,06:00,169,168,1,17,1,152,151
2897,hosp_covid_dis_covid_hours_for,70904,2021-01-04,Понедельник,07:00,194,193,1,23,2,171,169
2898,hosp_covid_dis_covid_hours_for,70906,2021-01-04,Понедельник,08:00,222,221,1,33,18,189,171
2899,hosp_covid_dis_covid_hours_for,70908,2021-01-04,Понедельник,09:00,234,233,1,63,22,171,149
2900,hosp_covid_dis_covid_hours_for,70910,2021-01-04,Понедельник,10:00,247,245,2,113,26,134,108
2901,hosp_covid_dis_covid_hours_for,70912,2021-01-04,Понедельник,11:00,274,269,5,248,27,26,-1
2902,hosp_covid_dis_covid_hours_for,70914,2021-01-04,Понедельник,12:00,313,304,9,463,47,-150,-197
2903,hosp_covid_dis_covid_hours_for,70916,2021-01-04,Понедельник,13:00,374,362,12,631,72,-257,-329
2904,hosp_covid_dis_covid_hours_for,70918,2021-01-04,Понедельник,14:00,429,410,19,769,95,-340,-435
2905,hosp_covid_dis_covid_hours_for,70920,2021-01-04,Понедельник,15:00,478,458,20,871,103,-393,-496
2906,hosp_covid_dis_covid_hours_for,70922,2021-01-04,Понедельник,16:00,541,518,23,909,116,-368,-484
2907,hosp_covid_dis_covid_hours_for,70924,2021-01-04,Понедельник,17:00,608,582,26,940,148,-332,-480
2908,hosp_covid_dis_covid_hours_for,70926,2021-01-04,Понедельник,18:00,657,628,29,960,186,-303,-489
2909,hosp_covid_dis_covid_hours_for,70928,2021-01-04,Понедельник,19:00,715,682,33,1128,195,-413,-608
2910,hosp_covid_dis_covid_hours_for,70930,2021-01-04,Понедельник,20:00,781,742,39,1144,198,-363,-561
2911,hosp_covid_dis_covid_hours_for,70932,2021-01-04,Понедельник,21:00,845,801,44,1153,204,-308,-512
2912,hosp_covid_dis_covid_hours_for,70934,2021-01-04,Понедельник,22:00,911,865,46,1157,206,-246,-452
2913,hosp_covid_dis_covid_hours_for,70940,2021-01-04,Понедельник,23:00,952,905,47,1165,206,-213,-419
2914,hosp_covid_dis_covid_hours_for,70943,2021-01-05,Вторник,01:00,22,22,0,4,0,18,18
2915,hosp_covid_dis_covid_hours_for,70944,2021-01-04,Понедельник,сутки,1006,955,51,1179,208,-173,-381
2916,hosp_covid_dis_covid_hours_for,70946,2021-01-05,Вторник,02:00,58,57,1,8,1,50,49
2917,hosp_covid_dis_covid_hours_for,70948,2021-01-05,Вторник,03:00,95,94,1,17,2,78,76
2918,hosp_covid_dis_covid_hours_for,70950,2021-01-05,Вторник,04:00,126,125,1,26,2,100,98
2919,hosp_covid_dis_covid_hours_for,70952,2021-01-05,Вторник,05:00,163,162,1,29,2,134,132
2920,hosp_covid_dis_covid_hours_for,70954,2021-01-05,Вторник,06:00,194,193,1,40,2,154,152
2921,hosp_covid_dis_covid_hours_for,70956,2021-01-05,Вторник,07:00,224,223,1,48,2,176,174
2922,hosp_covid_dis_covid_hours_for,70958,2021-01-05,Вторник,08:00,249,248,1,76,9,173,164
2923,hosp_covid_dis_covid_hours_for,70960,2021-01-05,Вторник,09:00,256,255,1,129,13,127,114
2924,hosp_covid_dis_covid_hours_for,70962,2021-01-05,Вторник,10:00,272,269,3,227,19,45,26
2925,hosp_covid_dis_covid_hours_for,70964,2021-01-05,Вторник,11:00,299,292,7,426,27,-127,-154
2926,hosp_covid_dis_covid_hours_for,70966,2021-01-05,Вторник,12:00,337,327,10,648,35,-311,-346
2927,hosp_covid_dis_covid_hours_for,70968,2021-01-05,Вторник,13:00,388,378,10,804,53,-416,-469
2928,hosp_covid_dis_covid_hours_for,70970,2021-01-05,Вторник,14:00,440,427,13,894,70,-454,-524
2929,hosp_covid_dis_covid_hours_for,70972,2021-01-05,Вторник,15:00,492,473,19,986,90,-494,-584
2930,hosp_covid_dis_covid_hours_for,70974,2021-01-05,Вторник,16:00,553,531,22,1021,122,-468,-590
2931,hosp_covid_dis_covid_hours_for,70976,2021-01-05,Вторник,17:00,612,586,26,1050,132,-438,-570
2932,hosp_covid_dis_covid_hours_for,70978,2021-01-05,Вторник,18:00,668,638,30,1043,172,-375,-547
2933,hosp_covid_dis_covid_hours_for,70980,2021-01-05,Вторник,19:00,720,688,32,1045,197,-325,-522
2934,hosp_covid_dis_covid_hours_for,70982,2021-01-05,Вторник,20:00,790,756,34,1051,200,-261,-461
2935,hosp_covid_dis_covid_hours_for,70984,2021-01-05,Вторник,21:00,840,804,36,1064,202,-224,-426
2936,hosp_covid_dis_covid_hours_for,70986,2021-01-05,Вторник,22:00,897,859,38,1068,203,-171,-374
2937,hosp_covid_dis_covid_hours_for,70992,2021-01-05,Вторник,23:00,948,910,38,1069,206,-121,-327
2938,hosp_covid_dis_covid_hours_for,70995,2021-01-06,Среда,01:00,20,20,0,3,0,17,17
2939,hosp_covid_dis_covid_hours_for,70996,2021-01-05,Вторник,сутки,992,953,39,1071,209,-79,-288
2940,hosp_covid_dis_covid_hours_for,70998,2021-01-06,Среда,02:00,60,60,0,6,0,54,54
2941,hosp_covid_dis_covid_hours_for,71000,2021-01-06,Среда,03:00,88,88,0,11,0,77,77
2942,hosp_covid_dis_covid_hours_for,71002,2021-01-06,Среда,04:00,122,122,0,16,0,106,106
2943,hosp_covid_dis_covid_hours_for,71004,2021-01-06,Среда,05:00,146,146,0,19,0,127,127
2944,hosp_covid_dis_covid_hours_for,71006,2021-01-06,Среда,06:00,166,166,0,21,1,145,144
2945,hosp_covid_dis_covid_hours_for,71008,2021-01-06,Среда,07:00,184,183,1,27,3,157,154
2946,hosp_covid_dis_covid_hours_for,71010,2021-01-06,Среда,08:00,204,203,1,58,7,146,139
2947,hosp_covid_dis_covid_hours_for,71012,2021-01-06,Среда,09:00,219,218,1,114,13,105,92
2948,hosp_covid_dis_covid_hours_for,71014,2021-01-06,Среда,10:00,228,227,1,179,26,49,23
2949,hosp_covid_dis_covid_hours_for,71016,2021-01-06,Среда,11:00,252,249,3,406,51,-154,-205
2950,hosp_covid_dis_covid_hours_for,71018,2021-01-06,Среда,12:00,289,284,5,575,61,-286,-347
2951,hosp_covid_dis_covid_hours_for,71020,2021-01-06,Среда,13:00,333,323,10,702,84,-369,-453
2952,hosp_covid_dis_covid_hours_for,71022,2021-01-06,Среда,14:00,396,381,15,787,99,-391,-490
2953,hosp_covid_dis_covid_hours_for,71024,2021-01-06,Среда,15:00,465,445,20,870,114,-405,-519
2954,hosp_covid_dis_covid_hours_for,71026,2021-01-06,Среда,16:00,526,499,27,928,124,-402,-526
2955,hosp_covid_dis_covid_hours_for,71028,2021-01-06,Среда,17:00,579,547,32,940,134,-361,-495
2956,hosp_covid_dis_covid_hours_for,71030,2021-01-06,Среда,18:00,654,610,44,972,139,-318,-457
2957,hosp_covid_dis_covid_hours_for,71032,2021-01-06,Среда,19:00,712,658,54,969,158,-257,-415
2958,hosp_covid_dis_covid_hours_for,71034,2021-01-06,Среда,20:00,784,726,58,971,167,-187,-354
2959,hosp_covid_dis_covid_hours_for,71036,2021-01-06,Среда,21:00,853,794,59,975,169,-122,-291
2960,hosp_covid_dis_covid_hours_for,71038,2021-01-06,Среда,22:00,913,849,64,984,173,-71,-244
2961,hosp_covid_dis_covid_hours_for,71044,2021-01-06,Среда,23:00,960,896,64,986,177,-26,-203
2962,hosp_covid_dis_covid_hours_for,71047,2021-01-07,Четверг,01:00,29,29,0,4,0,25,25
2963,hosp_covid_dis_covid_hours_for,71048,2021-01-06,Среда,сутки,1005,941,64,992,179,13,-166
2964,hosp_covid_dis_covid_hours_for,71050,2021-01-07,Четверг,02:00,62,62,0,5,1,57,56
2965,hosp_covid_dis_covid_hours_for,71052,2021-01-07,Четверг,03:00,83,83,0,9,1,74,73
2966,hosp_covid_dis_covid_hours_for,71054,2021-01-07,Четверг,04:00,113,113,0,12,1,101,100
2967,hosp_covid_dis_covid_hours_for,71056,2021-01-07,Четверг,05:00,131,131,0,14,1,117,116
2968,hosp_covid_dis_covid_hours_for,71058,2021-01-07,Четверг,06:00,151,151,0,16,1,135,134
2969,hosp_covid_dis_covid_hours_for,71060,2021-01-07,Четверг,07:00,162,162,0,17,8,145,137
2970,hosp_covid_dis_covid_hours_for,71062,2021-01-07,Четверг,08:00,173,173,0,27,17,146,129
2971,hosp_covid_dis_covid_hours_for,71064,2021-01-07,Четверг,09:00,176,176,0,48,30,128,98
2972,hosp_covid_dis_covid_hours_for,71066,2021-01-07,Четверг,10:00,190,190,0,140,41,50,9
2973,hosp_covid_dis_covid_hours_for,71068,2021-01-07,Четверг,11:00,210,208,2,261,58,-51,-109
2974,hosp_covid_dis_covid_hours_for,71070,2021-01-07,Четверг,12:00,240,235,5,406,89,-166,-255
2975,hosp_covid_dis_covid_hours_for,71072,2021-01-07,Четверг,13:00,284,278,6,489,110,-205,-315
2976,hosp_covid_dis_covid_hours_for,71074,2021-01-07,Четверг,14:00,343,335,8,556,121,-213,-334
2977,hosp_covid_dis_covid_hours_for,71076,2021-01-07,Четверг,15:00,403,390,13,608,137,-205,-342
2978,hosp_covid_dis_covid_hours_for,71078,2021-01-07,Четверг,16:00,454,438,16,633,148,-179,-327
2979,hosp_covid_dis_covid_hours_for,71080,2021-01-07,Четверг,17:00,513,492,21,648,160,-135,-295
2980,hosp_covid_dis_covid_hours_for,71082,2021-01-07,Четверг,18:00,555,532,23,663,171,-108,-279
2981,hosp_covid_dis_covid_hours_for,71084,2021-01-07,Четверг,19:00,609,582,27,665,179,-56,-235
2982,hosp_covid_dis_covid_hours_for,71086,2021-01-07,Четверг,20:00,664,636,28,671,184,-7,-191
2983,hosp_covid_dis_covid_hours_for,71088,2021-01-07,Четверг,21:00,700,672,28,675,186,25,-161
2984,hosp_covid_dis_covid_hours_for,71090,2021-01-07,Четверг,22:00,746,716,30,678,189,68,-121
2985,hosp_covid_dis_covid_hours_for,71096,2021-01-07,Четверг,23:00,789,757,32,685,191,104,-87
2986,hosp_covid_dis_covid_hours_for,71099,2021-01-08,Пятница,01:00,24,23,1,1,0,23,23
2987,hosp_covid_dis_covid_hours_for,71100,2021-01-07,Четверг,сутки,828,792,36,693,191,135,-56
2988,hosp_covid_dis_covid_hours_for,71102,2021-01-08,Пятница,02:00,52,48,4,6,1,46,45
2989,hosp_covid_dis_covid_hours_for,71104,2021-01-08,Пятница,03:00,86,81,5,6,1,80,79
2990,hosp_covid_dis_covid_hours_for,71106,2021-01-08,Пятница,04:00,101,96,5,6,1,95,94
2991,hosp_covid_dis_covid_hours_for,71108,2021-01-08,Пятница,05:00,120,115,5,7,1,113,112
2992,hosp_covid_dis_covid_hours_for,71110,2021-01-08,Пятница,06:00,131,126,5,10,1,121,120
2993,hosp_covid_dis_covid_hours_for,71112,2021-01-08,Пятница,07:00,144,139,5,12,1,132,131
2994,hosp_covid_dis_covid_hours_for,71114,2021-01-08,Пятница,08:00,156,151,5,38,8,118,110
2995,hosp_covid_dis_covid_hours_for,71116,2021-01-08,Пятница,09:00,167,162,5,77,14,90,76
2996,hosp_covid_dis_covid_hours_for,71118,2021-01-08,Пятница,10:00,176,170,6,141,16,35,19
2997,hosp_covid_dis_covid_hours_for,71120,2021-01-08,Пятница,11:00,188,181,7,343,21,-155,-176
2998,hosp_covid_dis_covid_hours_for,71122,2021-01-08,Пятница,12:00,227,215,12,564,33,-337,-370
2999,hosp_covid_dis_covid_hours_for,71124,2021-01-08,Пятница,13:00,281,267,14,770,45,-489,-534
3000,hosp_covid_dis_covid_hours_for,71126,2021-01-08,Пятница,14:00,336,320,16,877,63,-541,-604
3001,hosp_covid_dis_covid_hours_for,71128,2021-01-08,Пятница,15:00,416,391,25,973,73,-557,-630
3002,hosp_covid_dis_covid_hours_for,71130,2021-01-08,Пятница,16:00,484,452,32,1030,85,-546,-631
3003,hosp_covid_dis_covid_hours_for,71132,2021-01-08,Пятница,17:00,558,514,44,1064,124,-506,-630
3004,hosp_covid_dis_covid_hours_for,71134,2021-01-08,Пятница,18:00,620,572,48,1064,146,-444,-590
3005,hosp_covid_dis_covid_hours_for,71136,2021-01-08,Пятница,19:00,695,641,54,1074,166,-379,-545
3006,hosp_covid_dis_covid_hours_for,71138,2021-01-08,Пятница,20:00,753,695,58,1075,189,-322,-511
3007,hosp_covid_dis_covid_hours_for,71140,2021-01-08,Пятница,21:00,815,750,65,1082,191,-267,-458
3008,hosp_covid_dis_covid_hours_for,71142,2021-01-08,Пятница,22:00,860,793,67,1084,195,-224,-419
3009,hosp_covid_dis_covid_hours_for,71148,2021-01-08,Пятница,23:00,915,846,69,1085,198,-170,-368
3010,hosp_covid_dis_covid_hours_for,71151,2021-01-09,Суббота,01:00,26,25,1,2,1,24,23
3011,hosp_covid_dis_covid_hours_for,71152,2021-01-08,Пятница,сутки,985,910,75,1095,198,-110,-308
3012,hosp_covid_dis_covid_hours_for,71154,2021-01-09,Суббота,02:00,59,58,1,4,2,55,53
3013,hosp_covid_dis_covid_hours_for,71156,2021-01-09,Суббота,03:00,92,89,3,6,2,86,84
3014,hosp_covid_dis_covid_hours_for,71158,2021-01-09,Суббота,04:00,120,117,3,7,2,113,111
3015,hosp_covid_dis_covid_hours_for,71160,2021-01-09,Суббота,05:00,139,136,3,7,3,132,129
3016,hosp_covid_dis_covid_hours_for,71162,2021-01-09,Суббота,06:00,168,163,5,8,3,160,157
3017,hosp_covid_dis_covid_hours_for,71164,2021-01-09,Суббота,07:00,188,182,6,10,3,178,175
3018,hosp_covid_dis_covid_hours_for,71166,2021-01-09,Суббота,08:00,206,201,5,13,15,193,178
3019,hosp_covid_dis_covid_hours_for,71168,2021-01-09,Суббота,09:00,225,220,5,51,19,174,155
3020,hosp_covid_dis_covid_hours_for,71170,2021-01-09,Суббота,10:00,239,232,7,130,34,109,75
3021,hosp_covid_dis_covid_hours_for,71172,2021-01-09,Суббота,11:00,270,261,9,226,49,44,-5
3022,hosp_covid_dis_covid_hours_for,71174,2021-01-09,Суббота,12:00,316,306,10,422,75,-106,-181
3023,hosp_covid_dis_covid_hours_for,71176,2021-01-09,Суббота,13:00,359,346,13,541,95,-182,-277
3024,hosp_covid_dis_covid_hours_for,71178,2021-01-09,Суббота,14:00,420,399,21,646,107,-226,-333
3025,hosp_covid_dis_covid_hours_for,71180,2021-01-09,Суббота,15:00,474,447,27,707,115,-233,-348
3026,hosp_covid_dis_covid_hours_for,71182,2021-01-09,Суббота,16:00,544,512,32,730,134,-186,-320
3027,hosp_covid_dis_covid_hours_for,71184,2021-01-09,Суббота,17:00,613,575,38,752,145,-139,-284
3028,hosp_covid_dis_covid_hours_for,71186,2021-01-09,Суббота,18:00,678,635,43,763,146,-85,-231
3029,hosp_covid_dis_covid_hours_for,71188,2021-01-09,Суббота,19:00,727,678,49,755,160,-28,-188
3030,hosp_covid_dis_covid_hours_for,71190,2021-01-09,Суббота,20:00,800,748,52,763,167,37,-130
3031,hosp_covid_dis_covid_hours_for,71192,2021-01-09,Суббота,21:00,838,784,54,770,173,68,-105
3032,hosp_covid_dis_covid_hours_for,71194,2021-01-09,Суббота,22:00,889,833,56,777,174,112,-62
3033,hosp_covid_dis_covid_hours_for,71200,2021-01-09,Суббота,23:00,933,877,56,808,176,125,-51
3034,hosp_covid_dis_covid_hours_for,71203,2021-01-10,Воскресенье,01:00,20,20,0,6,0,14,14
3035,hosp_covid_dis_covid_hours_for,71204,2021-01-09,Суббота,сутки,981,921,60,815,176,166,-10
3036,hosp_covid_dis_covid_hours_for,71206,2021-01-10,Воскресенье,02:00,64,61,3,6,1,58,57
3037,hosp_covid_dis_covid_hours_for,71208,2021-01-10,Воскресенье,03:00,97,94,3,8,1,89,88
3038,hosp_covid_dis_covid_hours_for,71210,2021-01-10,Воскресенье,04:00,128,125,3,8,1,120,119
3039,hosp_covid_dis_covid_hours_for,71212,2021-01-10,Воскресенье,05:00,155,152,3,8,1,147,146
3040,hosp_covid_dis_covid_hours_for,71214,2021-01-10,Воскресенье,06:00,170,167,3,9,2,161,159
3041,hosp_covid_dis_covid_hours_for,71216,2021-01-10,Воскресенье,07:00,178,175,3,7,8,171,163
3042,hosp_covid_dis_covid_hours_for,71218,2021-01-10,Воскресенье,08:00,190,187,3,11,16,179,163
3043,hosp_covid_dis_covid_hours_for,71220,2021-01-10,Воскресенье,09:00,194,191,3,28,23,166,143
3044,hosp_covid_dis_covid_hours_for,71222,2021-01-10,Воскресенье,10:00,202,199,3,74,27,128,101
3045,hosp_covid_dis_covid_hours_for,71224,2021-01-10,Воскресенье,11:00,226,220,6,183,43,43,0
3046,hosp_covid_dis_covid_hours_for,71226,2021-01-10,Воскресенье,12:00,258,251,7,295,57,-37,-94
3047,hosp_covid_dis_covid_hours_for,71228,2021-01-10,Воскресенье,13:00,295,288,7,373,70,-78,-148
3048,hosp_covid_dis_covid_hours_for,71230,2021-01-10,Воскресенье,14:00,336,328,8,419,89,-83,-172
3049,hosp_covid_dis_covid_hours_for,71232,2021-01-10,Воскресенье,15:00,389,380,9,430,105,-41,-146
3050,hosp_covid_dis_covid_hours_for,71234,2021-01-10,Воскресенье,16:00,440,430,10,476,117,-36,-153
3051,hosp_covid_dis_covid_hours_for,71236,2021-01-10,Воскресенье,17:00,488,475,13,499,127,-11,-138
3052,hosp_covid_dis_covid_hours_for,71238,2021-01-10,Воскресенье,18:00,539,525,14,510,129,29,-100
3053,hosp_covid_dis_covid_hours_for,71240,2021-01-10,Воскресенье,19:00,597,580,17,513,139,84,-55
3054,hosp_covid_dis_covid_hours_for,71242,2021-01-10,Воскресенье,20:00,642,623,19,512,146,130,-16
3055,hosp_covid_dis_covid_hours_for,71244,2021-01-10,Воскресенье,21:00,692,672,20,517,148,175,27
3056,hosp_covid_dis_covid_hours_for,71246,2021-01-10,Воскресенье,22:00,730,707,23,523,149,207,58
3057,hosp_covid_dis_covid_hours_for,71252,2021-01-10,Воскресенье,23:00,759,732,27,528,149,231,82
3058,hosp_covid_dis_covid_hours_for,71255,2021-01-11,Понедельник,01:00,19,19,0,2,0,17,17
3059,hosp_covid_dis_covid_hours_for,71256,2021-01-10,Воскресенье,сутки,795,767,28,539,149,256,107
3060,hosp_covid_dis_covid_hours_for,71258,2021-01-11,Понедельник,02:00,46,44,2,2,2,44,42
3061,hosp_covid_dis_covid_hours_for,71260,2021-01-11,Понедельник,03:00,78,76,2,6,2,72,70
3062,hosp_covid_dis_covid_hours_for,71262,2021-01-11,Понедельник,04:00,94,91,3,9,2,85,83
3063,hosp_covid_dis_covid_hours_for,71264,2021-01-11,Понедельник,05:00,104,100,4,11,2,93,91
3064,hosp_covid_dis_covid_hours_for,71266,2021-01-11,Понедельник,06:00,115,111,4,18,2,97,95
3065,hosp_covid_dis_covid_hours_for,71268,2021-01-11,Понедельник,07:00,134,129,5,19,4,115,111
3066,hosp_covid_dis_covid_hours_for,71270,2021-01-11,Понедельник,08:00,137,132,5,33,10,104,94
3067,hosp_covid_dis_covid_hours_for,71272,2021-01-11,Понедельник,09:00,141,136,5,56,14,85,71
3068,hosp_covid_dis_covid_hours_for,71274,2021-01-11,Понедельник,10:00,149,143,6,107,20,42,22
3069,hosp_covid_dis_covid_hours_for,71276,2021-01-11,Понедельник,11:00,167,159,8,247,31,-80,-111
3070,hosp_covid_dis_covid_hours_for,71278,2021-01-11,Понедельник,12:00,195,185,10,519,33,-324,-357
3071,hosp_covid_dis_covid_hours_for,71280,2021-01-11,Понедельник,13:00,241,225,16,701,49,-460,-509
3072,hosp_covid_dis_covid_hours_for,71282,2021-01-11,Понедельник,14:00,301,275,26,811,74,-510,-584
3073,hosp_covid_dis_covid_hours_for,71284,2021-01-11,Понедельник,15:00,363,333,30,912,93,-549,-642
3074,hosp_covid_dis_covid_hours_for,71286,2021-01-11,Понедельник,16:00,416,376,40,995,121,-579,-700
3075,hosp_covid_dis_covid_hours_for,71288,2021-01-11,Понедельник,17:00,464,420,44,1037,134,-573,-707
3076,hosp_covid_dis_covid_hours_for,71290,2021-01-11,Понедельник,18:00,520,471,49,1033,165,-513,-678
3077,hosp_covid_dis_covid_hours_for,71292,2021-01-11,Понедельник,19:00,593,534,59,1045,189,-452,-641
3078,hosp_covid_dis_covid_hours_for,71294,2021-01-11,Понедельник,20:00,655,593,62,1058,199,-403,-602
3079,hosp_covid_dis_covid_hours_for,71296,2021-01-11,Понедельник,21:00,711,646,65,1065,200,-354,-554
3080,hosp_covid_dis_covid_hours_for,71298,2021-01-11,Понедельник,22:00,767,694,73,1075,203,-308,-511
3081,hosp_covid_dis_covid_hours_for,71304,2021-01-11,Понедельник,23:00,818,743,75,1081,204,-263,-467
3082,hosp_covid_dis_covid_hours_for,71307,2021-01-12,Вторник,01:00,26,26,0,7,1,19,18
3083,hosp_covid_dis_covid_hours_for,71308,2021-01-11,Понедельник,сутки,873,792,81,1083,206,-210,-416
3084,hosp_covid_dis_covid_hours_for,71310,2021-01-12,Вторник,02:00,69,69,0,11,1,58,57
3085,hosp_covid_dis_covid_hours_for,71312,2021-01-12,Вторник,03:00,94,94,0,12,1,82,81
3086,hosp_covid_dis_covid_hours_for,71314,2021-01-12,Вторник,04:00,129,128,1,15,1,114,113
3087,hosp_covid_dis_covid_hours_for,71316,2021-01-12,Вторник,05:00,152,151,1,17,1,135,134
3088,hosp_covid_dis_covid_hours_for,71318,2021-01-12,Вторник,06:00,184,183,1,19,1,165,164
3089,hosp_covid_dis_covid_hours_for,71320,2021-01-12,Вторник,07:00,202,201,1,22,2,180,178
3090,hosp_covid_dis_covid_hours_for,71322,2021-01-12,Вторник,08:00,233,232,1,37,9,196,187
3091,hosp_covid_dis_covid_hours_for,71324,2021-01-12,Вторник,09:00,248,247,1,96,10,152,142
3092,hosp_covid_dis_covid_hours_for,71326,2021-01-12,Вторник,10:00,254,253,1,198,18,56,38
3093,hosp_covid_dis_covid_hours_for,71328,2021-01-12,Вторник,11:00,267,263,4,322,20,-55,-75
3094,hosp_covid_dis_covid_hours_for,71330,2021-01-12,Вторник,12:00,310,303,7,523,26,-213,-239
3095,hosp_covid_dis_covid_hours_for,71332,2021-01-12,Вторник,13:00,366,356,10,735,47,-369,-416
3096,hosp_covid_dis_covid_hours_for,71334,2021-01-12,Вторник,14:00,422,405,17,854,63,-432,-495
3097,hosp_covid_dis_covid_hours_for,71336,2021-01-12,Вторник,15:00,480,457,23,943,80,-463,-543
3098,hosp_covid_dis_covid_hours_for,71338,2021-01-12,Вторник,16:00,554,526,28,1026,113,-472,-585
3099,hosp_covid_dis_covid_hours_for,71340,2021-01-12,Вторник,17:00,635,593,42,1044,128,-409,-537
3100,hosp_covid_dis_covid_hours_for,71342,2021-01-12,Вторник,18:00,709,661,48,1064,150,-355,-505
3101,hosp_covid_dis_covid_hours_for,71344,2021-01-12,Вторник,19:00,777,725,52,1061,180,-284,-464
3102,hosp_covid_dis_covid_hours_for,71346,2021-01-12,Вторник,20:00,842,784,58,1057,192,-215,-407
3103,hosp_covid_dis_covid_hours_for,71348,2021-01-12,Вторник,21:00,890,829,61,1063,192,-173,-365
3104,hosp_covid_dis_covid_hours_for,71350,2021-01-12,Вторник,22:00,939,877,62,1068,193,-129,-322
3105,hosp_covid_dis_covid_hours_for,71356,2021-01-12,Вторник,23:00,973,911,62,1075,194,-102,-296
3106,hosp_covid_dis_covid_hours_for,71359,2021-01-13,Среда,01:00,28,28,0,2,0,26,26
3107,hosp_covid_dis_covid_hours_for,71360,2021-01-12,Вторник,сутки,1032,967,65,1083,194,-51,-245
3108,hosp_covid_dis_covid_hours_for,71362,2021-01-13,Среда,02:00,61,60,1,5,2,56,54
3109,hosp_covid_dis_covid_hours_for,71364,2021-01-13,Среда,03:00,87,84,3,13,6,74,68
3110,hosp_covid_dis_covid_hours_for,71366,2021-01-13,Среда,04:00,113,110,3,15,6,98,92
3111,hosp_covid_dis_covid_hours_for,71368,2021-01-13,Среда,05:00,131,128,3,16,6,115,109
3112,hosp_covid_dis_covid_hours_for,71370,2021-01-13,Среда,06:00,149,145,4,17,6,132,126
3113,hosp_covid_dis_covid_hours_for,71372,2021-01-13,Среда,07:00,163,159,4,24,6,139,133
3114,hosp_covid_dis_covid_hours_for,71374,2021-01-13,Среда,08:00,176,172,4,32,14,144,130
3115,hosp_covid_dis_covid_hours_for,71376,2021-01-13,Среда,09:00,180,176,4,54,21,126,105
3116,hosp_covid_dis_covid_hours_for,71378,2021-01-13,Среда,10:00,195,191,4,131,29,64,35
3117,hosp_covid_dis_covid_hours_for,71380,2021-01-13,Среда,11:00,216,209,7,285,31,-69,-100
3118,hosp_covid_dis_covid_hours_for,71382,2021-01-13,Среда,12:00,243,230,13,503,48,-260,-308
3119,hosp_covid_dis_covid_hours_for,71384,2021-01-13,Среда,13:00,299,284,15,661,71,-362,-433
3120,hosp_covid_dis_covid_hours_for,71386,2021-01-13,Среда,14:00,358,339,19,748,95,-390,-485
3121,hosp_covid_dis_covid_hours_for,71388,2021-01-13,Среда,15:00,421,396,25,853,103,-432,-535
3122,hosp_covid_dis_covid_hours_for,71390,2021-01-13,Среда,16:00,485,455,30,947,115,-462,-577
3123,hosp_covid_dis_covid_hours_for,71392,2021-01-13,Среда,17:00,559,522,37,987,124,-428,-552
3124,hosp_covid_dis_covid_hours_for,71394,2021-01-13,Среда,18:00,632,592,40,987,159,-355,-514
3125,hosp_covid_dis_covid_hours_for,71396,2021-01-13,Среда,19:00,687,642,45,974,193,-287,-480
3126,hosp_covid_dis_covid_hours_for,71398,2021-01-13,Среда,20:00,751,702,49,965,210,-214,-424
3127,hosp_covid_dis_covid_hours_for,71400,2021-01-13,Среда,21:00,802,752,50,974,211,-172,-383
3128,hosp_covid_dis_covid_hours_for,71402,2021-01-13,Среда,22:00,846,792,54,976,213,-130,-343
3129,hosp_covid_dis_covid_hours_for,71408,2021-01-13,Среда,23:00,895,841,54,979,214,-84,-298
3130,hosp_covid_dis_covid_hours_for,71411,2021-01-14,Четверг,01:00,29,29,0,1,0,28,28
3131,hosp_covid_dis_covid_hours_for,71412,2021-01-13,Среда,сутки,942,882,60,981,217,-39,-256
3132,hosp_covid_dis_covid_hours_for,71414,2021-01-14,Четверг,02:00,58,58,0,5,0,53,53
3133,hosp_covid_dis_covid_hours_for,71416,2021-01-14,Четверг,03:00,83,83,0,8,0,75,75
3134,hosp_covid_dis_covid_hours_for,71418,2021-01-14,Четверг,04:00,112,112,0,10,1,102,101
3135,hosp_covid_dis_covid_hours_for,71420,2021-01-14,Четверг,05:00,134,133,1,11,1,123,122
3136,hosp_covid_dis_covid_hours_for,71422,2021-01-14,Четверг,06:00,146,145,1,12,1,134,133
3137,hosp_covid_dis_covid_hours_for,71424,2021-01-14,Четверг,07:00,156,155,1,14,6,142,136
3138,hosp_covid_dis_covid_hours_for,71426,2021-01-14,Четверг,08:00,172,170,2,22,10,150,140
3139,hosp_covid_dis_covid_hours_for,71428,2021-01-14,Четверг,09:00,178,176,2,56,13,122,109
3140,hosp_covid_dis_covid_hours_for,71430,2021-01-14,Четверг,10:00,189,186,3,114,22,75,53
3141,hosp_covid_dis_covid_hours_for,71432,2021-01-14,Четверг,11:00,207,204,3,282,33,-75,-108
3142,hosp_covid_dis_covid_hours_for,71434,2021-01-14,Четверг,12:00,233,226,7,450,43,-217,-260
3143,hosp_covid_dis_covid_hours_for,71436,2021-01-14,Четверг,13:00,274,264,10,629,72,-355,-427
3144,hosp_covid_dis_covid_hours_for,71438,2021-01-14,Четверг,14:00,323,312,11,743,82,-420,-502
3145,hosp_covid_dis_covid_hours_for,71440,2021-01-14,Четверг,15:00,382,366,16,849,97,-467,-564
3146,hosp_covid_dis_covid_hours_for,71442,2021-01-14,Четверг,16:00,439,415,24,884,117,-445,-562
3147,hosp_covid_dis_covid_hours_for,71444,2021-01-14,Четверг,17:00,506,471,35,909,137,-403,-540
3148,hosp_covid_dis_covid_hours_for,71446,2021-01-14,Четверг,18:00,570,528,42,920,159,-350,-509
3149,hosp_covid_dis_covid_hours_for,71448,2021-01-14,Четверг,19:00,620,570,50,918,176,-298,-474
3150,hosp_covid_dis_covid_hours_for,71450,2021-01-14,Четверг,20:00,684,629,55,897,208,-213,-421
3151,hosp_covid_dis_covid_hours_for,71452,2021-01-14,Четверг,21:00,738,681,57,898,213,-160,-373
3152,hosp_covid_dis_covid_hours_for,71454,2021-01-14,Четверг,22:00,782,724,58,903,213,-121,-334
3153,hosp_covid_dis_covid_hours_for,71460,2021-01-14,Четверг,23:00,829,768,61,907,215,-78,-293
3154,hosp_covid_dis_covid_hours_for,71463,2021-01-15,Пятница,01:00,20,20,0,5,0,15,15
3155,hosp_covid_dis_covid_hours_for,71464,2021-01-14,Четверг,сутки,871,809,62,910,215,-39,-254
3156,hosp_covid_dis_covid_hours_for,71466,2021-01-15,Пятница,02:00,51,51,0,5,0,46,46
3157,hosp_covid_dis_covid_hours_for,71468,2021-01-15,Пятница,03:00,75,74,1,6,1,69,68
3158,hosp_covid_dis_covid_hours_for,71470,2021-01-15,Пятница,04:00,103,102,1,8,1,95,94
3159,hosp_covid_dis_covid_hours_for,71472,2021-01-15,Пятница,05:00,123,121,2,9,2,114,112
3160,hosp_covid_dis_covid_hours_for,71474,2021-01-15,Пятница,06:00,138,135,3,8,4,130,126
3161,hosp_covid_dis_covid_hours_for,71476,2021-01-15,Пятница,07:00,151,148,3,8,8,143,135
3162,hosp_covid_dis_covid_hours_for,71478,2021-01-15,Пятница,08:00,157,154,3,12,20,145,125
3163,hosp_covid_dis_covid_hours_for,71480,2021-01-15,Пятница,09:00,168,165,3,66,28,102,74
3164,hosp_covid_dis_covid_hours_for,71482,2021-01-15,Пятница,10:00,191,188,3,163,34,28,-6
3165,hosp_covid_dis_covid_hours_for,71484,2021-01-15,Пятница,11:00,208,201,7,293,44,-85,-129
3166,hosp_covid_dis_covid_hours_for,71486,2021-01-15,Пятница,12:00,242,234,8,521,63,-279,-342
3167,hosp_covid_dis_covid_hours_for,71488,2021-01-15,Пятница,13:00,287,275,12,739,72,-452,-524
3168,hosp_covid_dis_covid_hours_for,71490,2021-01-15,Пятница,14:00,345,327,18,845,97,-500,-597
3169,hosp_covid_dis_covid_hours_for,71492,2021-01-15,Пятница,15:00,418,389,29,964,111,-546,-657
3170,hosp_covid_dis_covid_hours_for,71494,2021-01-15,Пятница,16:00,474,437,37,1034,124,-560,-684
3171,hosp_covid_dis_covid_hours_for,71496,2021-01-15,Пятница,17:00,528,483,45,1060,139,-532,-671
3172,hosp_covid_dis_covid_hours_for,71498,2021-01-15,Пятница,18:00,586,534,52,1090,152,-504,-656
3173,hosp_covid_dis_covid_hours_for,71500,2021-01-15,Пятница,19:00,652,594,58,1101,173,-449,-622
3174,hosp_covid_dis_covid_hours_for,71502,2021-01-15,Пятница,20:00,725,661,64,1097,190,-372,-562
3175,hosp_covid_dis_covid_hours_for,71504,2021-01-15,Пятница,21:00,780,713,67,1102,192,-322,-514
3176,hosp_covid_dis_covid_hours_for,71506,2021-01-15,Пятница,22:00,818,747,71,1106,194,-288,-482
3177,hosp_covid_dis_covid_hours_for,71512,2021-01-15,Пятница,23:00,860,785,75,1109,198,-249,-447
3178,hosp_covid_dis_covid_hours_for,71515,2021-01-16,Суббота,01:00,25,25,0,0,0,25,25
3179,hosp_covid_dis_covid_hours_for,71516,2021-01-15,Пятница,сутки,910,830,80,1095,216,-185,-401
3180,hosp_covid_dis_covid_hours_for,71518,2021-01-16,Суббота,02:00,62,61,1,2,0,60,60
3181,hosp_covid_dis_covid_hours_for,71520,2021-01-16,Суббота,03:00,85,84,1,7,0,78,78
3182,hosp_covid_dis_covid_hours_for,71522,2021-01-16,Суббота,04:00,108,107,1,7,0,101,101
3183,hosp_covid_dis_covid_hours_for,71524,2021-01-16,Суббота,05:00,122,120,2,7,0,115,115
3184,hosp_covid_dis_covid_hours_for,71526,2021-01-16,Суббота,06:00,139,137,2,10,0,129,129
3185,hosp_covid_dis_covid_hours_for,71528,2021-01-16,Суббота,07:00,155,153,2,14,2,141,139
3186,hosp_covid_dis_covid_hours_for,71530,2021-01-16,Суббота,08:00,167,165,2,32,14,135,121
3187,hosp_covid_dis_covid_hours_for,71532,2021-01-16,Суббота,09:00,171,170,1,66,16,105,89
3188,hosp_covid_dis_covid_hours_for,71534,2021-01-16,Суббота,10:00,176,175,1,162,39,14,-25
3189,hosp_covid_dis_covid_hours_for,71536,2021-01-16,Суббота,11:00,193,187,6,289,42,-96,-138
3190,hosp_covid_dis_covid_hours_for,71538,2021-01-16,Суббота,12:00,223,213,10,453,70,-230,-300
3191,hosp_covid_dis_covid_hours_for,71540,2021-01-16,Суббота,13:00,259,247,12,569,90,-310,-400
3192,hosp_covid_dis_covid_hours_for,71542,2021-01-16,Суббота,14:00,307,290,17,625,99,-318,-417
3193,hosp_covid_dis_covid_hours_for,71544,2021-01-16,Суббота,15:00,355,334,21,644,105,-289,-394
3194,hosp_covid_dis_covid_hours_for,71546,2021-01-16,Суббота,16:00,411,388,23,649,116,-238,-354
3195,hosp_covid_dis_covid_hours_for,71548,2021-01-16,Суббота,17:00,462,436,26,663,122,-201,-323
3196,hosp_covid_dis_covid_hours_for,71550,2021-01-16,Суббота,18:00,501,468,33,683,125,-182,-307
3197,hosp_covid_dis_covid_hours_for,71552,2021-01-16,Суббота,19:00,551,512,39,692,139,-141,-280
3198,hosp_covid_dis_covid_hours_for,71554,2021-01-16,Суббота,20:00,594,547,47,687,153,-93,-246
3199,hosp_covid_dis_covid_hours_for,71556,2021-01-16,Суббота,21:00,642,590,52,694,154,-52,-206
3200,hosp_covid_dis_covid_hours_for,71558,2021-01-16,Суббота,22:00,679,627,52,698,154,-19,-173
3201,hosp_covid_dis_covid_hours_for,71564,2021-01-16,Суббота,23:00,709,655,54,706,157,3,-154
3202,hosp_covid_dis_covid_hours_for,71567,2021-01-17,Воскресенье,01:00,11,11,0,1,0,10,10
3203,hosp_covid_dis_covid_hours_for,71568,2021-01-16,Суббота,сутки,744,689,55,709,158,35,-123
3204,hosp_covid_dis_covid_hours_for,71570,2021-01-17,Воскресенье,02:00,39,39,0,3,0,36,36
3205,hosp_covid_dis_covid_hours_for,71572,2021-01-17,Воскресенье,03:00,65,65,0,3,0,62,62
3206,hosp_covid_dis_covid_hours_for,71574,2021-01-17,Воскресенье,04:00,75,75,0,4,0,71,71
3207,hosp_covid_dis_covid_hours_for,71576,2021-01-17,Воскресенье,05:00,87,87,0,7,0,80,80
3208,hosp_covid_dis_covid_hours_for,71578,2021-01-17,Воскресенье,06:00,98,98,0,9,1,89,88
3209,hosp_covid_dis_covid_hours_for,71580,2021-01-17,Воскресенье,07:00,104,104,0,9,5,95,90
3210,hosp_covid_dis_covid_hours_for,71582,2021-01-17,Воскресенье,08:00,118,118,0,15,10,103,93
3211,hosp_covid_dis_covid_hours_for,71584,2021-01-17,Воскресенье,09:00,121,121,0,40,11,81,70
3212,hosp_covid_dis_covid_hours_for,71586,2021-01-17,Воскресенье,10:00,128,127,1,81,20,47,27
3213,hosp_covid_dis_covid_hours_for,71588,2021-01-17,Воскресенье,11:00,132,131,1,158,33,-26,-59
3214,hosp_covid_dis_covid_hours_for,71590,2021-01-17,Воскресенье,12:00,157,155,2,274,50,-117,-167
3215,hosp_covid_dis_covid_hours_for,71592,2021-01-17,Воскресенье,13:00,191,187,4,325,71,-134,-205
3216,hosp_covid_dis_covid_hours_for,71594,2021-01-17,Воскресенье,14:00,229,222,7,374,80,-145,-225
3217,hosp_covid_dis_covid_hours_for,71596,2021-01-17,Воскресенье,15:00,272,260,12,409,95,-137,-232
3218,hosp_covid_dis_covid_hours_for,71598,2021-01-17,Воскресенье,16:00,298,282,16,449,108,-151,-259
3219,hosp_covid_dis_covid_hours_for,71600,2021-01-17,Воскресенье,17:00,342,321,21,455,116,-113,-229
3220,hosp_covid_dis_covid_hours_for,71602,2021-01-17,Воскресенье,18:00,381,352,29,474,119,-93,-212
3221,hosp_covid_dis_covid_hours_for,71604,2021-01-17,Воскресенье,19:00,418,389,29,479,125,-61,-186
3222,hosp_covid_dis_covid_hours_for,71606,2021-01-17,Воскресенье,20:00,446,417,29,486,126,-40,-166
3223,hosp_covid_dis_covid_hours_for,71608,2021-01-17,Воскресенье,21:00,478,449,29,493,127,-15,-142
3224,hosp_covid_dis_covid_hours_for,71610,2021-01-17,Воскресенье,22:00,502,471,31,499,127,3,-124
3225,hosp_covid_dis_covid_hours_for,71616,2021-01-17,Воскресенье,23:00,527,494,33,501,129,26,-103
3226,hosp_covid_dis_covid_hours_for,71619,2021-01-18,Понедельник,01:00,10,10,0,13,0,-3,-3
3227,hosp_covid_dis_covid_hours_for,71620,2021-01-17,Воскресенье,сутки,555,522,33,504,130,51,-79
3228,hosp_covid_dis_covid_hours_for,71622,2021-01-18,Понедельник,02:00,28,28,0,24,0,4,4
3229,hosp_covid_dis_covid_hours_for,71624,2021-01-18,Понедельник,03:00,43,43,0,24,0,19,19
3230,hosp_covid_dis_covid_hours_for,71626,2021-01-18,Понедельник,04:00,54,54,0,27,1,27,26
3231,hosp_covid_dis_covid_hours_for,71628,2021-01-18,Понедельник,05:00,57,57,0,28,1,29,28
3232,hosp_covid_dis_covid_hours_for,71630,2021-01-18,Понедельник,06:00,65,65,0,31,1,34,33
3233,hosp_covid_dis_covid_hours_for,71632,2021-01-18,Понедельник,07:00,73,73,0,30,5,43,38
3234,hosp_covid_dis_covid_hours_for,71634,2021-01-18,Понедельник,08:00,78,78,0,34,9,44,35
3235,hosp_covid_dis_covid_hours_for,71636,2021-01-18,Понедельник,09:00,81,81,0,65,22,16,-6
3236,hosp_covid_dis_covid_hours_for,71638,2021-01-18,Понедельник,10:00,84,84,0,131,33,-47,-80
3237,hosp_covid_dis_covid_hours_for,71640,2021-01-18,Понедельник,11:00,93,93,0,325,42,-232,-274
3238,hosp_covid_dis_covid_hours_for,71642,2021-01-18,Понедельник,12:00,120,117,3,557,51,-437,-488
3239,hosp_covid_dis_covid_hours_for,71644,2021-01-18,Понедельник,13:00,164,155,9,704,65,-540,-605
3240,hosp_covid_dis_covid_hours_for,71646,2021-01-18,Понедельник,14:00,214,197,17,806,73,-592,-665
3241,hosp_covid_dis_covid_hours_for,71648,2021-01-18,Понедельник,15:00,245,224,21,988,91,-743,-834
3242,hosp_covid_dis_covid_hours_for,71650,2021-01-18,Понедельник,16:00,292,266,26,1071,106,-779,-885
3243,hosp_covid_dis_covid_hours_for,71652,2021-01-18,Понедельник,17:00,343,308,35,1133,123,-790,-913
3244,hosp_covid_dis_covid_hours_for,71654,2021-01-18,Понедельник,18:00,413,365,48,1168,144,-755,-899
3245,hosp_covid_dis_covid_hours_for,71656,2021-01-18,Понедельник,19:00,469,413,56,1194,156,-725,-881
3246,hosp_covid_dis_covid_hours_for,71658,2021-01-18,Понедельник,20:00,511,451,60,1210,160,-699,-859
3247,hosp_covid_dis_covid_hours_for,71660,2021-01-18,Понедельник,21:00,561,497,64,1219,163,-658,-821
3248,hosp_covid_dis_covid_hours_for,71662,2021-01-18,Понедельник,22:00,607,536,71,1222,166,-615,-781
3249,hosp_covid_dis_covid_hours_for,71668,2021-01-18,Понедельник,23:00,639,564,75,1227,171,-588,-759
3250,hosp_covid_dis_covid_hours_for,71671,2021-01-19,Вторник,01:00,15,15,0,6,0,9,9
3251,hosp_covid_dis_covid_hours_for,71672,2021-01-18,Понедельник,сутки,678,602,76,1232,172,-554,-726
3252,hosp_covid_dis_covid_hours_for,71674,2021-01-19,Вторник,02:00,37,36,1,12,0,25,25
3253,hosp_covid_dis_covid_hours_for,71676,2021-01-19,Вторник,03:00,54,52,2,14,0,40,40
3254,hosp_covid_dis_covid_hours_for,71678,2021-01-19,Вторник,04:00,71,69,2,15,0,56,56
3255,hosp_covid_dis_covid_hours_for,71680,2021-01-19,Вторник,05:00,87,84,3,19,0,68,68
3256,hosp_covid_dis_covid_hours_for,71682,2021-01-19,Вторник,06:00,94,91,3,19,1,75,74
3257,hosp_covid_dis_covid_hours_for,71684,2021-01-19,Вторник,07:00,101,98,3,24,1,77,76
3258,hosp_covid_dis_covid_hours_for,71686,2021-01-19,Вторник,08:00,106,103,3,41,8,65,57
3259,hosp_covid_dis_covid_hours_for,71688,2021-01-19,Вторник,09:00,116,112,4,108,14,8,-6
3260,hosp_covid_dis_covid_hours_for,71690,2021-01-19,Вторник,10:00,123,116,7,199,17,-76,-93
3261,hosp_covid_dis_covid_hours_for,71692,2021-01-19,Вторник,11:00,134,126,8,366,21,-232,-253
3262,hosp_covid_dis_covid_hours_for,71694,2021-01-19,Вторник,12:00,159,146,13,548,32,-389,-421
3263,hosp_covid_dis_covid_hours_for,71696,2021-01-19,Вторник,13:00,197,180,17,704,55,-507,-562
3264,hosp_covid_dis_covid_hours_for,71698,2021-01-19,Вторник,14:00,249,222,27,860,64,-611,-675
3265,hosp_covid_dis_covid_hours_for,71700,2021-01-19,Вторник,15:00,305,268,37,952,81,-647,-728
3266,hosp_covid_dis_covid_hours_for,71702,2021-01-19,Вторник,16:00,350,310,40,1005,109,-655,-764
3267,hosp_covid_dis_covid_hours_for,71704,2021-01-19,Вторник,17:00,395,345,50,1034,125,-639,-764
3268,hosp_covid_dis_covid_hours_for,71706,2021-01-19,Вторник,18:00,445,387,58,1052,142,-607,-749
3269,hosp_covid_dis_covid_hours_for,71708,2021-01-19,Вторник,19:00,481,421,60,1071,165,-590,-755
3270,hosp_covid_dis_covid_hours_for,71710,2021-01-19,Вторник,20:00,505,443,62,1084,177,-579,-756
3271,hosp_covid_dis_covid_hours_for,71712,2021-01-19,Вторник,21:00,544,482,62,1095,191,-551,-742
3272,hosp_covid_dis_covid_hours_for,71714,2021-01-19,Вторник,22:00,573,510,63,1101,191,-528,-719
3273,hosp_covid_dis_covid_hours_for,71720,2021-01-19,Вторник,23:00,615,549,66,1104,192,-489,-681
3274,hosp_covid_dis_covid_hours_for,71723,2021-01-20,Среда,01:00,11,11,0,8,1,3,2
3275,hosp_covid_dis_covid_hours_for,71726,2021-01-20,Среда,02:00,31,31,0,10,2,21,19
3276,hosp_covid_dis_covid_hours_for,71728,2021-01-20,Среда,03:00,54,54,0,11,2,43,41
3277,hosp_covid_dis_covid_hours_for,71730,2021-01-20,Среда,04:00,66,66,0,12,3,54,51
3278,hosp_covid_dis_covid_hours_for,71732,2021-01-20,Среда,05:00,77,77,0,13,5,64,59
3279,hosp_covid_dis_covid_hours_for,71734,2021-01-20,Среда,06:00,88,88,0,14,8,74,66
3280,hosp_covid_dis_covid_hours_for,71736,2021-01-20,Среда,07:00,96,96,0,19,8,77,69
3281,hosp_covid_dis_covid_hours_for,71738,2021-01-20,Среда,08:00,105,105,0,35,15,70,55
3282,hosp_covid_dis_covid_hours_for,71740,2021-01-20,Среда,09:00,106,106,0,89,21,17,-4
3283,hosp_covid_dis_covid_hours_for,71741,2021-01-20,Среда,12:00,162,156,6,476,45,-314,-359
3284,hosp_covid_dis_covid_hours_for,71743,2021-01-20,Среда,13:00,205,194,11,707,70,-502,-572
3285,hosp_covid_dis_covid_hours_for,71745,2021-01-20,Среда,14:00,254,234,20,816,92,-562,-654
3286,hosp_covid_dis_covid_hours_for,71746,2021-01-19,Вторник,сутки,650,580,70,1105,192,-455,-647
3287,hosp_covid_dis_covid_hours_for,71748,2021-01-20,Среда,15:00,293,271,22,886,103,-593,-696
3288,hosp_covid_dis_covid_hours_for,71750,2021-01-20,Среда,16:00,342,316,26,965,118,-623,-741
3289,hosp_covid_dis_covid_hours_for,71752,2021-01-20,Среда,17:00,383,353,30,1002,130,-619,-749
3290,hosp_covid_dis_covid_hours_for,71754,2021-01-20,Среда,18:00,438,400,38,1011,147,-573,-720
3291,hosp_covid_dis_covid_hours_for,71756,2021-01-20,Среда,19:00,490,450,40,1020,175,-530,-705
3292,hosp_covid_dis_covid_hours_for,71758,2021-01-20,Среда,20:00,532,489,43,1025,180,-493,-673
3293,hosp_covid_dis_covid_hours_for,71760,2021-01-20,Среда,21:00,567,519,48,1029,181,-462,-643
3294,hosp_covid_dis_covid_hours_for,71762,2021-01-20,Среда,22:00,608,558,50,1033,181,-425,-606
3295,hosp_covid_dis_covid_hours_for,71768,2021-01-20,Среда,23:00,652,597,55,1035,182,-383,-565
3296,hosp_covid_dis_covid_hours_for,71771,2021-01-21,Четверг,01:00,18,17,1,4,0,14,14
3297,hosp_covid_dis_covid_hours_for,71772,2021-01-20,Среда,сутки,690,634,56,1044,182,-354,-536
3298,hosp_covid_dis_covid_hours_for,71774,2021-01-21,Четверг,02:00,37,36,1,6,0,31,31
3299,hosp_covid_dis_covid_hours_for,71776,2021-01-21,Четверг,03:00,52,50,2,7,0,45,45
3300,hosp_covid_dis_covid_hours_for,71778,2021-01-21,Четверг,04:00,64,62,2,8,0,56,56
3301,hosp_covid_dis_covid_hours_for,71780,2021-01-21,Четверг,05:00,79,77,2,9,1,70,69
3302,hosp_covid_dis_covid_hours_for,71782,2021-01-21,Четверг,06:00,85,83,2,13,2,72,70
3303,hosp_covid_dis_covid_hours_for,71784,2021-01-21,Четверг,07:00,88,86,2,14,3,74,71
3304,hosp_covid_dis_covid_hours_for,71786,2021-01-21,Четверг,08:00,95,93,2,20,16,75,59
3305,hosp_covid_dis_covid_hours_for,71788,2021-01-21,Четверг,09:00,99,97,2,45,38,54,16
3306,hosp_covid_dis_covid_hours_for,71790,2021-01-21,Четверг,10:00,106,104,2,124,48,-18,-66
3307,hosp_covid_dis_covid_hours_for,71792,2021-01-21,Четверг,11:00,125,121,4,331,59,-206,-265
3308,hosp_covid_dis_covid_hours_for,71794,2021-01-21,Четверг,12:00,152,146,6,489,66,-337,-403
3309,hosp_covid_dis_covid_hours_for,71796,2021-01-21,Четверг,13:00,193,183,10,622,90,-429,-519
3310,hosp_covid_dis_covid_hours_for,71798,2021-01-21,Четверг,14:00,255,229,26,721,105,-466,-571
3311,hosp_covid_dis_covid_hours_for,71800,2021-01-21,Четверг,15:00,312,274,38,805,127,-493,-620
3312,hosp_covid_dis_covid_hours_for,71802,2021-01-21,Четверг,16:00,362,319,43,853,141,-491,-632
3313,hosp_covid_dis_covid_hours_for,71804,2021-01-21,Четверг,17:00,407,356,51,909,161,-502,-663
3314,hosp_covid_dis_covid_hours_for,71806,2021-01-21,Четверг,18:00,448,395,53,918,171,-470,-641
3315,hosp_covid_dis_covid_hours_for,71808,2021-01-21,Четверг,19:00,488,430,58,925,194,-437,-631
3316,hosp_covid_dis_covid_hours_for,71810,2021-01-21,Четверг,20:00,528,465,63,946,197,-418,-615
3317,hosp_covid_dis_covid_hours_for,71812,2021-01-21,Четверг,21:00,576,508,68,954,201,-378,-579
3318,hosp_covid_dis_covid_hours_for,71814,2021-01-21,Четверг,22:00,615,545,70,957,215,-342,-557
3319,hosp_covid_dis_covid_hours_for,71820,2021-01-21,Четверг,23:00,660,587,73,957,215,-297,-512
3320,hosp_covid_dis_covid_hours_for,71823,2021-01-22,Пятница,01:00,13,13,0,1,1,12,11
3321,hosp_covid_dis_covid_hours_for,71826,2021-01-22,Пятница,02:00,33,33,0,2,2,31,29
3322,hosp_covid_dis_covid_hours_for,71828,2021-01-22,Пятница,03:00,56,56,0,3,2,53,51
3323,hosp_covid_dis_covid_hours_for,71830,2021-01-22,Пятница,04:00,75,75,0,3,2,72,70
3324,hosp_covid_dis_covid_hours_for,71832,2021-01-22,Пятница,05:00,81,81,0,4,3,77,74
3325,hosp_covid_dis_covid_hours_for,71834,2021-01-22,Пятница,06:00,89,89,0,5,3,84,81
3326,hosp_covid_dis_covid_hours_for,71836,2021-01-22,Пятница,07:00,100,99,1,9,7,91,84
3327,hosp_covid_dis_covid_hours_for,71838,2021-01-22,Пятница,08:00,108,107,1,23,14,85,71
3328,hosp_covid_dis_covid_hours_for,71840,2021-01-22,Пятница,09:00,113,112,1,73,18,40,22
3329,hosp_covid_dis_covid_hours_for,71842,2021-01-22,Пятница,10:00,122,119,3,173,28,-51,-79
3330,hosp_covid_dis_covid_hours_for,71844,2021-01-22,Пятница,11:00,138,133,5,344,30,-206,-236
3331,hosp_covid_dis_covid_hours_for,71846,2021-01-22,Пятница,12:00,156,149,7,560,32,-404,-436
3332,hosp_covid_dis_covid_hours_for,71848,2021-01-22,Пятница,13:00,192,183,9,709,55,-517,-572
3333,hosp_covid_dis_covid_hours_for,71850,2021-01-22,Пятница,14:00,247,227,20,820,78,-573,-651
3334,hosp_covid_dis_covid_hours_for,71852,2021-01-22,Пятница,15:00,303,275,28,919,91,-616,-707
3335,hosp_covid_dis_covid_hours_for,71853,2021-01-21,Четверг,сутки,694,619,75,960,219,-266,-485
3336,hosp_covid_dis_covid_hours_for,71855,2021-01-22,Пятница,16:00,345,306,39,996,117,-651,-768
3337,hosp_covid_dis_covid_hours_for,71857,2021-01-22,Пятница,17:00,397,349,48,1039,132,-642,-774
3338,hosp_covid_dis_covid_hours_for,71859,2021-01-22,Пятница,18:00,450,393,57,1082,150,-632,-782
3339,hosp_covid_dis_covid_hours_for,71861,2021-01-22,Пятница,19:00,500,438,62,1109,165,-609,-774
3340,hosp_covid_dis_covid_hours_for,71863,2021-01-22,Пятница,20:00,552,482,70,1124,172,-572,-744
3341,hosp_covid_dis_covid_hours_for,71865,2021-01-22,Пятница,21:00,590,517,73,1135,183,-545,-728
3342,hosp_covid_dis_covid_hours_for,71867,2021-01-22,Пятница,22:00,636,559,77,1144,185,-508,-693
3343,hosp_covid_dis_covid_hours_for,71873,2021-01-22,Пятница,23:00,664,585,79,1150,185,-486,-671
3344,hosp_covid_dis_covid_hours_for,71876,2021-01-23,Суббота,01:00,11,11,0,5,1,6,5
3345,hosp_covid_dis_covid_hours_for,71877,2021-01-22,Пятница,сутки,706,622,84,1155,189,-449,-638
3346,hosp_covid_dis_covid_hours_for,71879,2021-01-23,Суббота,02:00,27,27,0,8,2,19,17
3347,hosp_covid_dis_covid_hours_for,71881,2021-01-23,Суббота,03:00,47,46,1,11,2,36,34
3348,hosp_covid_dis_covid_hours_for,71883,2021-01-23,Суббота,04:00,56,55,1,12,2,44,42
3349,hosp_covid_dis_covid_hours_for,71885,2021-01-23,Суббота,05:00,62,61,1,12,2,50,48
3350,hosp_covid_dis_covid_hours_for,71887,2021-01-23,Суббота,06:00,66,65,1,14,2,52,50
3351,hosp_covid_dis_covid_hours_for,71889,2021-01-23,Суббота,07:00,67,66,1,19,3,48,45
3352,hosp_covid_dis_covid_hours_for,71891,2021-01-23,Суббота,08:00,78,77,1,35,4,43,39
3353,hosp_covid_dis_covid_hours_for,71893,2021-01-23,Суббота,09:00,82,81,1,73,15,9,-6
3354,hosp_covid_dis_covid_hours_for,71895,2021-01-23,Суббота,10:00,89,85,4,161,27,-72,-99
3355,hosp_covid_dis_covid_hours_for,71897,2021-01-23,Суббота,11:00,98,92,6,270,31,-172,-203
3356,hosp_covid_dis_covid_hours_for,71899,2021-01-23,Суббота,12:00,119,112,7,388,43,-269,-312
3357,hosp_covid_dis_covid_hours_for,71901,2021-01-23,Суббота,13:00,159,150,9,489,68,-330,-398
3358,hosp_covid_dis_covid_hours_for,71903,2021-01-23,Суббота,14:00,212,194,18,551,77,-339,-416
3359,hosp_covid_dis_covid_hours_for,71905,2021-01-23,Суббота,15:00,262,240,22,584,87,-322,-409
3360,hosp_covid_dis_covid_hours_for,71907,2021-01-23,Суббота,16:00,311,286,25,630,100,-319,-419
3361,hosp_covid_dis_covid_hours_for,71909,2021-01-23,Суббота,17:00,348,315,33,652,115,-304,-419
3362,hosp_covid_dis_covid_hours_for,71911,2021-01-23,Суббота,18:00,395,353,42,676,127,-281,-408
3363,hosp_covid_dis_covid_hours_for,71913,2021-01-23,Суббота,19:00,421,377,44,697,147,-276,-423
3364,hosp_covid_dis_covid_hours_for,71915,2021-01-23,Суббота,20:00,474,426,48,711,150,-237,-387
3365,hosp_covid_dis_covid_hours_for,71917,2021-01-23,Суббота,21:00,499,448,51,715,150,-216,-366
3366,hosp_covid_dis_covid_hours_for,71919,2021-01-23,Суббота,22:00,520,467,53,716,150,-196,-346
3367,hosp_covid_dis_covid_hours_for,71925,2021-01-23,Суббота,23:00,549,493,56,719,150,-170,-320
3368,hosp_covid_dis_covid_hours_for,71928,2021-01-24,Воскресенье,01:00,11,11,0,3,0,8,8
3369,hosp_covid_dis_covid_hours_for,71929,2021-01-23,Суббота,сутки,579,522,57,723,150,-144,-294
3370,hosp_covid_dis_covid_hours_for,71931,2021-01-24,Воскресенье,02:00,21,20,1,5,0,16,16
3371,hosp_covid_dis_covid_hours_for,71933,2021-01-24,Воскресенье,03:00,30,29,1,9,0,21,21
3372,hosp_covid_dis_covid_hours_for,71935,2021-01-24,Воскресенье,04:00,35,34,1,9,0,26,26
3373,hosp_covid_dis_covid_hours_for,71937,2021-01-24,Воскресенье,05:00,41,40,1,9,0,32,32
3374,hosp_covid_dis_covid_hours_for,71939,2021-01-24,Воскресенье,06:00,46,45,1,10,0,36,36
3375,hosp_covid_dis_covid_hours_for,71941,2021-01-24,Воскресенье,07:00,47,46,1,16,0,31,31
3376,hosp_covid_dis_covid_hours_for,71943,2021-01-24,Воскресенье,08:00,49,48,1,31,2,18,16
3377,hosp_covid_dis_covid_hours_for,71945,2021-01-24,Воскресенье,09:00,52,51,1,47,8,5,-3
3378,hosp_covid_dis_covid_hours_for,71947,2021-01-24,Воскресенье,10:00,60,59,1,89,20,-29,-49
3379,hosp_covid_dis_covid_hours_for,71949,2021-01-24,Воскресенье,11:00,75,72,3,163,33,-88,-121
3380,hosp_covid_dis_covid_hours_for,71951,2021-01-24,Воскресенье,12:00,90,86,4,250,38,-160,-198
3381,hosp_covid_dis_covid_hours_for,71953,2021-01-24,Воскресенье,13:00,110,106,4,338,57,-228,-285
3382,hosp_covid_dis_covid_hours_for,71955,2021-01-24,Воскресенье,14:00,140,135,5,376,65,-236,-301
3383,hosp_covid_dis_covid_hours_for,71957,2021-01-24,Воскресенье,15:00,166,160,6,400,75,-234,-309
3384,hosp_covid_dis_covid_hours_for,71959,2021-01-24,Воскресенье,16:00,189,181,8,411,87,-222,-309
3385,hosp_covid_dis_covid_hours_for,71961,2021-01-24,Воскресенье,17:00,213,203,10,420,92,-207,-299
3386,hosp_covid_dis_covid_hours_for,71963,2021-01-24,Воскресенье,18:00,253,236,17,425,114,-172,-286
3387,hosp_covid_dis_covid_hours_for,71965,2021-01-24,Воскресенье,19:00,280,261,19,438,126,-158,-284
3388,hosp_covid_dis_covid_hours_for,71967,2021-01-24,Воскресенье,20:00,304,284,20,445,135,-141,-276
3389,hosp_covid_dis_covid_hours_for,71969,2021-01-24,Воскресенье,21:00,333,313,20,446,135,-113,-248
3390,hosp_covid_dis_covid_hours_for,71971,2021-01-24,Воскресенье,22:00,354,332,22,447,135,-93,-228
3391,hosp_covid_dis_covid_hours_for,71977,2021-01-24,Воскресенье,23:00,377,354,23,450,135,-73,-208
3392,hosp_covid_dis_covid_hours_for,71980,2021-01-25,Понедельник,01:00,11,11,0,0,0,11,11
3393,hosp_covid_dis_covid_hours_for,71981,2021-01-24,Воскресенье,сутки,406,383,23,457,136,-51,-187
3394,hosp_covid_dis_covid_hours_for,71983,2021-01-25,Понедельник,02:00,33,32,1,3,0,30,30
3395,hosp_covid_dis_covid_hours_for,71985,2021-01-25,Понедельник,03:00,41,40,1,4,0,37,37
3396,hosp_covid_dis_covid_hours_for,71987,2021-01-25,Понедельник,04:00,48,47,1,6,1,42,41
3397,hosp_covid_dis_covid_hours_for,71989,2021-01-25,Понедельник,05:00,52,51,1,6,1,46,45
3398,hosp_covid_dis_covid_hours_for,71991,2021-01-25,Понедельник,06:00,57,56,1,6,1,51,50
3399,hosp_covid_dis_covid_hours_for,71993,2021-01-25,Понедельник,07:00,60,59,1,19,5,41,36
3400,hosp_covid_dis_covid_hours_for,71995,2021-01-25,Понедельник,08:00,64,63,1,27,8,37,29
3401,hosp_covid_dis_covid_hours_for,71997,2021-01-25,Понедельник,09:00,68,67,1,54,10,14,4
3402,hosp_covid_dis_covid_hours_for,71999,2021-01-25,Понедельник,10:00,75,72,3,146,12,-71,-83
3403,hosp_covid_dis_covid_hours_for,72001,2021-01-25,Понедельник,11:00,87,80,7,285,19,-198,-217
3404,hosp_covid_dis_covid_hours_for,72003,2021-01-25,Понедельник,12:00,117,107,10,429,33,-312,-345
3405,hosp_covid_dis_covid_hours_for,72005,2021-01-25,Понедельник,13:00,145,132,13,609,52,-464,-516
3406,hosp_covid_dis_covid_hours_for,72007,2021-01-25,Понедельник,14:00,198,179,19,716,69,-518,-587
3407,hosp_covid_dis_covid_hours_for,72009,2021-01-25,Понедельник,15:00,246,228,18,713,74,-467,-541
3408,hosp_covid_dis_covid_hours_for,72011,2021-01-25,Понедельник,16:00,291,265,26,768,101,-477,-578
3409,hosp_covid_dis_covid_hours_for,72013,2021-01-25,Понедельник,17:00,341,313,28,813,133,-472,-605
3410,hosp_covid_dis_covid_hours_for,72015,2021-01-25,Понедельник,18:00,387,355,32,830,149,-443,-592
3411,hosp_covid_dis_covid_hours_for,72017,2021-01-25,Понедельник,19:00,432,393,39,843,164,-411,-575
3412,hosp_covid_dis_covid_hours_for,72019,2021-01-25,Понедельник,20:00,471,423,48,827,153,-356,-509
3413,hosp_covid_dis_covid_hours_for,72021,2021-01-25,Понедельник,21:00,509,451,58,828,158,-319,-477
3414,hosp_covid_dis_covid_hours_for,72023,2021-01-25,Понедельник,22:00,547,486,61,834,159,-287,-446
3415,hosp_covid_dis_covid_hours_for,72029,2021-01-25,Понедельник,23:00,574,512,62,837,160,-263,-423
3416,hosp_covid_dis_covid_hours_for,72032,2021-01-26,Вторник,01:00,22,22,0,5,0,17,17
3417,hosp_covid_dis_covid_hours_for,72033,2021-01-25,Понедельник,сутки,604,539,65,840,163,-236,-399
3418,hosp_covid_dis_covid_hours_for,72035,2021-01-26,Вторник,02:00,38,38,0,6,0,32,32
3419,hosp_covid_dis_covid_hours_for,72037,2021-01-26,Вторник,03:00,56,56,0,8,0,48,48
3420,hosp_covid_dis_covid_hours_for,72039,2021-01-26,Вторник,04:00,68,68,0,11,0,57,57
3421,hosp_covid_dis_covid_hours_for,72041,2021-01-26,Вторник,05:00,78,78,0,12,1,66,65
3422,hosp_covid_dis_covid_hours_for,72043,2021-01-26,Вторник,06:00,82,82,0,12,3,70,67
3423,hosp_covid_dis_covid_hours_for,72045,2021-01-26,Вторник,07:00,87,87,0,13,3,74,71
3424,hosp_covid_dis_covid_hours_for,72047,2021-01-26,Вторник,08:00,90,90,0,27,6,63,57
3425,hosp_covid_dis_covid_hours_for,72049,2021-01-26,Вторник,09:00,97,96,1,52,7,45,38
3426,hosp_covid_dis_covid_hours_for,72051,2021-01-26,Вторник,10:00,100,99,1,143,12,-43,-55
3427,hosp_covid_dis_covid_hours_for,72053,2021-01-26,Вторник,11:00,115,114,1,272,21,-157,-178
3428,hosp_covid_dis_covid_hours_for,72055,2021-01-26,Вторник,12:00,146,145,1,434,31,-288,-319
3429,hosp_covid_dis_covid_hours_for,72057,2021-01-26,Вторник,13:00,190,180,10,565,46,-375,-421
3430,hosp_covid_dis_covid_hours_for,72059,2021-01-26,Вторник,14:00,233,212,21,659,67,-426,-493
3431,hosp_covid_dis_covid_hours_for,72061,2021-01-26,Вторник,15:00,282,256,26,710,79,-428,-507
3432,hosp_covid_dis_covid_hours_for,72063,2021-01-26,Вторник,16:00,338,302,36,771,97,-433,-530
3433,hosp_covid_dis_covid_hours_for,72065,2021-01-26,Вторник,17:00,382,343,39,788,114,-406,-520
3434,hosp_covid_dis_covid_hours_for,72067,2021-01-26,Вторник,18:00,425,377,48,798,118,-373,-491
3435,hosp_covid_dis_covid_hours_for,72069,2021-01-26,Вторник,19:00,471,412,59,811,130,-340,-470
3436,hosp_covid_dis_covid_hours_for,72071,2021-01-26,Вторник,20:00,507,442,65,815,136,-308,-444
3437,hosp_covid_dis_covid_hours_for,72073,2021-01-26,Вторник,21:00,548,480,68,818,137,-270,-407
3438,hosp_covid_dis_covid_hours_for,72075,2021-01-26,Вторник,22:00,585,515,70,825,140,-240,-380
3439,hosp_covid_dis_covid_hours_for,72081,2021-01-26,Вторник,23:00,612,540,72,826,141,-214,-355
3440,hosp_covid_dis_covid_hours_for,72084,2021-01-27,Среда,01:00,9,9,0,7,1,2,1
3441,hosp_covid_dis_covid_hours_for,72085,2021-01-26,Вторник,сутки,644,571,73,827,141,-183,-324
3442,hosp_covid_dis_covid_hours_for,72087,2021-01-27,Среда,02:00,29,29,0,7,2,22,20
3443,hosp_covid_dis_covid_hours_for,72089,2021-01-27,Среда,03:00,50,49,1,8,2,42,40
3444,hosp_covid_dis_covid_hours_for,72091,2021-01-27,Среда,04:00,62,61,1,8,2,54,52
3445,hosp_covid_dis_covid_hours_for,72093,2021-01-27,Среда,05:00,64,63,1,9,2,55,53
3446,hosp_covid_dis_covid_hours_for,72095,2021-01-27,Среда,06:00,65,64,1,9,2,56,54
3447,hosp_covid_dis_covid_hours_for,72097,2021-01-27,Среда,07:00,66,65,1,13,6,53,47
3448,hosp_covid_dis_covid_hours_for,72099,2021-01-27,Среда,08:00,69,68,1,33,15,36,21
3449,hosp_covid_dis_covid_hours_for,72101,2021-01-27,Среда,09:00,72,71,1,61,19,11,-8
3450,hosp_covid_dis_covid_hours_for,72103,2021-01-27,Среда,10:00,75,74,1,134,21,-59,-80
3451,hosp_covid_dis_covid_hours_for,72105,2021-01-27,Среда,11:00,85,82,3,246,27,-161,-188
3452,hosp_covid_dis_covid_hours_for,72107,2021-01-27,Среда,12:00,111,106,5,402,41,-291,-332
3453,hosp_covid_dis_covid_hours_for,72109,2021-01-27,Среда,13:00,149,141,8,516,51,-367,-418
3454,hosp_covid_dis_covid_hours_for,72111,2021-01-27,Среда,14:00,194,178,16,593,62,-399,-461
3455,hosp_covid_dis_covid_hours_for,72113,2021-01-27,Среда,15:00,250,225,25,640,78,-390,-468
3456,hosp_covid_dis_covid_hours_for,72115,2021-01-27,Среда,16:00,297,268,29,679,89,-382,-471
3457,hosp_covid_dis_covid_hours_for,72117,2021-01-27,Среда,17:00,337,302,35,703,105,-366,-471
3458,hosp_covid_dis_covid_hours_for,72119,2021-01-27,Среда,18:00,373,332,41,715,122,-342,-464
3459,hosp_covid_dis_covid_hours_for,72121,2021-01-27,Среда,19:00,410,362,48,723,139,-313,-452
3460,hosp_covid_dis_covid_hours_for,72123,2021-01-27,Среда,20:00,460,406,54,726,149,-266,-415
3461,hosp_covid_dis_covid_hours_for,72125,2021-01-27,Среда,21:00,501,442,59,731,150,-230,-380
3462,hosp_covid_dis_covid_hours_for,72131,2021-01-27,Среда,22:00,529,469,60,735,150,-206,-356
3463,hosp_covid_dis_covid_hours_for,72134,2021-01-28,Четверг,01:00,12,12,0,2,0,10,10
3464,hosp_covid_dis_covid_hours_for,72135,2021-01-27,Среда,сутки,547,485,62,738,150,-191,-341
3465,hosp_covid_dis_covid_hours_for,72137,2021-01-28,Четверг,02:00,31,31,0,5,1,26,25
3466,hosp_covid_dis_covid_hours_for,72139,2021-01-28,Четверг,03:00,43,43,0,6,3,37,34
3467,hosp_covid_dis_covid_hours_for,72141,2021-01-28,Четверг,04:00,45,45,0,8,4,37,33
3468,hosp_covid_dis_covid_hours_for,72143,2021-01-28,Четверг,05:00,47,47,0,9,4,38,34
3469,hosp_covid_dis_covid_hours_for,72145,2021-01-28,Четверг,06:00,51,51,0,9,4,42,38
3470,hosp_covid_dis_covid_hours_for,72147,2021-01-28,Четверг,07:00,53,53,0,16,6,37,31
3471,hosp_covid_dis_covid_hours_for,72149,2021-01-28,Четверг,08:00,57,57,0,29,9,28,19
3472,hosp_covid_dis_covid_hours_for,72151,2021-01-28,Четверг,09:00,66,65,1,68,10,-2,-12
3473,hosp_covid_dis_covid_hours_for,72153,2021-01-28,Четверг,10:00,75,74,1,119,17,-44,-61
3474,hosp_covid_dis_covid_hours_for,72155,2021-01-28,Четверг,11:00,85,84,1,248,21,-163,-184
3475,hosp_covid_dis_covid_hours_for,72157,2021-01-28,Четверг,12:00,111,110,1,358,33,-247,-280
3476,hosp_covid_dis_covid_hours_for,72159,2021-01-28,Четверг,13:00,155,150,5,462,44,-307,-351
3477,hosp_covid_dis_covid_hours_for,72161,2021-01-28,Четверг,14:00,195,187,8,534,63,-339,-402
3478,hosp_covid_dis_covid_hours_for,72163,2021-01-28,Четверг,15:00,238,222,16,593,72,-355,-427
3479,hosp_covid_dis_covid_hours_for,72165,2021-01-28,Четверг,16:00,276,256,20,654,79,-378,-457
3480,hosp_covid_dis_covid_hours_for,72167,2021-01-28,Четверг,17:00,308,281,27,672,98,-364,-462
3481,hosp_covid_dis_covid_hours_for,72169,2021-01-28,Четверг,18:00,353,318,35,702,102,-349,-451
3482,hosp_covid_dis_covid_hours_for,72171,2021-01-28,Четверг,19:00,396,356,40,715,110,-319,-429
3483,hosp_covid_dis_covid_hours_for,72173,2021-01-28,Четверг,20:00,436,392,44,716,129,-280,-409
3484,hosp_covid_dis_covid_hours_for,72175,2021-01-28,Четверг,21:00,473,427,46,722,134,-249,-383
3485,hosp_covid_dis_covid_hours_for,72177,2021-01-28,Четверг,22:00,510,462,48,725,134,-215,-349
3486,hosp_covid_dis_covid_hours_for,72183,2021-01-28,Четверг,23:00,533,485,48,726,137,-193,-330
3487,hosp_covid_dis_covid_hours_for,72186,2021-01-29,Пятница,01:00,14,14,0,0,0,14,14
3488,hosp_covid_dis_covid_hours_for,72187,2021-01-28,Четверг,сутки,555,506,49,732,139,-177,-316
3489,hosp_covid_dis_covid_hours_for,72189,2021-01-29,Пятница,02:00,25,25,0,0,1,25,24
3490,hosp_covid_dis_covid_hours_for,72191,2021-01-29,Пятница,03:00,34,34,0,1,1,33,32
3491,hosp_covid_dis_covid_hours_for,72193,2021-01-29,Пятница,04:00,41,41,0,1,1,40,39
3492,hosp_covid_dis_covid_hours_for,72195,2021-01-29,Пятница,05:00,52,52,0,1,1,51,50
3493,hosp_covid_dis_covid_hours_for,72197,2021-01-29,Пятница,06:00,56,56,0,1,2,55,53
3494,hosp_covid_dis_covid_hours_for,72199,2021-01-29,Пятница,07:00,60,60,0,5,7,55,48
3495,hosp_covid_dis_covid_hours_for,72201,2021-01-29,Пятница,08:00,62,61,1,20,9,42,33
3496,hosp_covid_dis_covid_hours_for,72203,2021-01-29,Пятница,09:00,63,62,1,50,12,13,1
3497,hosp_covid_dis_covid_hours_for,72205,2021-01-29,Пятница,10:00,66,64,2,147,17,-81,-98
3498,hosp_covid_dis_covid_hours_for,72207,2021-01-29,Пятница,11:00,79,77,2,247,20,-168,-188
3499,hosp_covid_dis_covid_hours_for,72209,2021-01-29,Пятница,12:00,103,97,6,384,29,-281,-310
3500,hosp_covid_dis_covid_hours_for,72211,2021-01-29,Пятница,13:00,136,126,10,514,47,-378,-425
3501,hosp_covid_dis_covid_hours_for,72213,2021-01-29,Пятница,14:00,178,164,14,583,60,-405,-465
3502,hosp_covid_dis_covid_hours_for,72215,2021-01-29,Пятница,15:00,223,202,21,667,65,-444,-509
3503,hosp_covid_dis_covid_hours_for,72217,2021-01-29,Пятница,16:00,273,247,26,743,81,-470,-551
3504,hosp_covid_dis_covid_hours_for,72219,2021-01-29,Пятница,17:00,316,287,29,781,90,-465,-555
3505,hosp_covid_dis_covid_hours_for,72221,2021-01-29,Пятница,18:00,354,319,35,797,97,-443,-540
3506,hosp_covid_dis_covid_hours_for,72223,2021-01-29,Пятница,19:00,399,360,39,815,116,-416,-532
3507,hosp_covid_dis_covid_hours_for,72225,2021-01-29,Пятница,20:00,439,398,41,818,122,-379,-501
3508,hosp_covid_dis_covid_hours_for,72227,2021-01-29,Пятница,21:00,476,432,44,820,122,-344,-466
3509,hosp_covid_dis_covid_hours_for,72229,2021-01-29,Пятница,22:00,521,474,47,823,123,-302,-425
3510,hosp_covid_dis_covid_hours_for,72235,2021-01-29,Пятница,23:00,543,496,47,825,124,-282,-406
3511,hosp_covid_dis_covid_hours_for,72238,2021-01-30,Суббота,01:00,5,5,0,0,0,5,5
3512,hosp_covid_dis_covid_hours_for,72239,2021-01-29,Пятница,сутки,574,527,47,827,125,-253,-378
3513,hosp_covid_dis_covid_hours_for,72241,2021-01-30,Суббота,02:00,34,34,0,2,0,32,32
3514,hosp_covid_dis_covid_hours_for,72243,2021-01-30,Суббота,03:00,50,50,0,5,0,45,45
3515,hosp_covid_dis_covid_hours_for,72245,2021-01-30,Суббота,04:00,65,65,0,5,0,60,60
3516,hosp_covid_dis_covid_hours_for,72247,2021-01-30,Суббота,05:00,71,71,0,5,0,66,66
3517,hosp_covid_dis_covid_hours_for,72249,2021-01-30,Суббота,06:00,76,76,0,6,0,70,70
3518,hosp_covid_dis_covid_hours_for,72251,2021-01-30,Суббота,07:00,82,82,0,9,3,73,70
3519,hosp_covid_dis_covid_hours_for,72253,2021-01-30,Суббота,08:00,86,86,0,20,3,66,63
3520,hosp_covid_dis_covid_hours_for,72255,2021-01-30,Суббота,09:00,91,91,0,40,10,51,41
3521,hosp_covid_dis_covid_hours_for,72257,2021-01-30,Суббота,10:00,94,94,0,124,19,-30,-49
3522,hosp_covid_dis_covid_hours_for,72259,2021-01-30,Суббота,11:00,100,99,1,205,25,-105,-130
3523,hosp_covid_dis_covid_hours_for,72261,2021-01-30,Суббота,12:00,118,114,4,310,37,-192,-229
3524,hosp_covid_dis_covid_hours_for,72263,2021-01-30,Суббота,13:00,161,151,10,379,56,-218,-274
3525,hosp_covid_dis_covid_hours_for,72265,2021-01-30,Суббота,14:00,202,189,13,417,60,-215,-275
3526,hosp_covid_dis_covid_hours_for,72267,2021-01-30,Суббота,15:00,230,214,16,446,62,-216,-278
3527,hosp_covid_dis_covid_hours_for,72269,2021-01-30,Суббота,16:00,261,241,20,464,70,-203,-273
3528,hosp_covid_dis_covid_hours_for,72271,2021-01-30,Суббота,17:00,293,271,22,476,83,-183,-266
3529,hosp_covid_dis_covid_hours_for,72273,2021-01-30,Суббота,18:00,326,302,24,486,84,-160,-244
3530,hosp_covid_dis_covid_hours_for,72275,2021-01-30,Суббота,19:00,357,329,28,492,87,-135,-222
3531,hosp_covid_dis_covid_hours_for,72277,2021-01-30,Суббота,20:00,389,359,30,494,90,-105,-195
3532,hosp_covid_dis_covid_hours_for,72279,2021-01-30,Суббота,21:00,422,390,32,496,96,-74,-170
3533,hosp_covid_dis_covid_hours_for,72281,2021-01-30,Суббота,22:00,452,420,32,500,96,-48,-144
3534,hosp_covid_dis_covid_hours_for,72287,2021-01-30,Суббота,23:00,472,439,33,500,98,-28,-126
3535,hosp_covid_dis_covid_hours_for,72290,2021-01-31,Воскресенье,01:00,8,8,0,0,1,8,7
3536,hosp_covid_dis_covid_hours_for,72291,2021-01-30,Суббота,сутки,486,453,33,503,99,-17,-116
3537,hosp_covid_dis_covid_hours_for,72293,2021-01-31,Воскресенье,02:00,15,15,0,1,1,14,13
3538,hosp_covid_dis_covid_hours_for,72295,2021-01-31,Воскресенье,03:00,34,34,0,1,2,33,31
3539,hosp_covid_dis_covid_hours_for,72297,2021-01-31,Воскресенье,04:00,40,40,0,1,2,39,37
3540,hosp_covid_dis_covid_hours_for,72299,2021-01-31,Воскресенье,05:00,43,43,0,2,2,41,39
3541,hosp_covid_dis_covid_hours_for,72301,2021-01-31,Воскресенье,06:00,44,44,0,2,3,42,39
3542,hosp_covid_dis_covid_hours_for,72303,2021-01-31,Воскресенье,07:00,48,48,0,9,3,39,36
3543,hosp_covid_dis_covid_hours_for,72305,2021-01-31,Воскресенье,08:00,52,52,0,21,6,31,25
3544,hosp_covid_dis_covid_hours_for,72307,2021-01-31,Воскресенье,09:00,54,54,0,38,10,16,6
3545,hosp_covid_dis_covid_hours_for,72309,2021-01-31,Воскресенье,10:00,59,59,0,92,15,-33,-48
3546,hosp_covid_dis_covid_hours_for,72311,2021-01-31,Воскресенье,11:00,67,67,0,148,23,-81,-104
3547,hosp_covid_dis_covid_hours_for,72313,2021-01-31,Воскресенье,12:00,84,83,1,222,36,-138,-174
3548,hosp_covid_dis_covid_hours_for,72315,2021-01-31,Воскресенье,13:00,102,101,1,250,45,-148,-193
3549,hosp_covid_dis_covid_hours_for,72317,2021-01-31,Воскресенье,14:00,139,134,5,284,53,-145,-198
3550,hosp_covid_dis_covid_hours_for,72319,2021-01-31,Воскресенье,15:00,165,157,8,297,59,-132,-191
3551,hosp_covid_dis_covid_hours_for,72321,2021-01-31,Воскресенье,16:00,191,179,12,311,76,-120,-196
3552,hosp_covid_dis_covid_hours_for,72323,2021-01-31,Воскресенье,17:00,214,201,13,326,83,-112,-195
3553,hosp_covid_dis_covid_hours_for,72325,2021-01-31,Воскресенье,18:00,230,217,13,328,84,-98,-182
3554,hosp_covid_dis_covid_hours_for,72327,2021-01-31,Воскресенье,19:00,258,243,15,333,85,-75,-160
3555,hosp_covid_dis_covid_hours_for,72329,2021-01-31,Воскресенье,20:00,283,268,15,342,85,-59,-144
3556,hosp_covid_dis_covid_hours_for,72331,2021-01-31,Воскресенье,21:00,300,284,16,344,87,-44,-131
3557,hosp_covid_dis_covid_hours_for,72333,2021-01-31,Воскресенье,22:00,311,294,17,347,87,-36,-123
3558,hosp_covid_dis_covid_hours_for,72339,2021-01-31,Воскресенье,23:00,326,309,17,354,88,-28,-116
3559,hosp_covid_dis_covid_hours_for,72342,2021-02-01,Понедельник,01:00,10,10,0,6,0,4,4
3560,hosp_covid_dis_covid_hours_for,72343,2021-01-31,Воскресенье,сутки,340,323,17,356,88,-16,-104
3561,hosp_covid_dis_covid_hours_for,72345,2021-02-01,Понедельник,02:00,21,21,0,11,0,10,10
3562,hosp_covid_dis_covid_hours_for,72347,2021-02-01,Понедельник,03:00,31,31,0,11,1,20,19
3563,hosp_covid_dis_covid_hours_for,72349,2021-02-01,Понедельник,04:00,31,31,0,13,1,18,17
3564,hosp_covid_dis_covid_hours_for,72351,2021-02-01,Понедельник,05:00,33,33,0,13,1,20,19
3565,hosp_covid_dis_covid_hours_for,72353,2021-02-01,Понедельник,06:00,38,38,0,14,1,24,23
3566,hosp_covid_dis_covid_hours_for,72355,2021-02-01,Понедельник,07:00,41,41,0,15,2,26,24
3567,hosp_covid_dis_covid_hours_for,72357,2021-02-01,Понедельник,08:00,46,46,0,20,10,26,16
3568,hosp_covid_dis_covid_hours_for,72359,2021-02-01,Понедельник,09:00,51,51,0,43,11,8,-3
3569,hosp_covid_dis_covid_hours_for,72361,2021-02-01,Понедельник,10:00,55,55,0,89,16,-34,-50
3570,hosp_covid_dis_covid_hours_for,72363,2021-02-01,Понедельник,11:00,68,68,0,190,22,-122,-144
3571,hosp_covid_dis_covid_hours_for,72365,2021-02-01,Понедельник,12:00,93,92,1,289,28,-196,-224
3572,hosp_covid_dis_covid_hours_for,72367,2021-02-01,Понедельник,13:00,126,121,5,401,32,-275,-307
3573,hosp_covid_dis_covid_hours_for,72369,2021-02-01,Понедельник,14:00,161,153,8,487,44,-326,-370
3574,hosp_covid_dis_covid_hours_for,72371,2021-02-01,Понедельник,15:00,209,195,14,593,55,-384,-439
3575,hosp_covid_dis_covid_hours_for,72373,2021-02-01,Понедельник,16:00,245,222,23,640,64,-395,-459
3576,hosp_covid_dis_covid_hours_for,72375,2021-02-01,Понедельник,17:00,279,255,24,679,74,-400,-474
3577,hosp_covid_dis_covid_hours_for,72377,2021-02-01,Понедельник,18:00,322,286,36,708,78,-386,-464
3578,hosp_covid_dis_covid_hours_for,72379,2021-02-01,Понедельник,19:00,369,328,41,732,93,-363,-456
3579,hosp_covid_dis_covid_hours_for,72381,2021-02-01,Понедельник,20:00,412,367,45,749,101,-337,-438
3580,hosp_covid_dis_covid_hours_for,72383,2021-02-01,Понедельник,21:00,443,397,46,749,106,-306,-412
3581,hosp_covid_dis_covid_hours_for,72385,2021-02-01,Понедельник,22:00,470,424,46,750,111,-280,-391
3582,hosp_covid_dis_covid_hours_for,72391,2021-02-01,Понедельник,23:00,492,445,47,754,113,-262,-375
3583,hosp_covid_dis_covid_hours_for,72394,2021-02-02,Вторник,01:00,8,8,0,1,0,7,7
3584,hosp_covid_dis_covid_hours_for,72395,2021-02-01,Понедельник,сутки,528,479,49,756,114,-228,-342
3585,hosp_covid_dis_covid_hours_for,72397,2021-02-02,Вторник,02:00,24,24,0,8,2,16,14
3586,hosp_covid_dis_covid_hours_for,72399,2021-02-02,Вторник,03:00,44,44,0,10,2,34,32
3587,hosp_covid_dis_covid_hours_for,72401,2021-02-02,Вторник,04:00,52,52,0,11,2,41,39
3588,hosp_covid_dis_covid_hours_for,72403,2021-02-02,Вторник,05:00,55,55,0,12,2,43,41
3589,hosp_covid_dis_covid_hours_for,72405,2021-02-02,Вторник,06:00,60,59,1,15,3,45,42
3590,hosp_covid_dis_covid_hours_for,72407,2021-02-02,Вторник,07:00,66,65,1,22,3,44,41
3591,hosp_covid_dis_covid_hours_for,72409,2021-02-02,Вторник,08:00,66,65,1,30,6,36,30
3592,hosp_covid_dis_covid_hours_for,72411,2021-02-02,Вторник,09:00,70,69,1,77,10,-7,-17
3593,hosp_covid_dis_covid_hours_for,72413,2021-02-02,Вторник,10:00,74,73,1,148,14,-74,-88
3594,hosp_covid_dis_covid_hours_for,72415,2021-02-02,Вторник,11:00,87,85,2,300,20,-213,-233
3595,hosp_covid_dis_covid_hours_for,72417,2021-02-02,Вторник,12:00,100,98,2,408,28,-308,-336
3596,hosp_covid_dis_covid_hours_for,72419,2021-02-02,Вторник,13:00,135,130,5,521,42,-386,-428
3597,hosp_covid_dis_covid_hours_for,72421,2021-02-02,Вторник,14:00,164,158,6,560,61,-396,-457
3598,hosp_covid_dis_covid_hours_for,72423,2021-02-02,Вторник,15:00,207,199,8,629,73,-422,-495
3599,hosp_covid_dis_covid_hours_for,72425,2021-02-02,Вторник,16:00,246,231,15,672,83,-426,-509
3600,hosp_covid_dis_covid_hours_for,72427,2021-02-02,Вторник,17:00,281,262,19,697,92,-416,-508
3601,hosp_covid_dis_covid_hours_for,72429,2021-02-02,Вторник,18:00,323,302,21,726,94,-403,-497
3602,hosp_covid_dis_covid_hours_for,72431,2021-02-02,Вторник,19:00,361,336,25,738,103,-377,-480
3603,hosp_covid_dis_covid_hours_for,72433,2021-02-02,Вторник,20:00,394,367,27,747,109,-353,-462
3604,hosp_covid_dis_covid_hours_for,72435,2021-02-02,Вторник,21:00,421,394,27,747,109,-326,-435
3605,hosp_covid_dis_covid_hours_for,72437,2021-02-02,Вторник,22:00,457,428,29,748,116,-291,-407
3606,hosp_covid_dis_covid_hours_for,72443,2021-02-02,Вторник,23:00,481,451,30,755,116,-274,-390
3607,hosp_covid_dis_covid_hours_for,72446,2021-02-03,Среда,01:00,10,10,0,0,0,10,10
3608,hosp_covid_dis_covid_hours_for,72447,2021-02-02,Вторник,сутки,500,469,31,758,116,-258,-374
3609,hosp_covid_dis_covid_hours_for,72449,2021-02-03,Среда,02:00,20,20,0,4,0,16,16
3610,hosp_covid_dis_covid_hours_for,72451,2021-02-03,Среда,03:00,30,30,0,5,0,25,25
3611,hosp_covid_dis_covid_hours_for,72453,2021-02-03,Среда,04:00,35,35,0,16,1,19,18
3612,hosp_covid_dis_covid_hours_for,72455,2021-02-03,Среда,05:00,39,39,0,17,1,22,21
3613,hosp_covid_dis_covid_hours_for,72457,2021-02-03,Среда,06:00,40,40,0,22,1,18,17
3614,hosp_covid_dis_covid_hours_for,72459,2021-02-03,Среда,07:00,42,42,0,24,1,18,17
3615,hosp_covid_dis_covid_hours_for,72461,2021-02-03,Среда,08:00,44,44,0,34,3,10,7
3616,hosp_covid_dis_covid_hours_for,72463,2021-02-03,Среда,09:00,47,47,0,76,11,-29,-40
3617,hosp_covid_dis_covid_hours_for,72465,2021-02-03,Среда,10:00,58,58,0,121,12,-63,-75
3618,hosp_covid_dis_covid_hours_for,72467,2021-02-03,Среда,11:00,69,68,1,196,21,-127,-148
3619,hosp_covid_dis_covid_hours_for,72469,2021-02-03,Среда,12:00,98,90,8,330,28,-232,-260
3620,hosp_covid_dis_covid_hours_for,72471,2021-02-03,Среда,13:00,127,116,11,435,38,-308,-346
3621,hosp_covid_dis_covid_hours_for,72473,2021-02-03,Среда,14:00,169,155,14,494,38,-325,-363
3622,hosp_covid_dis_covid_hours_for,72475,2021-02-03,Среда,15:00,212,194,18,545,43,-333,-376
3623,hosp_covid_dis_covid_hours_for,72477,2021-02-03,Среда,16:00,250,225,25,582,59,-332,-391
3624,hosp_covid_dis_covid_hours_for,72479,2021-02-03,Среда,17:00,288,260,28,607,79,-319,-398
3625,hosp_covid_dis_covid_hours_for,72481,2021-02-03,Среда,18:00,320,291,29,628,93,-308,-401
3626,hosp_covid_dis_covid_hours_for,72483,2021-02-03,Среда,19:00,362,326,36,639,107,-277,-384
3627,hosp_covid_dis_covid_hours_for,72485,2021-02-03,Среда,20:00,406,364,42,643,110,-237,-347
3628,hosp_covid_dis_covid_hours_for,72487,2021-02-03,Среда,21:00,429,384,45,650,110,-221,-331
3629,hosp_covid_dis_covid_hours_for,72489,2021-02-03,Среда,22:00,452,407,45,651,110,-199,-309
3630,hosp_covid_dis_covid_hours_for,72495,2021-02-03,Среда,23:00,480,433,47,654,110,-174,-284
3631,hosp_covid_dis_covid_hours_for,72498,2021-02-04,Четверг,01:00,16,16,0,2,1,14,13
3632,hosp_covid_dis_covid_hours_for,72499,2021-02-03,Среда,сутки,504,455,49,657,110,-153,-263
3633,hosp_covid_dis_covid_hours_for,72501,2021-02-04,Четверг,02:00,34,33,1,4,2,30,28
3634,hosp_covid_dis_covid_hours_for,72503,2021-02-04,Четверг,03:00,44,43,1,5,2,39,37
3635,hosp_covid_dis_covid_hours_for,72505,2021-02-04,Четверг,04:00,51,50,1,6,2,45,43
3636,hosp_covid_dis_covid_hours_for,72507,2021-02-04,Четверг,05:00,56,55,1,8,2,48,46
3637,hosp_covid_dis_covid_hours_for,72509,2021-02-04,Четверг,06:00,61,60,1,9,2,52,50
3638,hosp_covid_dis_covid_hours_for,72511,2021-02-04,Четверг,07:00,68,67,1,10,3,58,55
3639,hosp_covid_dis_covid_hours_for,72513,2021-02-04,Четверг,08:00,70,69,1,27,10,43,33
3640,hosp_covid_dis_covid_hours_for,72515,2021-02-04,Четверг,09:00,71,69,2,52,15,19,4
3641,hosp_covid_dis_covid_hours_for,72517,2021-02-04,Четверг,10:00,78,74,4,137,19,-59,-78
3642,hosp_covid_dis_covid_hours_for,72519,2021-02-04,Четверг,11:00,95,87,8,241,23,-146,-169
3643,hosp_covid_dis_covid_hours_for,72521,2021-02-04,Четверг,12:00,117,109,8,336,34,-219,-253
3644,hosp_covid_dis_covid_hours_for,72523,2021-02-04,Четверг,13:00,144,135,9,420,47,-276,-323
3645,hosp_covid_dis_covid_hours_for,72525,2021-02-04,Четверг,14:00,188,175,13,482,61,-294,-355
3646,hosp_covid_dis_covid_hours_for,72527,2021-02-04,Четверг,15:00,219,204,15,525,71,-306,-377
3647,hosp_covid_dis_covid_hours_for,72529,2021-02-04,Четверг,16:00,259,234,25,591,87,-332,-419
3648,hosp_covid_dis_covid_hours_for,72531,2021-02-04,Четверг,17:00,299,267,32,602,98,-303,-401
3649,hosp_covid_dis_covid_hours_for,72533,2021-02-04,Четверг,18:00,327,290,37,612,109,-285,-394
3650,hosp_covid_dis_covid_hours_for,72535,2021-02-04,Четверг,19:00,361,319,42,621,123,-260,-383
3651,hosp_covid_dis_covid_hours_for,72537,2021-02-04,Четверг,21:00,391,347,44,629,124,-238,-362
3652,hosp_covid_dis_covid_hours_for,72539,2021-02-04,Четверг,22:00,432,386,46,639,124,-207,-331
3653,hosp_covid_dis_covid_hours_for,72545,2021-02-04,Четверг,23:00,460,414,46,642,124,-182,-306
3654,hosp_covid_dis_covid_hours_for,72548,2021-02-05,Пятница,01:00,11,11,0,5,1,6,5
3655,hosp_covid_dis_covid_hours_for,72549,2021-02-04,Четверг,сутки,484,436,48,646,124,-162,-286
3656,hosp_covid_dis_covid_hours_for,72551,2021-02-05,Пятница,02:00,29,29,0,10,1,19,18
3657,hosp_covid_dis_covid_hours_for,72553,2021-02-05,Пятница,03:00,44,44,0,14,1,30,29
3658,hosp_covid_dis_covid_hours_for,72555,2021-02-05,Пятница,04:00,49,49,0,16,1,33,32
3659,hosp_covid_dis_covid_hours_for,72557,2021-02-05,Пятница,05:00,53,53,0,16,4,37,33
3660,hosp_covid_dis_covid_hours_for,72559,2021-02-05,Пятница,06:00,55,55,0,17,4,38,34
3661,hosp_covid_dis_covid_hours_for,72561,2021-02-05,Пятница,07:00,58,58,0,20,4,38,34
3662,hosp_covid_dis_covid_hours_for,72563,2021-02-05,Пятница,08:00,62,62,0,32,4,30,26
3663,hosp_covid_dis_covid_hours_for,72565,2021-02-05,Пятница,09:00,66,66,0,55,16,11,-5
3664,hosp_covid_dis_covid_hours_for,72567,2021-02-05,Пятница,10:00,71,70,1,141,18,-70,-88
3665,hosp_covid_dis_covid_hours_for,72569,2021-02-05,Пятница,11:00,82,81,1,265,29,-183,-212
3666,hosp_covid_dis_covid_hours_for,72571,2021-02-05,Пятница,12:00,100,98,2,388,37,-288,-325
3667,hosp_covid_dis_covid_hours_for,72573,2021-02-05,Пятница,13:00,131,125,6,490,61,-359,-420
3668,hosp_covid_dis_covid_hours_for,72575,2021-02-05,Пятница,14:00,170,162,8,578,70,-408,-478
3669,hosp_covid_dis_covid_hours_for,72577,2021-02-05,Пятница,15:00,192,180,12,640,72,-448,-520
3670,hosp_covid_dis_covid_hours_for,72579,2021-02-05,Пятница,16:00,226,211,15,694,83,-468,-551
3671,hosp_covid_dis_covid_hours_for,72581,2021-02-05,Пятница,17:00,257,237,20,733,88,-476,-564
3672,hosp_covid_dis_covid_hours_for,72583,2021-02-05,Пятница,18:00,286,260,26,752,96,-466,-562
3673,hosp_covid_dis_covid_hours_for,72585,2021-02-05,Пятница,19:00,322,287,35,765,107,-443,-550
3674,hosp_covid_dis_covid_hours_for,72587,2021-02-05,Пятница,20:00,350,313,37,777,109,-427,-536
3675,hosp_covid_dis_covid_hours_for,72589,2021-02-05,Пятница,21:00,380,339,41,784,109,-404,-513
3676,hosp_covid_dis_covid_hours_for,72591,2021-02-05,Пятница,22:00,405,363,42,789,108,-384,-492
3677,hosp_covid_dis_covid_hours_for,72597,2021-02-05,Пятница,23:01,433,389,44,794,109,-361,-470
3678,hosp_covid_dis_covid_hours_for,72600,2021-02-06,Суббота,01:00,9,9,0,1,1,8,7
3679,hosp_covid_dis_covid_hours_for,72601,2021-02-05,Пятница,сутки,456,412,44,799,109,-343,-452
3680,hosp_covid_dis_covid_hours_for,72603,2021-02-06,Суббота,02:00,23,23,0,1,1,22,21
3681,hosp_covid_dis_covid_hours_for,72605,2021-02-06,Суббота,03:00,35,35,0,3,2,32,30
3682,hosp_covid_dis_covid_hours_for,72607,2021-02-06,Суббота,04:00,36,36,0,4,2,32,30
3683,hosp_covid_dis_covid_hours_for,72609,2021-02-06,Суббота,05:00,37,37,0,5,2,32,30
3684,hosp_covid_dis_covid_hours_for,72611,2021-02-06,Суббота,06:00,38,38,0,5,2,33,31
3685,hosp_covid_dis_covid_hours_for,72613,2021-02-06,Суббота,07:00,41,41,0,6,3,35,32
3686,hosp_covid_dis_covid_hours_for,72615,2021-02-06,Суббота,08:00,46,46,0,26,6,20,14
3687,hosp_covid_dis_covid_hours_for,72617,2021-02-06,Суббота,09:00,50,50,0,57,10,-7,-17
3688,hosp_covid_dis_covid_hours_for,72619,2021-02-06,Суббота,10:00,56,56,0,104,17,-48,-65
3689,hosp_covid_dis_covid_hours_for,72621,2021-02-06,Суббота,11:00,66,66,0,170,18,-104,-122
3690,hosp_covid_dis_covid_hours_for,72623,2021-02-06,Суббота,12:00,83,81,2,263,40,-180,-220
3691,hosp_covid_dis_covid_hours_for,72625,2021-02-06,Суббота,13:00,102,100,2,309,48,-207,-255
3692,hosp_covid_dis_covid_hours_for,72627,2021-02-06,Суббота,14:00,137,132,5,336,55,-199,-254
3693,hosp_covid_dis_covid_hours_for,72629,2021-02-06,Суббота,15:00,168,161,7,359,65,-191,-256
3694,hosp_covid_dis_covid_hours_for,72631,2021-02-06,Суббота,16:00,194,182,12,375,68,-181,-249
3695,hosp_covid_dis_covid_hours_for,72633,2021-02-06,Суббота,17:00,225,211,14,392,68,-167,-235
3696,hosp_covid_dis_covid_hours_for,72635,2021-02-06,Суббота,18:00,246,229,17,395,73,-149,-222
3697,hosp_covid_dis_covid_hours_for,72637,2021-02-06,Суббота,19:00,260,241,19,405,77,-145,-222
3698,hosp_covid_dis_covid_hours_for,72639,2021-02-06,Суббота,20:00,272,252,20,417,84,-145,-229
3699,hosp_covid_dis_covid_hours_for,72641,2021-02-06,Суббота,21:00,282,261,21,426,84,-144,-228
3700,hosp_covid_dis_covid_hours_for,72643,2021-02-06,Суббота,22:00,294,272,22,427,84,-133,-217
3701,hosp_covid_dis_covid_hours_for,72649,2021-02-06,Суббота,23:00,307,284,23,428,84,-121,-205
3702,hosp_covid_dis_covid_hours_for,72652,2021-02-07,Воскресенье,01:00,5,5,0,4,0,1,1
3703,hosp_covid_dis_covid_hours_for,72653,2021-02-06,Суббота,сутки,319,295,24,429,85,-110,-195
3704,hosp_covid_dis_covid_hours_for,72655,2021-02-07,Воскресенье,02:00,12,12,0,4,0,8,8
3705,hosp_covid_dis_covid_hours_for,72657,2021-02-07,Воскресенье,03:00,18,18,0,4,2,14,12
3706,hosp_covid_dis_covid_hours_for,72659,2021-02-07,Воскресенье,04:00,23,23,0,5,2,18,16
3707,hosp_covid_dis_covid_hours_for,72661,2021-02-07,Воскресенье,05:00,28,28,0,5,3,23,20
3708,hosp_covid_dis_covid_hours_for,72663,2021-02-07,Воскресенье,06:00,31,31,0,7,3,24,21
3709,hosp_covid_dis_covid_hours_for,72665,2021-02-07,Воскресенье,07:00,32,32,0,10,3,22,19
3710,hosp_covid_dis_covid_hours_for,72667,2021-02-07,Воскресенье,08:00,33,33,0,17,7,16,9
3711,hosp_covid_dis_covid_hours_for,72669,2021-02-07,Воскресенье,09:00,35,35,0,28,9,7,-2
3712,hosp_covid_dis_covid_hours_for,72671,2021-02-07,Воскресенье,10:00,41,41,0,55,11,-14,-25
3713,hosp_covid_dis_covid_hours_for,72673,2021-02-07,Воскресенье,11:00,45,45,0,120,18,-75,-93
3714,hosp_covid_dis_covid_hours_for,72675,2021-02-07,Воскресенье,12:00,56,56,0,169,29,-113,-142
3715,hosp_covid_dis_covid_hours_for,72677,2021-02-07,Воскресенье,13:00,76,75,1,235,41,-159,-200
3716,hosp_covid_dis_covid_hours_for,72679,2021-02-07,Воскресенье,14:00,93,90,3,257,52,-164,-216
3717,hosp_covid_dis_covid_hours_for,72681,2021-02-07,Воскресенье,15:00,111,106,5,264,58,-153,-211
3718,hosp_covid_dis_covid_hours_for,72683,2021-02-07,Воскресенье,16:00,133,126,7,280,58,-147,-205
3719,hosp_covid_dis_covid_hours_for,72685,2021-02-07,Воскресенье,17:00,154,143,11,294,61,-140,-201
3720,hosp_covid_dis_covid_hours_for,72687,2021-02-07,Воскресенье,18:00,169,158,11,296,65,-127,-192
3721,hosp_covid_dis_covid_hours_for,72689,2021-02-07,Воскресенье,19:00,183,171,12,299,66,-116,-182
3722,hosp_covid_dis_covid_hours_for,72691,2021-02-07,Воскресенье,20:00,193,181,12,304,69,-111,-180
3723,hosp_covid_dis_covid_hours_for,72693,2021-02-07,Воскресенье,21:00,206,191,15,304,70,-98,-168
3724,hosp_covid_dis_covid_hours_for,72695,2021-02-07,Воскресенье,22:00,211,194,17,306,71,-95,-166
3725,hosp_covid_dis_covid_hours_for,72701,2021-02-07,Воскресенье,23:00,232,212,20,310,71,-78,-149
3726,hosp_covid_dis_covid_hours_for,72704,2021-02-08,Понедельник,01:00,9,9,0,9,0,0,0
3727,hosp_covid_dis_covid_hours_for,72705,2021-02-07,Воскресенье,сутки,244,224,20,315,71,-71,-142
3728,hosp_covid_dis_covid_hours_for,72707,2021-02-08,Понедельник,02:00,24,24,0,15,0,9,9
3729,hosp_covid_dis_covid_hours_for,72709,2021-02-08,Понедельник,03:00,29,29,0,16,0,13,13
3730,hosp_covid_dis_covid_hours_for,72711,2021-02-08,Понедельник,04:00,35,35,0,16,0,19,19
3731,hosp_covid_dis_covid_hours_for,72713,2021-02-08,Понедельник,05:00,40,40,0,16,0,24,24
3732,hosp_covid_dis_covid_hours_for,72715,2021-02-08,Понедельник,06:00,42,42,0,17,0,25,25
3733,hosp_covid_dis_covid_hours_for,72717,2021-02-08,Понедельник,07:00,45,45,0,20,0,25,25
3734,hosp_covid_dis_covid_hours_for,72719,2021-02-08,Понедельник,08:00,46,46,0,28,5,18,13
3735,hosp_covid_dis_covid_hours_for,72721,2021-02-08,Понедельник,09:00,49,49,0,43,8,6,-2
3736,hosp_covid_dis_covid_hours_for,72723,2021-02-08,Понедельник,10:00,54,53,1,133,9,-79,-88
3737,hosp_covid_dis_covid_hours_for,72725,2021-02-08,Понедельник,11:00,68,66,2,244,13,-176,-189
3738,hosp_covid_dis_covid_hours_for,72727,2021-02-08,Понедельник,12:00,81,77,4,392,18,-311,-329
3739,hosp_covid_dis_covid_hours_for,72729,2021-02-08,Понедельник,13:00,105,98,7,462,28,-357,-385
3740,hosp_covid_dis_covid_hours_for,72731,2021-02-08,Понедельник,14:00,136,126,10,544,44,-408,-452
3741,hosp_covid_dis_covid_hours_for,72733,2021-02-08,Понедельник,15:00,178,162,16,586,47,-408,-455
3742,hosp_covid_dis_covid_hours_for,72735,2021-02-08,Понедельник,16:00,209,192,17,628,55,-419,-474
3743,hosp_covid_dis_covid_hours_for,72737,2021-02-08,Понедельник,17:00,255,236,19,645,59,-390,-449
3744,hosp_covid_dis_covid_hours_for,72739,2021-02-08,Понедельник,18:00,289,266,23,634,68,-345,-413
3745,hosp_covid_dis_covid_hours_for,72741,2021-02-08,Понедельник,19:00,329,301,28,659,78,-330,-408
3746,hosp_covid_dis_covid_hours_for,72743,2021-02-08,Понедельник,20:00,363,330,33,662,80,-299,-379
3747,hosp_covid_dis_covid_hours_for,72745,2021-02-08,Понедельник,21:00,392,359,33,666,81,-274,-355
3748,hosp_covid_dis_covid_hours_for,72747,2021-02-08,Понедельник,22:00,411,375,36,670,81,-259,-340
3749,hosp_covid_dis_covid_hours_for,72753,2021-02-08,Понедельник,23:00,424,387,37,673,81,-249,-330
3750,hosp_covid_dis_covid_hours_for,72756,2021-02-09,Вторник,01:00,5,5,0,0,0,5,5
3751,hosp_covid_dis_covid_hours_for,72757,2021-02-08,Понедельник,сутки,444,407,37,681,82,-237,-319
3752,hosp_covid_dis_covid_hours_for,72759,2021-02-09,Вторник,10:33,38,37,1,186,11,-148,-159
3753,hosp_covid_dis_covid_hours_for,72761,2021-02-09,Вторник,11:00,43,42,1,246,13,-203,-216
3754,hosp_covid_dis_covid_hours_for,72763,2021-02-09,Вторник,12:00,60,59,1,344,17,-284,-301
3755,hosp_covid_dis_covid_hours_for,72765,2021-02-09,Вторник,13:00,85,83,2,420,22,-335,-357
3756,hosp_covid_dis_covid_hours_for,72767,2021-02-09,Вторник,14:00,127,118,9,479,33,-352,-385
3757,hosp_covid_dis_covid_hours_for,72769,2021-02-09,Вторник,15:00,165,152,13,540,42,-375,-417
3758,hosp_covid_dis_covid_hours_for,72771,2021-02-09,Вторник,16:00,194,178,16,558,55,-364,-419
3759,hosp_covid_dis_covid_hours_for,72773,2021-02-09,Вторник,17:00,232,207,25,589,63,-357,-420
3760,hosp_covid_dis_covid_hours_for,72775,2021-02-09,Вторник,18:00,268,240,28,594,71,-326,-397
3761,hosp_covid_dis_covid_hours_for,72777,2021-02-09,Вторник,19:00,295,265,30,601,76,-306,-382
3762,hosp_covid_dis_covid_hours_for,72779,2021-02-09,Вторник,20:00,324,290,34,608,83,-284,-367
3763,hosp_covid_dis_covid_hours_for,72781,2021-02-09,Вторник,21:00,345,310,35,611,83,-266,-349
3764,hosp_covid_dis_covid_hours_for,72783,2021-02-09,Вторник,22:00,368,331,37,613,84,-245,-329
3765,hosp_covid_dis_covid_hours_for,72789,2021-02-09,Вторник,23:00,383,344,39,620,85,-237,-322
3766,hosp_covid_dis_covid_hours_for,72792,2021-02-10,Среда,01:00,6,6,0,3,0,3,3
3767,hosp_covid_dis_covid_hours_for,72793,2021-02-09,Вторник,сутки,403,364,39,620,85,-217,-302
3768,hosp_covid_dis_covid_hours_for,72795,2021-02-10,Среда,02:00,21,20,1,3,1,18,17
3769,hosp_covid_dis_covid_hours_for,72797,2021-02-10,Среда,03:00,26,25,1,7,1,19,18
3770,hosp_covid_dis_covid_hours_for,72799,2021-02-10,Среда,04:00,29,28,1,8,1,21,20
3771,hosp_covid_dis_covid_hours_for,72801,2021-02-10,Среда,05:00,32,31,1,8,1,24,23
3772,hosp_covid_dis_covid_hours_for,72803,2021-02-10,Среда,06:00,38,37,1,8,1,30,29
3773,hosp_covid_dis_covid_hours_for,72805,2021-02-10,Среда,07:00,40,39,1,11,3,29,26
3774,hosp_covid_dis_covid_hours_for,72807,2021-02-10,Среда,08:00,43,42,1,19,4,24,20
3775,hosp_covid_dis_covid_hours_for,72809,2021-02-10,Среда,09:00,46,45,1,38,5,8,3
3776,hosp_covid_dis_covid_hours_for,72811,2021-02-10,Среда,10:00,53,49,4,128,9,-75,-84
3777,hosp_covid_dis_covid_hours_for,72813,2021-02-10,Среда,11:00,63,58,5,203,12,-140,-152
3778,hosp_covid_dis_covid_hours_for,72815,2021-02-10,Среда,12:00,83,75,8,314,23,-231,-254
3779,hosp_covid_dis_covid_hours_for,72817,2021-02-10,Среда,13:00,112,100,12,393,36,-281,-317
3780,hosp_covid_dis_covid_hours_for,72819,2021-02-10,Среда,14:00,150,132,18,463,58,-313,-371
3781,hosp_covid_dis_covid_hours_for,72821,2021-02-10,Среда,15:00,180,160,20,498,66,-318,-384
3782,hosp_covid_dis_covid_hours_for,72823,2021-02-10,Среда,16:00,206,183,23,545,71,-339,-410
3783,hosp_covid_dis_covid_hours_for,72825,2021-02-10,Среда,17:00,237,210,27,581,74,-344,-418
3784,hosp_covid_dis_covid_hours_for,72827,2021-02-10,Среда,18:00,273,241,32,592,81,-319,-400
3785,hosp_covid_dis_covid_hours_for,72829,2021-02-10,Среда,19:00,299,264,35,598,86,-299,-385
3786,hosp_covid_dis_covid_hours_for,72831,2021-02-10,Среда,20:00,324,288,36,607,89,-283,-372
3787,hosp_covid_dis_covid_hours_for,72833,2021-02-10,Среда,21:00,343,304,39,608,89,-265,-354
3788,hosp_covid_dis_covid_hours_for,72835,2021-02-10,Среда,22:00,365,322,43,611,89,-246,-335
3789,hosp_covid_dis_covid_hours_for,72841,2021-02-10,Среда,23:00,380,334,46,612,89,-232,-321
3790,hosp_covid_dis_covid_hours_for,72844,2021-02-11,Четверг,01:00,5,5,0,2,1,3,2
3791,hosp_covid_dis_covid_hours_for,72845,2021-02-10,Среда,сутки,394,347,47,614,92,-220,-312
3792,hosp_covid_dis_covid_hours_for,72847,2021-02-11,Четверг,02:00,19,19,0,2,2,17,15
3793,hosp_covid_dis_covid_hours_for,72849,2021-02-11,Четверг,03:00,23,23,0,3,2,20,18
3794,hosp_covid_dis_covid_hours_for,72851,2021-02-11,Четверг,04:00,29,29,0,5,2,24,22
3795,hosp_covid_dis_covid_hours_for,72853,2021-02-11,Четверг,05:00,32,32,0,6,3,26,23
3796,hosp_covid_dis_covid_hours_for,72855,2021-02-11,Четверг,06:00,37,37,0,7,3,30,27
3797,hosp_covid_dis_covid_hours_for,72857,2021-02-11,Четверг,07:00,41,41,0,9,3,32,29
3798,hosp_covid_dis_covid_hours_for,72859,2021-02-11,Четверг,08:00,44,44,0,18,5,26,21
3799,hosp_covid_dis_covid_hours_for,72861,2021-02-11,Четверг,09:00,49,49,0,39,9,10,1
3800,hosp_covid_dis_covid_hours_for,72863,2021-02-11,Четверг,10:00,52,51,1,78,11,-26,-37
3801,hosp_covid_dis_covid_hours_for,72865,2021-02-11,Четверг,11:00,56,53,3,167,11,-111,-122
3802,hosp_covid_dis_covid_hours_for,72867,2021-02-11,Четверг,12:00,72,67,5,271,16,-199,-215
3803,hosp_covid_dis_covid_hours_for,72869,2021-02-11,Четверг,13:00,87,81,6,348,18,-261,-279
3804,hosp_covid_dis_covid_hours_for,72871,2021-02-11,Четверг,14:00,119,107,12,407,41,-288,-329
3805,hosp_covid_dis_covid_hours_for,72873,2021-02-11,Четверг,15:00,135,120,15,440,48,-305,-353
3806,hosp_covid_dis_covid_hours_for,72875,2021-02-11,Четверг,16:00,164,143,21,483,53,-319,-372
3807,hosp_covid_dis_covid_hours_for,72877,2021-02-11,Четверг,17:00,189,163,26,497,61,-308,-369
3808,hosp_covid_dis_covid_hours_for,72879,2021-02-11,Четверг,18:00,222,195,27,504,71,-282,-353
3809,hosp_covid_dis_covid_hours_for,72881,2021-02-11,Четверг,19:00,250,219,31,511,71,-261,-332
3810,hosp_covid_dis_covid_hours_for,72883,2021-02-11,Четверг,20:00,275,242,33,524,73,-249,-322
3811,hosp_covid_dis_covid_hours_for,72885,2021-02-11,Четверг,21:00,298,264,34,530,74,-232,-306
3812,hosp_covid_dis_covid_hours_for,72887,2021-02-11,Четверг,22:00,323,288,35,533,74,-210,-284
3813,hosp_covid_dis_covid_hours_for,72893,2021-02-11,Четверг,23:00,342,306,36,536,74,-194,-268
3814,hosp_covid_dis_covid_hours_for,72896,2021-02-12,Пятница,01:00,8,8,0,8,1,0,-1
3815,hosp_covid_dis_covid_hours_for,72897,2021-02-11,Четверг,сутки,365,329,36,541,74,-176,-250
3816,hosp_covid_dis_covid_hours_for,72899,2021-02-12,Пятница,02:00,23,23,0,9,1,14,13
3817,hosp_covid_dis_covid_hours_for,72901,2021-02-12,Пятница,03:00,32,32,0,9,1,23,22
3818,hosp_covid_dis_covid_hours_for,72903,2021-02-12,Пятница,04:00,42,42,0,11,1,31,30
3819,hosp_covid_dis_covid_hours_for,72905,2021-02-12,Пятница,05:00,47,47,0,12,1,35,34
3820,hosp_covid_dis_covid_hours_for,72907,2021-02-12,Пятница,06:00,51,51,0,12,1,39,38
3821,hosp_covid_dis_covid_hours_for,72909,2021-02-12,Пятница,07:00,54,54,0,18,1,36,35
3822,hosp_covid_dis_covid_hours_for,72911,2021-02-12,Пятница,08:00,56,55,1,25,2,31,29
3823,hosp_covid_dis_covid_hours_for,72913,2021-02-12,Пятница,09:00,56,55,1,55,4,1,-3
3824,hosp_covid_dis_covid_hours_for,72915,2021-02-12,Пятница,10:00,59,57,2,124,8,-65,-73
3825,hosp_covid_dis_covid_hours_for,72917,2021-02-12,Пятница,11:00,68,65,3,240,12,-172,-184
3826,hosp_covid_dis_covid_hours_for,72919,2021-02-12,Пятница,12:00,75,72,3,309,18,-234,-252
3827,hosp_covid_dis_covid_hours_for,72921,2021-02-12,Пятница,13:00,97,94,3,413,22,-316,-338
3828,hosp_covid_dis_covid_hours_for,72923,2021-02-12,Пятница,14:00,134,127,7,492,37,-358,-395
3829,hosp_covid_dis_covid_hours_for,72925,2021-02-12,Пятница,15:00,161,153,8,530,46,-369,-415
3830,hosp_covid_dis_covid_hours_for,72927,2021-02-12,Пятница,16:00,198,186,12,568,50,-370,-420
3831,hosp_covid_dis_covid_hours_for,72929,2021-02-12,Пятница,17:00,241,224,17,603,52,-362,-414
3832,hosp_covid_dis_covid_hours_for,72931,2021-02-12,Пятница,18:00,263,243,20,630,54,-367,-421
3833,hosp_covid_dis_covid_hours_for,72933,2021-02-12,Пятница,19:00,297,271,26,636,63,-339,-402
3834,hosp_covid_dis_covid_hours_for,72935,2021-02-12,Пятница,20:00,323,294,29,647,71,-324,-395
3835,hosp_covid_dis_covid_hours_for,72937,2021-02-12,Пятница,21:00,352,315,37,648,76,-296,-372
3836,hosp_covid_dis_covid_hours_for,72939,2021-02-12,Пятница,22:00,370,330,40,650,78,-280,-358
3837,hosp_covid_dis_covid_hours_for,72945,2021-02-12,Пятница,23:00,388,345,43,664,78,-276,-354
3838,hosp_covid_dis_covid_hours_for,72948,2021-02-13,Суббота,01:00,10,10,0,2,0,8,8
3839,hosp_covid_dis_covid_hours_for,72949,2021-02-12,Пятница,сутки,409,364,45,664,79,-255,-334
3840,hosp_covid_dis_covid_hours_for,72951,2021-02-13,Суббота,02:00,29,29,0,2,0,27,27
3841,hosp_covid_dis_covid_hours_for,72953,2021-02-13,Суббота,03:00,44,44,0,2,0,42,42
3842,hosp_covid_dis_covid_hours_for,72955,2021-02-13,Суббота,04:00,56,56,0,2,0,54,54
3843,hosp_covid_dis_covid_hours_for,72957,2021-02-13,Суббота,05:00,66,66,0,2,0,64,64
3844,hosp_covid_dis_covid_hours_for,72959,2021-02-13,Суббота,06:00,69,69,0,3,0,66,66
3845,hosp_covid_dis_covid_hours_for,72961,2021-02-13,Суббота,07:00,75,75,0,7,1,68,67
3846,hosp_covid_dis_covid_hours_for,72963,2021-02-13,Суббота,08:00,77,77,0,14,4,63,59
3847,hosp_covid_dis_covid_hours_for,72965,2021-02-13,Суббота,09:00,78,78,0,22,4,56,52
3848,hosp_covid_dis_covid_hours_for,72967,2021-02-13,Суббота,10:00,79,79,0,49,8,30,22
3849,hosp_covid_dis_covid_hours_for,72969,2021-02-13,Суббота,11:00,84,83,1,113,8,-29,-37
3850,hosp_covid_dis_covid_hours_for,72971,2021-02-13,Суббота,12:00,91,90,1,178,13,-87,-100
3851,hosp_covid_dis_covid_hours_for,72973,2021-02-13,Суббота,13:00,114,112,2,223,21,-109,-130
3852,hosp_covid_dis_covid_hours_for,72975,2021-02-13,Суббота,14:00,133,129,4,233,27,-100,-127
3853,hosp_covid_dis_covid_hours_for,72977,2021-02-13,Суббота,15:00,157,152,5,257,30,-100,-130
3854,hosp_covid_dis_covid_hours_for,72979,2021-02-13,Суббота,16:00,182,173,9,276,35,-94,-129
3855,hosp_covid_dis_covid_hours_for,72981,2021-02-13,Суббота,17:00,214,202,12,282,36,-68,-104
3856,hosp_covid_dis_covid_hours_for,72983,2021-02-13,Суббота,19:00,262,244,18,293,42,-31,-73
3857,hosp_covid_dis_covid_hours_for,72985,2021-02-13,Суббота,20:00,279,258,21,295,44,-16,-60
3858,hosp_covid_dis_covid_hours_for,72987,2021-02-13,Суббота,21:00,302,278,24,299,44,3,-41
3859,hosp_covid_dis_covid_hours_for,72989,2021-02-13,Суббота,22:00,320,293,27,303,44,17,-27
3860,hosp_covid_dis_covid_hours_for,72995,2021-02-13,Суббота,23:00,339,312,27,304,44,35,-9
3861,hosp_covid_dis_covid_hours_for,72998,2021-02-14,Воскресенье,01:00,10,10,0,2,0,8,8
3862,hosp_covid_dis_covid_hours_for,72999,2021-02-13,Суббота,сутки,362,333,29,306,45,56,11
3863,hosp_covid_dis_covid_hours_for,73001,2021-02-14,Воскресенье,02:00,29,29,0,3,1,26,25
3864,hosp_covid_dis_covid_hours_for,73003,2021-02-14,Воскресенье,03:00,37,37,0,4,1,33,32
3865,hosp_covid_dis_covid_hours_for,73005,2021-02-14,Воскресенье,04:00,44,44,0,5,2,39,37
3866,hosp_covid_dis_covid_hours_for,73007,2021-02-14,Воскресенье,05:00,51,51,0,6,3,45,42
3867,hosp_covid_dis_covid_hours_for,73009,2021-02-14,Воскресенье,06:00,57,57,0,6,3,51,48
3868,hosp_covid_dis_covid_hours_for,73011,2021-02-14,Воскресенье,07:00,61,61,0,13,3,48,45
3869,hosp_covid_dis_covid_hours_for,73013,2021-02-14,Воскресенье,08:00,67,67,0,21,5,46,41
3870,hosp_covid_dis_covid_hours_for,73015,2021-02-14,Воскресенье,09:00,71,71,0,42,9,29,20
3871,hosp_covid_dis_covid_hours_for,73017,2021-02-14,Воскресенье,10:00,76,75,1,64,11,12,1
3872,hosp_covid_dis_covid_hours_for,73019,2021-02-14,Воскресенье,11:00,88,86,2,111,18,-23,-41
3873,hosp_covid_dis_covid_hours_for,73021,2021-02-14,Воскресенье,12:00,103,101,2,134,27,-31,-58
3874,hosp_covid_dis_covid_hours_for,73023,2021-02-14,Воскресенье,13:00,125,121,4,160,35,-35,-70
3875,hosp_covid_dis_covid_hours_for,73025,2021-02-14,Воскресенье,14:00,147,140,7,177,35,-30,-65
3876,hosp_covid_dis_covid_hours_for,73027,2021-02-14,Воскресенье,15:02,161,154,7,185,38,-24,-62
3877,hosp_covid_dis_covid_hours_for,73029,2021-02-14,Воскресенье,16:00,180,172,8,193,39,-13,-52
3878,hosp_covid_dis_covid_hours_for,73031,2021-02-14,Воскресенье,17:00,203,194,9,194,39,9,-30
3879,hosp_covid_dis_covid_hours_for,73033,2021-02-14,Воскресенье,18:00,214,204,10,196,39,18,-21
3880,hosp_covid_dis_covid_hours_for,73035,2021-02-14,Воскресенье,19:00,236,225,11,206,42,30,-12
3881,hosp_covid_dis_covid_hours_for,73037,2021-02-14,Воскресенье,20:00,259,245,14,208,43,51,8
3882,hosp_covid_dis_covid_hours_for,73039,2021-02-14,Воскресенье,21:00,274,260,14,209,44,65,21
3883,hosp_covid_dis_covid_hours_for,73041,2021-02-14,Воскресенье,22:00,283,269,14,213,44,70,26
3884,hosp_covid_dis_covid_hours_for,73047,2021-02-14,Воскресенье,23:00,296,281,15,217,44,79,35
3885,hosp_covid_dis_covid_hours_for,73050,2021-02-15,Понедельник,01:00,8,8,0,8,0,0,0
3886,hosp_covid_dis_covid_hours_for,73051,2021-02-14,Воскресенье,сутки,309,294,15,223,44,86,42
3887,hosp_covid_dis_covid_hours_for,73053,2021-02-15,Понедельник,02:00,13,13,0,9,0,4,4
3888,hosp_covid_dis_covid_hours_for,73055,2021-02-15,Понедельник,03:00,18,18,0,11,0,7,7
3889,hosp_covid_dis_covid_hours_for,73057,2021-02-15,Понедельник,04:00,25,25,0,13,0,12,12
3890,hosp_covid_dis_covid_hours_for,73059,2021-02-15,Понедельник,05:00,29,29,0,16,0,13,13
3891,hosp_covid_dis_covid_hours_for,73061,2021-02-15,Понедельник,06:00,36,36,0,18,0,18,18
3892,hosp_covid_dis_covid_hours_for,73063,2021-02-15,Понедельник,07:00,41,41,0,21,0,20,20
3893,hosp_covid_dis_covid_hours_for,73065,2021-02-15,Понедельник,08:00,43,43,0,26,3,17,14
3894,hosp_covid_dis_covid_hours_for,73067,2021-02-15,Понедельник,09:00,43,43,0,38,4,5,1
3895,hosp_covid_dis_covid_hours_for,73069,2021-02-15,Понедельник,10:00,45,45,0,91,8,-46,-54
3896,hosp_covid_dis_covid_hours_for,73071,2021-02-15,Понедельник,11:00,50,49,1,175,10,-125,-135
3897,hosp_covid_dis_covid_hours_for,73073,2021-02-15,Понедельник,12:00,68,67,1,256,24,-188,-212
3898,hosp_covid_dis_covid_hours_for,73075,2021-02-15,Понедельник,13:00,100,97,3,322,31,-222,-253
3899,hosp_covid_dis_covid_hours_for,73077,2021-02-15,Понедельник,14:00,122,117,5,381,36,-259,-295
3900,hosp_covid_dis_covid_hours_for,73079,2021-02-15,Понедельник,15:00,154,142,12,462,42,-308,-350
3901,hosp_covid_dis_covid_hours_for,73081,2021-02-15,Понедельник,16:00,183,165,18,514,51,-331,-382
3902,hosp_covid_dis_covid_hours_for,73083,2021-02-15,Понедельник,17:00,213,193,20,534,54,-321,-375
3903,hosp_covid_dis_covid_hours_for,73085,2021-02-15,Понедельник,18:00,245,221,24,569,59,-324,-383
3904,hosp_covid_dis_covid_hours_for,73087,2021-02-15,Понедельник,19:00,290,262,28,575,62,-285,-347
3905,hosp_covid_dis_covid_hours_for,73089,2021-02-15,Понедельник,20:00,315,283,32,583,67,-268,-335
3906,hosp_covid_dis_covid_hours_for,73091,2021-02-15,Понедельник,21:00,350,314,36,589,74,-239,-313
3907,hosp_covid_dis_covid_hours_for,73093,2021-02-15,Понедельник,22:00,377,337,40,591,74,-214,-288
3908,hosp_covid_dis_covid_hours_for,73099,2021-02-15,Понедельник,23:00,410,368,42,593,74,-183,-257
3909,hosp_covid_dis_covid_hours_for,73102,2021-02-16,Вторник,01:00,10,10,0,1,0,9,9
3910,hosp_covid_dis_covid_hours_for,73103,2021-02-15,Понедельник,сутки,442,399,43,598,74,-156,-230
3911,hosp_covid_dis_covid_hours_for,73105,2021-02-16,Вторник,02:00,25,25,0,1,0,24,24
3912,hosp_covid_dis_covid_hours_for,73107,2021-02-16,Вторник,03:00,39,39,0,1,0,38,38
3913,hosp_covid_dis_covid_hours_for,73109,2021-02-16,Вторник,04:00,56,56,0,2,0,54,54
3914,hosp_covid_dis_covid_hours_for,73111,2021-02-16,Вторник,05:00,64,64,0,3,0,61,61
3915,hosp_covid_dis_covid_hours_for,73113,2021-02-16,Вторник,06:00,71,71,0,3,0,68,68
3916,hosp_covid_dis_covid_hours_for,73115,2021-02-16,Вторник,07:00,76,76,0,6,1,70,69
3917,hosp_covid_dis_covid_hours_for,73117,2021-02-16,Вторник,08:00,83,83,0,10,5,73,68
3918,hosp_covid_dis_covid_hours_for,73119,2021-02-16,Вторник,09:00,89,89,0,28,9,61,52
3919,hosp_covid_dis_covid_hours_for,73121,2021-02-16,Вторник,10:00,94,93,1,68,11,26,15
3920,hosp_covid_dis_covid_hours_for,73123,2021-02-16,Вторник,11:00,107,105,2,150,11,-43,-54
3921,hosp_covid_dis_covid_hours_for,73125,2021-02-16,Вторник,12:00,124,119,5,237,13,-113,-126
3922,hosp_covid_dis_covid_hours_for,73127,2021-02-16,Вторник,13:00,155,148,7,326,26,-171,-197
3923,hosp_covid_dis_covid_hours_for,73129,2021-02-16,Вторник,14:00,188,177,11,388,30,-200,-230
3924,hosp_covid_dis_covid_hours_for,73131,2021-02-16,Вторник,15:00,215,201,14,432,37,-217,-254
3925,hosp_covid_dis_covid_hours_for,73133,2021-02-16,Вторник,16:00,245,227,18,484,39,-239,-278
3926,hosp_covid_dis_covid_hours_for,73135,2021-02-16,Вторник,17:00,273,250,23,458,38,-185,-223
3927,hosp_covid_dis_covid_hours_for,73137,2021-02-16,Вторник,18:00,306,277,29,479,44,-173,-217
3928,hosp_covid_dis_covid_hours_for,73139,2021-02-16,Вторник,19:00,326,297,29,482,56,-156,-212
3929,hosp_covid_dis_covid_hours_for,73141,2021-02-16,Вторник,20:00,353,320,33,484,60,-131,-191
3930,hosp_covid_dis_covid_hours_for,73143,2021-02-16,Вторник,21:00,372,339,33,486,60,-114,-174
3931,hosp_covid_dis_covid_hours_for,73145,2021-02-16,Вторник,22:00,398,363,35,488,61,-90,-151
3932,hosp_covid_dis_covid_hours_for,73151,2021-02-16,Вторник,23:00,418,380,38,491,61,-73,-134
3933,hosp_covid_dis_covid_hours_for,73154,2021-02-17,Среда,01:00,11,11,0,6,1,5,4
3934,hosp_covid_dis_covid_hours_for,73155,2021-02-16,Вторник,сутки,444,404,40,492,61,-48,-109
3935,hosp_covid_dis_covid_hours_for,73157,2021-02-17,Среда,02:00,33,33,0,10,2,23,21
3936,hosp_covid_dis_covid_hours_for,73159,2021-02-17,Среда,03:00,41,41,0,11,2,30,28
3937,hosp_covid_dis_covid_hours_for,73161,2021-02-17,Среда,04:00,50,49,1,11,2,39,37
3938,hosp_covid_dis_covid_hours_for,73163,2021-02-17,Среда,05:00,54,53,1,12,2,42,40
3939,hosp_covid_dis_covid_hours_for,73165,2021-02-17,Среда,06:00,59,58,1,12,2,47,45
3940,hosp_covid_dis_covid_hours_for,73167,2021-02-17,Среда,07:00,65,64,1,15,3,50,47
3941,hosp_covid_dis_covid_hours_for,73169,2021-02-17,Среда,08:00,66,65,1,18,8,48,40
3942,hosp_covid_dis_covid_hours_for,73171,2021-02-17,Среда,09:00,71,70,1,42,11,29,18
3943,hosp_covid_dis_covid_hours_for,73173,2021-02-17,Среда,10:00,73,71,2,89,12,-16,-28
3944,hosp_covid_dis_covid_hours_for,73175,2021-02-17,Среда,11:00,84,80,4,153,14,-69,-83
3945,hosp_covid_dis_covid_hours_for,73177,2021-02-17,Среда,12:00,103,98,5,245,18,-142,-160
3946,hosp_covid_dis_covid_hours_for,73179,2021-02-17,Среда,13:00,127,117,10,315,30,-188,-218
3947,hosp_covid_dis_covid_hours_for,73181,2021-02-17,Среда,14:00,160,145,15,364,43,-204,-247
3948,hosp_covid_dis_covid_hours_for,73183,2021-02-17,Среда,15:00,192,172,20,398,46,-206,-252
3949,hosp_covid_dis_covid_hours_for,73185,2021-02-17,Среда,16:00,211,186,25,427,47,-216,-263
3950,hosp_covid_dis_covid_hours_for,73187,2021-02-17,Среда,17:00,245,213,32,443,52,-198,-250
3951,hosp_covid_dis_covid_hours_for,73189,2021-02-17,Среда,18:00,282,244,38,450,57,-168,-225
3952,hosp_covid_dis_covid_hours_for,73191,2021-02-17,Среда,19:00,319,276,43,458,65,-139,-204
3953,hosp_covid_dis_covid_hours_for,73193,2021-02-17,Среда,20:00,351,305,46,462,65,-111,-176
3954,hosp_covid_dis_covid_hours_for,73195,2021-02-17,Среда,21:00,383,332,51,469,67,-86,-153
3955,hosp_covid_dis_covid_hours_for,73197,2021-02-17,Среда,22:00,407,354,53,471,67,-64,-131
3956,hosp_covid_dis_covid_hours_for,73203,2021-02-17,Среда,23:00,431,377,54,474,67,-43,-110
3957,hosp_covid_dis_covid_hours_for,73206,2021-02-18,Четверг,01:00,14,14,0,5,0,9,9
3958,hosp_covid_dis_covid_hours_for,73207,2021-02-17,Среда,сутки,445,388,57,479,68,-34,-102
3959,hosp_covid_dis_covid_hours_for,73209,2021-02-18,Четверг,02:00,33,33,0,9,0,24,24
3960,hosp_covid_dis_covid_hours_for,73211,2021-02-18,Четверг,03:00,47,47,0,10,0,37,37
3961,hosp_covid_dis_covid_hours_for,73213,2021-02-18,Четверг,04:00,66,66,0,10,1,56,55
3962,hosp_covid_dis_covid_hours_for,73215,2021-02-18,Четверг,05:00,81,81,0,10,1,71,70
3963,hosp_covid_dis_covid_hours_for,73217,2021-02-18,Четверг,06:00,84,84,0,11,1,73,72
3964,hosp_covid_dis_covid_hours_for,73219,2021-02-18,Четверг,07:00,85,85,0,14,1,71,70
3965,hosp_covid_dis_covid_hours_for,73221,2021-02-18,Четверг,08:00,87,87,0,27,2,60,58
3966,hosp_covid_dis_covid_hours_for,73223,2021-02-18,Четверг,09:00,88,88,0,44,3,44,41
3967,hosp_covid_dis_covid_hours_for,73225,2021-02-18,Четверг,10:00,94,93,1,82,7,12,5
3968,hosp_covid_dis_covid_hours_for,73227,2021-02-18,Четверг,11:00,101,99,2,145,16,-44,-60
3969,hosp_covid_dis_covid_hours_for,73229,2021-02-18,Четверг,12:00,117,114,3,211,20,-94,-114
3970,hosp_covid_dis_covid_hours_for,73231,2021-02-18,Четверг,13:00,141,133,8,293,28,-152,-180
3971,hosp_covid_dis_covid_hours_for,73233,2021-02-18,Четверг,14:00,174,162,12,348,31,-174,-205
3972,hosp_covid_dis_covid_hours_for,73235,2021-02-18,Четверг,15:00,206,188,18,385,35,-179,-214
3973,hosp_covid_dis_covid_hours_for,73237,2021-02-18,Четверг,16:00,227,207,20,415,38,-188,-226
3974,hosp_covid_dis_covid_hours_for,73239,2021-02-18,Четверг,17:00,258,236,22,434,40,-176,-216
3975,hosp_covid_dis_covid_hours_for,73241,2021-02-18,Четверг,18:00,283,257,26,451,42,-168,-210
3976,hosp_covid_dis_covid_hours_for,73243,2021-02-18,Четверг,19:00,303,276,27,459,46,-156,-202
3977,hosp_covid_dis_covid_hours_for,73245,2021-02-18,Четверг,20:00,319,292,27,466,47,-147,-194
3978,hosp_covid_dis_covid_hours_for,73247,2021-02-18,Четверг,21:00,329,299,30,468,48,-139,-187
3979,hosp_covid_dis_covid_hours_for,73249,2021-02-18,Четверг,22:00,335,304,31,468,48,-133,-181
3980,hosp_covid_dis_covid_hours_for,73255,2021-02-18,Четверг,23:00,344,313,31,474,48,-130,-178
3981,hosp_covid_dis_covid_hours_for,73258,2021-02-19,Пятница,01:00,1,1,0,2,0,-1,-1
3982,hosp_covid_dis_covid_hours_for,73259,2021-02-18,Четверг,сутки,346,315,31,477,48,-131,-179
3983,hosp_covid_dis_covid_hours_for,73261,2021-02-19,Пятница,02:00,3,3,0,8,0,-5,-5
3984,hosp_covid_dis_covid_hours_for,73263,2021-02-19,Пятница,03:00,3,3,0,8,0,-5,-5
3985,hosp_covid_dis_covid_hours_for,73265,2021-02-19,Пятница,04:00,3,3,0,8,0,-5,-5
3986,hosp_covid_dis_covid_hours_for,73267,2021-02-19,Пятница,05:00,3,3,0,10,0,-7,-7
3987,hosp_covid_dis_covid_hours_for,73269,2021-02-19,Пятница,06:00,4,4,0,10,0,-6,-6
3988,hosp_covid_dis_covid_hours_for,73271,2021-02-19,Пятница,07:00,4,4,0,14,0,-10,-10
3989,hosp_covid_dis_covid_hours_for,73273,2021-02-19,Пятница,08:00,5,5,0,27,0,-22,-22
3990,hosp_covid_dis_covid_hours_for,73275,2021-02-19,Пятница,09:00,24,24,0,48,3,-24,-27
3991,hosp_covid_dis_covid_hours_for,73277,2021-02-19,Пятница,10:00,48,47,1,107,6,-59,-65
3992,hosp_covid_dis_covid_hours_for,73279,2021-02-19,Пятница,11:00,61,59,2,179,9,-118,-127
3993,hosp_covid_dis_covid_hours_for,73281,2021-02-19,Пятница,12:00,77,72,5,253,22,-176,-198
3994,hosp_covid_dis_covid_hours_for,73283,2021-02-19,Пятница,13:00,105,95,10,328,33,-223,-256
3995,hosp_covid_dis_covid_hours_for,73285,2021-02-19,Пятница,14:00,147,131,16,387,45,-240,-285
3996,hosp_covid_dis_covid_hours_for,73287,2021-02-19,Пятница,15:00,179,161,18,414,46,-235,-281
3997,hosp_covid_dis_covid_hours_for,73289,2021-02-19,Пятница,16:00,211,189,22,451,49,-240,-289
3998,hosp_covid_dis_covid_hours_for,73291,2021-02-19,Пятница,17:00,243,213,30,466,51,-223,-274
3999,hosp_covid_dis_covid_hours_for,73293,2021-02-19,Пятница,18:00,276,239,37,486,56,-210,-266
4000,hosp_covid_dis_covid_hours_for,73295,2021-02-19,Пятница,19:00,314,271,43,490,65,-176,-241
4001,hosp_covid_dis_covid_hours_for,73297,2021-02-19,Пятница,20:00,342,298,44,494,68,-152,-220
4002,hosp_covid_dis_covid_hours_for,73299,2021-02-19,Пятница,21:00,378,329,49,496,69,-118,-187
4003,hosp_covid_dis_covid_hours_for,73301,2021-02-19,Пятница,22:00,400,348,52,497,70,-97,-167
4004,hosp_covid_dis_covid_hours_for,73307,2021-02-19,Пятница,23:00,418,366,52,498,70,-80,-150
4005,hosp_covid_dis_covid_hours_for,73310,2021-02-20,Суббота,01:00,8,8,0,0,0,8,8
4006,hosp_covid_dis_covid_hours_for,73311,2021-02-19,Пятница,сутки,444,390,54,500,71,-56,-127
4007,hosp_covid_dis_covid_hours_for,73313,2021-02-20,Суббота,02:00,27,27,0,0,0,27,27
4008,hosp_covid_dis_covid_hours_for,73315,2021-02-20,Суббота,03:00,45,45,0,3,1,42,41
4009,hosp_covid_dis_covid_hours_for,73317,2021-02-20,Суббота,04:00,55,55,0,5,1,50,49
4010,hosp_covid_dis_covid_hours_for,73319,2021-02-20,Суббота,05:00,61,61,0,5,1,56,55
4011,hosp_covid_dis_covid_hours_for,73321,2021-02-20,Суббота,06:00,67,67,0,7,1,60,59
4012,hosp_covid_dis_covid_hours_for,73323,2021-02-20,Суббота,07:00,69,69,0,8,1,61,60
4013,hosp_covid_dis_covid_hours_for,73325,2021-02-20,Суббота,08:00,73,73,0,11,1,62,61
4014,hosp_covid_dis_covid_hours_for,73327,2021-02-20,Суббота,09:00,80,80,0,40,4,40,36
4015,hosp_covid_dis_covid_hours_for,73329,2021-02-20,Суббота,10:00,84,83,1,88,8,-4,-12
4016,hosp_covid_dis_covid_hours_for,73331,2021-02-20,Суббота,11:00,93,89,4,150,19,-57,-76
4017,hosp_covid_dis_covid_hours_for,73333,2021-02-20,Суббота,12:00,106,102,4,238,25,-132,-157
4018,hosp_covid_dis_covid_hours_for,73335,2021-02-20,Суббота,13:00,130,121,9,286,36,-156,-192
4019,hosp_covid_dis_covid_hours_for,73337,2021-02-20,Суббота,14:00,159,147,12,337,40,-178,-218
4020,hosp_covid_dis_covid_hours_for,73339,2021-02-20,Суббота,15:00,186,171,15,403,42,-217,-259
4021,hosp_covid_dis_covid_hours_for,73341,2021-02-20,Суббота,16:00,212,194,18,433,44,-221,-265
4022,hosp_covid_dis_covid_hours_for,73343,2021-02-20,Суббота,17:00,245,222,23,461,48,-216,-264
4023,hosp_covid_dis_covid_hours_for,73345,2021-02-20,Суббота,18:00,278,246,32,474,55,-196,-251
4024,hosp_covid_dis_covid_hours_for,73347,2021-02-20,Суббота,19:00,297,262,35,504,65,-207,-272
4025,hosp_covid_dis_covid_hours_for,73349,2021-02-20,Суббота,20:00,319,284,35,486,58,-167,-225
4026,hosp_covid_dis_covid_hours_for,73351,2021-02-20,Суббота,21:00,338,300,38,467,32,-129,-161
4027,hosp_covid_dis_covid_hours_for,73353,2021-02-20,Суббота,22:00,359,318,41,468,32,-109,-141
4028,hosp_covid_dis_covid_hours_for,73359,2021-02-20,Суббота,23:00,374,333,41,468,32,-94,-126
4029,hosp_covid_dis_covid_hours_for,73362,2021-02-21,Воскресенье,01:00,9,9,0,5,0,4,4
4030,hosp_covid_dis_covid_hours_for,73363,2021-02-20,Суббота,сутки,397,355,42,470,32,-73,-105
4031,hosp_covid_dis_covid_hours_for,73365,2021-02-21,Воскресенье,02:00,27,25,2,9,0,18,18
4032,hosp_covid_dis_covid_hours_for,73367,2021-02-21,Воскресенье,03:00,42,40,2,11,0,31,31
4033,hosp_covid_dis_covid_hours_for,73369,2021-02-21,Воскресенье,04:00,47,45,2,13,1,34,33
4034,hosp_covid_dis_covid_hours_for,73371,2021-02-21,Воскресенье,05:00,50,48,2,13,1,37,36
4035,hosp_covid_dis_covid_hours_for,73373,2021-02-21,Воскресенье,06:00,55,53,2,14,1,41,40
4036,hosp_covid_dis_covid_hours_for,73375,2021-02-21,Воскресенье,07:00,55,53,2,15,3,40,37
4037,hosp_covid_dis_covid_hours_for,73377,2021-02-21,Воскресенье,08:00,57,55,2,17,4,40,36
4038,hosp_covid_dis_covid_hours_for,73379,2021-02-21,Воскресенье,09:00,57,55,2,21,7,36,29
4039,hosp_covid_dis_covid_hours_for,73381,2021-02-21,Воскресенье,10:00,60,58,2,51,7,9,2
4040,hosp_covid_dis_covid_hours_for,73383,2021-02-21,Воскресенье,11:00,63,60,3,74,7,-11,-18
4041,hosp_covid_dis_covid_hours_for,73385,2021-02-21,Воскресенье,12:00,79,76,3,116,12,-37,-49
4042,hosp_covid_dis_covid_hours_for,73387,2021-02-21,Воскресенье,13:00,101,96,5,158,19,-57,-76
4043,hosp_covid_dis_covid_hours_for,73389,2021-02-21,Воскресенье,14:00,126,121,5,182,20,-56,-76
4044,hosp_covid_dis_covid_hours_for,73391,2021-02-21,Воскресенье,15:00,151,145,6,193,21,-42,-63
4045,hosp_covid_dis_covid_hours_for,73393,2021-02-21,Воскресенье,16:00,170,161,9,203,23,-33,-56
4046,hosp_covid_dis_covid_hours_for,73395,2021-02-21,Воскресенье,17:00,193,180,13,212,23,-19,-42
4047,hosp_covid_dis_covid_hours_for,73397,2021-02-21,Воскресенье,18:00,217,203,14,221,23,-4,-27
4048,hosp_covid_dis_covid_hours_for,73399,2021-02-21,Воскресенье,19:00,237,221,16,230,23,7,-16
4049,hosp_covid_dis_covid_hours_for,73401,2021-02-21,Воскресенье,20:00,264,248,16,235,23,29,6
4050,hosp_covid_dis_covid_hours_for,73403,2021-02-21,Воскресенье,21:00,281,262,19,238,23,43,20
4051,hosp_covid_dis_covid_hours_for,73405,2021-02-21,Воскресенье,22:00,304,281,23,239,23,65,42
4052,hosp_covid_dis_covid_hours_for,73411,2021-02-21,Воскресенье,23:00,318,294,24,246,23,72,49
4053,hosp_covid_dis_covid_hours_for,73414,2021-02-22,Понедельник,01:00,9,9,0,0,0,9,9
4054,hosp_covid_dis_covid_hours_for,73415,2021-02-21,Воскресенье,сутки,329,304,25,248,23,81,58
4055,hosp_covid_dis_covid_hours_for,73417,2021-02-22,Понедельник,02:00,15,15,0,0,0,15,15
4056,hosp_covid_dis_covid_hours_for,73419,2021-02-22,Понедельник,03:00,26,26,0,0,0,26,26
4057,hosp_covid_dis_covid_hours_for,73421,2021-02-22,Понедельник,04:00,30,30,0,5,0,25,25
4058,hosp_covid_dis_covid_hours_for,73423,2021-02-22,Понедельник,05:00,32,32,0,6,0,26,26
4059,hosp_covid_dis_covid_hours_for,73425,2021-02-22,Понедельник,06:00,33,33,0,7,0,26,26
4060,hosp_covid_dis_covid_hours_for,73427,2021-02-22,Понедельник,07:00,33,33,0,8,0,25,25
4061,hosp_covid_dis_covid_hours_for,73429,2021-02-22,Понедельник,08:00,37,37,0,15,3,22,19
4062,hosp_covid_dis_covid_hours_for,73431,2021-02-22,Понедельник,09:00,38,38,0,29,3,9,6
4063,hosp_covid_dis_covid_hours_for,73433,2021-02-22,Понедельник,10:00,39,39,0,52,8,-13,-21
4064,hosp_covid_dis_covid_hours_for,73435,2021-02-22,Понедельник,11:00,48,48,0,80,8,-32,-40
4065,hosp_covid_dis_covid_hours_for,73437,2021-02-22,Понедельник,12:00,63,63,0,116,21,-53,-74
4066,hosp_covid_dis_covid_hours_for,73439,2021-02-22,Понедельник,13:00,87,87,0,142,21,-55,-76
4067,hosp_covid_dis_covid_hours_for,73441,2021-02-22,Понедельник,14:00,106,104,2,165,21,-59,-80
4068,hosp_covid_dis_covid_hours_for,73443,2021-02-22,Понедельник,15:00,127,123,4,175,21,-48,-69
4069,hosp_covid_dis_covid_hours_for,73445,2021-02-22,Понедельник,16:00,155,148,7,184,21,-29,-50
4070,hosp_covid_dis_covid_hours_for,73447,2021-02-22,Понедельник,17:00,183,171,12,192,23,-9,-32
4071,hosp_covid_dis_covid_hours_for,73449,2021-02-22,Понедельник,18:00,208,192,16,198,24,10,-14
4072,hosp_covid_dis_covid_hours_for,73451,2021-02-22,Понедельник,19:00,223,207,16,202,25,21,-4
4073,hosp_covid_dis_covid_hours_for,73453,2021-02-22,Понедельник,20:00,240,222,18,205,26,35,9
4074,hosp_covid_dis_covid_hours_for,73455,2021-02-22,Понедельник,21:00,264,245,19,208,29,56,27
4075,hosp_covid_dis_covid_hours_for,73457,2021-02-22,Понедельник,22:00,281,262,19,209,30,72,42
4076,hosp_covid_dis_covid_hours_for,73463,2021-02-22,Понедельник,23:00,292,272,20,216,30,76,46
4077,hosp_covid_dis_covid_hours_for,73466,2021-02-23,Вторник,01:00,11,11,0,2,1,9,8
4078,hosp_covid_dis_covid_hours_for,73467,2021-02-22,Понедельник,сутки,301,281,20,220,30,81,51
4079,hosp_covid_dis_covid_hours_for,73469,2021-02-23,Вторник,02:00,30,29,1,4,1,26,25
4080,hosp_covid_dis_covid_hours_for,73471,2021-02-23,Вторник,03:00,41,40,1,5,1,36,35
4081,hosp_covid_dis_covid_hours_for,73473,2021-02-23,Вторник,04:00,45,44,1,6,2,39,37
4082,hosp_covid_dis_covid_hours_for,73475,2021-02-23,Вторник,05:00,47,46,1,6,2,41,39
4083,hosp_covid_dis_covid_hours_for,73477,2021-02-23,Вторник,06:00,47,46,1,7,2,40,38
4084,hosp_covid_dis_covid_hours_for,73479,2021-02-23,Вторник,07:00,50,49,1,13,2,37,35
4085,hosp_covid_dis_covid_hours_for,73481,2021-02-23,Вторник,08:00,53,52,1,17,4,36,32
4086,hosp_covid_dis_covid_hours_for,73483,2021-02-23,Вторник,09:00,58,56,2,26,7,32,25
4087,hosp_covid_dis_covid_hours_for,73485,2021-02-23,Вторник,10:00,61,57,4,60,8,1,-7
4088,hosp_covid_dis_covid_hours_for,73487,2021-02-23,Вторник,11:00,67,62,5,102,10,-35,-45
4089,hosp_covid_dis_covid_hours_for,73489,2021-02-23,Вторник,12:00,84,77,7,140,23,-56,-79
4090,hosp_covid_dis_covid_hours_for,73491,2021-02-23,Вторник,13:00,101,92,9,164,27,-63,-90
4091,hosp_covid_dis_covid_hours_for,73493,2021-02-23,Вторник,14:00,123,113,10,181,31,-58,-89
4092,hosp_covid_dis_covid_hours_for,73495,2021-02-23,Вторник,15:00,142,129,13,187,33,-45,-78
4093,hosp_covid_dis_covid_hours_for,73497,2021-02-23,Вторник,16:00,160,144,16,194,37,-34,-71
4094,hosp_covid_dis_covid_hours_for,73499,2021-02-23,Вторник,17:00,183,167,16,197,42,-14,-56
4095,hosp_covid_dis_covid_hours_for,73501,2021-02-23,Вторник,18:00,212,194,18,210,43,2,-41
4096,hosp_covid_dis_covid_hours_for,73503,2021-02-23,Вторник,19:00,234,216,18,213,46,21,-25
4097,hosp_covid_dis_covid_hours_for,73505,2021-02-23,Вторник,20:00,261,242,19,218,44,43,-1
4098,hosp_covid_dis_covid_hours_for,73507,2021-02-23,Вторник,21:00,276,257,19,220,45,56,11
4099,hosp_covid_dis_covid_hours_for,73509,2021-02-23,Вторник,22:00,297,277,20,221,46,76,30
4100,hosp_covid_dis_covid_hours_for,73515,2021-02-23,Вторник,23:00,315,295,20,222,46,93,47
4101,hosp_covid_dis_covid_hours_for,73518,2021-02-24,Среда,01:00,8,8,0,5,0,3,3
4102,hosp_covid_dis_covid_hours_for,73519,2021-02-23,Вторник,сутки,327,304,23,226,46,101,55
4103,hosp_covid_dis_covid_hours_for,73521,2021-02-24,Среда,02:00,16,16,0,5,0,11,11
4104,hosp_covid_dis_covid_hours_for,73523,2021-02-24,Среда,03:00,20,20,0,6,2,14,12
4105,hosp_covid_dis_covid_hours_for,73525,2021-02-24,Среда,04:00,22,22,0,6,2,16,14
4106,hosp_covid_dis_covid_hours_for,73527,2021-02-24,Среда,05:00,26,26,0,6,3,20,17
4107,hosp_covid_dis_covid_hours_for,73529,2021-02-24,Среда,06:00,28,28,0,6,3,22,19
4108,hosp_covid_dis_covid_hours_for,73531,2021-02-24,Среда,07:00,30,30,0,12,3,18,15
4109,hosp_covid_dis_covid_hours_for,73533,2021-02-24,Среда,08:00,31,31,0,18,4,13,9
4110,hosp_covid_dis_covid_hours_for,73535,2021-02-24,Среда,09:00,35,35,0,41,6,-6,-12
4111,hosp_covid_dis_covid_hours_for,73537,2021-02-24,Среда,10:00,40,39,1,71,8,-31,-39
4112,hosp_covid_dis_covid_hours_for,73539,2021-02-24,Среда,11:00,44,42,2,126,10,-82,-92
4113,hosp_covid_dis_covid_hours_for,73541,2021-02-24,Среда,12:00,56,53,3,185,17,-129,-146
4114,hosp_covid_dis_covid_hours_for,73543,2021-02-24,Среда,13:00,73,69,4,271,19,-198,-217
4115,hosp_covid_dis_covid_hours_for,73545,2021-02-24,Среда,14:00,100,90,10,335,29,-235,-264
4116,hosp_covid_dis_covid_hours_for,73547,2021-02-24,Среда,15:00,126,113,13,379,33,-253,-286
4117,hosp_covid_dis_covid_hours_for,73549,2021-02-24,Среда,16:00,146,129,17,419,34,-273,-307
4118,hosp_covid_dis_covid_hours_for,73551,2021-02-24,Среда,17:00,172,150,22,439,36,-267,-303
4119,hosp_covid_dis_covid_hours_for,73553,2021-02-24,Среда,18:00,206,180,26,455,38,-249,-287
4120,hosp_covid_dis_covid_hours_for,73555,2021-02-24,Среда,19:00,238,211,27,562,40,-324,-364
4121,hosp_covid_dis_covid_hours_for,73557,2021-02-24,Среда,20:00,276,242,34,581,44,-305,-349
4122,hosp_covid_dis_covid_hours_for,73559,2021-02-24,Среда,21:00,310,275,35,583,44,-273,-317
4123,hosp_covid_dis_covid_hours_for,73561,2021-02-24,Среда,22:00,339,303,36,583,44,-244,-288
4124,hosp_covid_dis_covid_hours_for,73567,2021-02-24,Среда,23:00,374,334,40,587,43,-213,-256
4125,hosp_covid_dis_covid_hours_for,73570,2021-02-25,Четверг,01:00,8,8,0,7,0,1,1
4126,hosp_covid_dis_covid_hours_for,73571,2021-02-24,Среда,сутки,395,354,41,588,43,-193,-236
4127,hosp_covid_dis_covid_hours_for,73573,2021-02-25,Четверг,02:00,28,28,0,7,0,21,21
4128,hosp_covid_dis_covid_hours_for,73575,2021-02-25,Четверг,03:00,42,42,0,10,0,32,32
4129,hosp_covid_dis_covid_hours_for,73577,2021-02-25,Четверг,04:00,50,50,0,10,1,40,39
4130,hosp_covid_dis_covid_hours_for,73579,2021-02-25,Четверг,05:00,52,52,0,10,1,42,41
4131,hosp_covid_dis_covid_hours_for,73581,2021-02-25,Четверг,06:00,60,60,0,12,1,48,47
4132,hosp_covid_dis_covid_hours_for,73583,2021-02-25,Четверг,07:00,63,63,0,13,1,50,49
4133,hosp_covid_dis_covid_hours_for,73585,2021-02-25,Четверг,08:00,66,66,0,20,4,46,42
4134,hosp_covid_dis_covid_hours_for,73587,2021-02-25,Четверг,09:00,68,68,0,40,3,28,25
4135,hosp_covid_dis_covid_hours_for,73589,2021-02-25,Четверг,10:00,71,71,0,85,5,-14,-19
4136,hosp_covid_dis_covid_hours_for,73591,2021-02-25,Четверг,11:00,74,74,0,164,5,-90,-95
4137,hosp_covid_dis_covid_hours_for,73593,2021-02-25,Четверг,12:00,86,85,1,250,7,-164,-171
4138,hosp_covid_dis_covid_hours_for,73595,2021-02-25,Четверг,13:00,103,102,1,353,18,-250,-268
4139,hosp_covid_dis_covid_hours_for,73597,2021-02-25,Четверг,14:00,128,126,2,416,28,-288,-316
4140,hosp_covid_dis_covid_hours_for,73599,2021-02-25,Четверг,15:00,161,153,8,480,30,-319,-349
4141,hosp_covid_dis_covid_hours_for,73601,2021-02-25,Четверг,16:00,200,187,13,515,32,-315,-347
4142,hosp_covid_dis_covid_hours_for,73603,2021-02-25,Четверг,17:00,225,209,16,536,32,-311,-343
4143,hosp_covid_dis_covid_hours_for,73605,2021-02-25,Четверг,18:00,253,230,23,558,34,-305,-339
4144,hosp_covid_dis_covid_hours_for,73607,2021-02-25,Четверг,19:00,283,253,30,569,34,-286,-320
4145,hosp_covid_dis_covid_hours_for,73609,2021-02-25,Четверг,20:00,315,280,35,571,41,-256,-297
4146,hosp_covid_dis_covid_hours_for,73611,2021-02-25,Четверг,21:00,345,306,39,574,41,-229,-270
4147,hosp_covid_dis_covid_hours_for,73613,2021-02-25,Четверг,22:00,368,325,43,575,43,-207,-250
4148,hosp_covid_dis_covid_hours_for,73619,2021-02-25,Четверг,23:00,384,340,44,577,43,-193,-236
4149,hosp_covid_dis_covid_hours_for,73622,2021-02-26,Пятница,01:00,9,9,0,8,0,1,1
4150,hosp_covid_dis_covid_hours_for,73623,2021-02-25,Четверг,сутки,408,363,45,583,44,-175,-219
4151,hosp_covid_dis_covid_hours_for,73625,2021-02-26,Пятница,02:00,24,24,0,8,0,16,16
4152,hosp_covid_dis_covid_hours_for,73627,2021-02-26,Пятница,03:00,43,43,0,13,1,30,29
4153,hosp_covid_dis_covid_hours_for,73629,2021-02-26,Пятница,04:00,54,54,0,17,1,37,36
4154,hosp_covid_dis_covid_hours_for,73631,2021-02-26,Пятница,05:00,60,60,0,19,1,41,40
4155,hosp_covid_dis_covid_hours_for,73633,2021-02-26,Пятница,06:00,64,64,0,20,1,44,43
4156,hosp_covid_dis_covid_hours_for,73635,2021-02-26,Пятница,07:00,68,68,0,20,1,48,47
4157,hosp_covid_dis_covid_hours_for,73637,2021-02-26,Пятница,08:00,71,71,0,31,5,40,35
4158,hosp_covid_dis_covid_hours_for,73639,2021-02-26,Пятница,09:00,71,71,0,52,5,19,14
4159,hosp_covid_dis_covid_hours_for,73641,2021-02-26,Пятница,10:00,74,74,0,92,6,-18,-24
4160,hosp_covid_dis_covid_hours_for,73643,2021-02-26,Пятница,11:00,83,82,1,203,7,-120,-127
4161,hosp_covid_dis_covid_hours_for,73645,2021-02-26,Пятница,12:00,94,92,2,298,16,-204,-220
4162,hosp_covid_dis_covid_hours_for,73647,2021-02-26,Пятница,13:00,117,115,2,386,19,-269,-288
4163,hosp_covid_dis_covid_hours_for,73649,2021-02-26,Пятница,14:00,144,140,4,473,20,-329,-349
4164,hosp_covid_dis_covid_hours_for,73651,2021-02-26,Пятница,15:00,179,168,11,517,24,-338,-362
4165,hosp_covid_dis_covid_hours_for,73653,2021-02-26,Пятница,16:00,195,178,17,550,24,-355,-379
4166,hosp_covid_dis_covid_hours_for,73655,2021-02-26,Пятница,17:00,226,203,23,581,27,-355,-382
4167,hosp_covid_dis_covid_hours_for,73657,2021-02-26,Пятница,19:00,295,261,34,607,27,-312,-339
4168,hosp_covid_dis_covid_hours_for,73659,2021-02-26,Пятница,20:00,323,281,42,619,27,-296,-323
4169,hosp_covid_dis_covid_hours_for,73661,2021-02-26,Пятница,21:00,349,302,47,622,27,-273,-300
4170,hosp_covid_dis_covid_hours_for,73663,2021-02-26,Пятница,22:00,369,321,48,622,30,-253,-283
4171,hosp_covid_dis_covid_hours_for,73669,2021-02-26,Пятница,23:00,389,339,50,626,30,-237,-267
4172,hosp_covid_dis_covid_hours_for,73672,2021-02-27,Суббота,01:00,13,13,0,1,1,12,11
4173,hosp_covid_dis_covid_hours_for,73673,2021-02-26,Пятница,сутки,419,368,51,629,31,-210,-241
4174,hosp_covid_dis_covid_hours_for,73675,2021-02-27,Суббота,02:00,23,23,0,1,1,22,21
4175,hosp_covid_dis_covid_hours_for,73677,2021-02-27,Суббота,03:00,35,35,0,1,1,34,33
4176,hosp_covid_dis_covid_hours_for,73679,2021-02-27,Суббота,04:00,52,52,0,1,1,51,50
4177,hosp_covid_dis_covid_hours_for,73681,2021-02-27,Суббота,05:00,52,52,0,1,1,51,50
4178,hosp_covid_dis_covid_hours_for,73683,2021-02-27,Суббота,06:00,55,55,0,1,1,54,53
4179,hosp_covid_dis_covid_hours_for,73685,2021-02-27,Суббота,07:00,56,56,0,4,2,52,50
4180,hosp_covid_dis_covid_hours_for,73687,2021-02-27,Суббота,08:00,58,58,0,13,4,45,41
4181,hosp_covid_dis_covid_hours_for,73689,2021-02-27,Суббота,09:00,59,59,0,32,6,27,21
4182,hosp_covid_dis_covid_hours_for,73691,2021-02-27,Суббота,10:00,64,64,0,70,8,-6,-14
4183,hosp_covid_dis_covid_hours_for,73693,2021-02-27,Суббота,11:00,71,71,0,140,13,-69,-82
4184,hosp_covid_dis_covid_hours_for,73695,2021-02-27,Суббота,12:00,93,91,2,196,15,-103,-118
4185,hosp_covid_dis_covid_hours_for,73697,2021-02-27,Суббота,13:00,115,112,3,230,25,-115,-140
4186,hosp_covid_dis_covid_hours_for,73699,2021-02-27,Суббота,14:00,141,137,4,262,31,-121,-152
4187,hosp_covid_dis_covid_hours_for,73701,2021-02-27,Суббота,15:00,161,155,6,281,31,-120,-151
4188,hosp_covid_dis_covid_hours_for,73703,2021-02-27,Суббота,16:00,184,173,11,293,34,-109,-143
4189,hosp_covid_dis_covid_hours_for,73705,2021-02-27,Суббота,17:00,210,197,13,299,37,-89,-126
4190,hosp_covid_dis_covid_hours_for,73707,2021-02-27,Суббота,18:00,241,223,18,316,39,-75,-114
4191,hosp_covid_dis_covid_hours_for,73709,2021-02-27,Суббота,19:00,276,258,18,326,40,-50,-90
4192,hosp_covid_dis_covid_hours_for,73711,2021-02-27,Суббота,20:00,299,278,21,334,40,-35,-75
4193,hosp_covid_dis_covid_hours_for,73713,2021-02-27,Суббота,21:00,313,290,23,334,40,-21,-61
4194,hosp_covid_dis_covid_hours_for,73715,2021-02-27,Суббота,22:00,334,308,26,335,40,-1,-41
4195,hosp_covid_dis_covid_hours_for,73721,2021-02-27,Суббота,23:00,348,321,27,340,42,8,-34
4196,hosp_covid_dis_covid_hours_for,73724,2021-02-28,Воскресенье,01:00,3,3,0,2,0,1,1
4197,hosp_covid_dis_covid_hours_for,73725,2021-02-27,Суббота,сутки,369,342,27,342,42,27,-15
4198,hosp_covid_dis_covid_hours_for,73727,2021-02-28,Воскресенье,02:00,16,16,0,5,0,11,11
4199,hosp_covid_dis_covid_hours_for,73729,2021-02-28,Воскресенье,03:00,24,24,0,6,1,18,17
4200,hosp_covid_dis_covid_hours_for,73731,2021-02-28,Воскресенье,04:00,29,29,0,6,1,23,22
4201,hosp_covid_dis_covid_hours_for,73733,2021-02-28,Воскресенье,05:00,32,32,0,6,1,26,25
4202,hosp_covid_dis_covid_hours_for,73735,2021-02-28,Воскресенье,06:00,32,32,0,7,1,25,24
4203,hosp_covid_dis_covid_hours_for,73737,2021-02-28,Воскресенье,07:00,33,33,0,13,1,20,19
4204,hosp_covid_dis_covid_hours_for,73739,2021-02-28,Воскресенье,08:00,35,35,0,24,1,11,10
4205,hosp_covid_dis_covid_hours_for,73741,2021-02-28,Воскресенье,09:00,39,39,0,38,2,1,-1
4206,hosp_covid_dis_covid_hours_for,73743,2021-02-28,Воскресенье,10:00,39,39,0,66,7,-27,-34
4207,hosp_covid_dis_covid_hours_for,73745,2021-02-28,Воскресенье,11:00,44,44,0,100,11,-56,-67
4208,hosp_covid_dis_covid_hours_for,73747,2021-02-28,Воскресенье,12:00,51,50,1,138,20,-87,-107
4209,hosp_covid_dis_covid_hours_for,73749,2021-02-28,Воскресенье,13:00,71,66,5,169,25,-98,-123
4210,hosp_covid_dis_covid_hours_for,73751,2021-02-28,Воскресенье,14:00,86,80,6,202,26,-116,-142
4211,hosp_covid_dis_covid_hours_for,73753,2021-02-28,Воскресенье,15:00,102,94,8,210,29,-108,-137
4212,hosp_covid_dis_covid_hours_for,73755,2021-02-28,Воскресенье,16:00,119,109,10,226,30,-107,-137
4213,hosp_covid_dis_covid_hours_for,73757,2021-02-28,Воскресенье,17:00,130,120,10,235,30,-105,-135
4214,hosp_covid_dis_covid_hours_for,73759,2021-02-28,Воскресенье,18:00,145,132,13,239,35,-94,-129
4215,hosp_covid_dis_covid_hours_for,73761,2021-02-28,Воскресенье,19:00,162,147,15,240,37,-78,-115
4216,hosp_covid_dis_covid_hours_for,73763,2021-02-28,Воскресенье,20:00,188,169,19,251,37,-63,-100
4217,hosp_covid_dis_covid_hours_for,73765,2021-02-28,Воскресенье,21:00,198,179,19,253,37,-55,-92
4218,hosp_covid_dis_covid_hours_for,73767,2021-02-28,Воскресенье,22:00,207,188,19,257,37,-50,-87
4219,hosp_covid_dis_covid_hours_for,73773,2021-02-28,Воскресенье,23:00,213,193,20,257,37,-44,-81
4220,hosp_covid_dis_covid_hours_for,73776,2021-03-01,Понедельник,01:00,6,6,0,14,0,-8,-8
4221,hosp_covid_dis_covid_hours_for,73777,2021-02-28,Воскресенье,сутки,223,203,20,259,38,-36,-74
4222,hosp_covid_dis_covid_hours_for,73779,2021-03-01,Понедельник,02:00,15,15,0,16,0,-1,-1
4223,hosp_covid_dis_covid_hours_for,73781,2021-03-01,Понедельник,03:00,19,19,0,17,0,2,2
4224,hosp_covid_dis_covid_hours_for,73783,2021-03-01,Понедельник,04:00,25,25,0,17,0,8,8
4225,hosp_covid_dis_covid_hours_for,73785,2021-03-01,Понедельник,05:00,29,29,0,18,0,11,11
4226,hosp_covid_dis_covid_hours_for,73787,2021-03-01,Понедельник,06:00,30,30,0,18,0,12,12
4227,hosp_covid_dis_covid_hours_for,73789,2021-03-01,Понедельник,07:00,34,34,0,26,0,8,8
4228,hosp_covid_dis_covid_hours_for,73791,2021-03-01,Понедельник,08:00,36,35,1,32,0,4,4
4229,hosp_covid_dis_covid_hours_for,73793,2021-03-01,Понедельник,09:00,36,35,1,47,3,-11,-14
4230,hosp_covid_dis_covid_hours_for,73795,2021-03-01,Понедельник,10:00,44,43,1,76,4,-32,-36
4231,hosp_covid_dis_covid_hours_for,73797,2021-03-01,Понедельник,11:00,58,56,2,128,5,-70,-75
4232,hosp_covid_dis_covid_hours_for,73799,2021-03-01,Понедельник,12:00,75,70,5,229,9,-154,-163
4233,hosp_covid_dis_covid_hours_for,73801,2021-03-01,Понедельник,13:00,113,102,11,340,12,-227,-239
4234,hosp_covid_dis_covid_hours_for,73803,2021-03-01,Понедельник,14:00,135,120,15,388,12,-253,-265
4235,hosp_covid_dis_covid_hours_for,73805,2021-03-01,Понедельник,15:00,159,143,16,440,15,-281,-296
4236,hosp_covid_dis_covid_hours_for,73807,2021-03-01,Понедельник,16:00,178,156,22,490,19,-312,-331
4237,hosp_covid_dis_covid_hours_for,73809,2021-03-01,Понедельник,17:00,212,180,32,509,19,-297,-316
4238,hosp_covid_dis_covid_hours_for,73811,2021-03-01,Понедельник,18:00,246,211,35,535,25,-289,-314
4239,hosp_covid_dis_covid_hours_for,73813,2021-03-01,Понедельник,19:00,291,250,41,556,26,-265,-291
4240,hosp_covid_dis_covid_hours_for,73815,2021-03-01,Понедельник,20:00,329,282,47,564,27,-235,-262
4241,hosp_covid_dis_covid_hours_for,73817,2021-03-01,Понедельник,21:00,362,312,50,565,29,-203,-232
4242,hosp_covid_dis_covid_hours_for,73819,2021-03-01,Понедельник,22:00,393,339,54,565,30,-172,-202
4243,hosp_covid_dis_covid_hours_for,73831,2021-03-01,Понедельник,23:00,422,365,57,566,30,-143,-173
4244,hosp_covid_dis_covid_hours_for,73834,2021-03-02,Вторник,01:00,11,11,0,5,0,6,6
4245,hosp_covid_dis_covid_hours_for,73835,2021-03-01,Понедельник,сутки,448,391,57,566,31,-118,-149
4246,hosp_covid_dis_covid_hours_for,73837,2021-03-02,Вторник,02:00,26,26,0,6,0,20,20
4247,hosp_covid_dis_covid_hours_for,73839,2021-03-02,Вторник,03:00,40,40,0,7,0,33,33
4248,hosp_covid_dis_covid_hours_for,73841,2021-03-02,Вторник,04:00,54,54,0,8,0,46,46
4249,hosp_covid_dis_covid_hours_for,73843,2021-03-02,Вторник,05:00,68,68,0,8,0,60,60
4250,hosp_covid_dis_covid_hours_for,73845,2021-03-02,Вторник,06:00,75,75,0,9,0,66,66
4251,hosp_covid_dis_covid_hours_for,73847,2021-03-02,Вторник,07:00,78,78,0,20,0,58,58
4252,hosp_covid_dis_covid_hours_for,73849,2021-03-02,Вторник,08:00,81,81,0,27,2,54,52
4253,hosp_covid_dis_covid_hours_for,73851,2021-03-02,Вторник,09:00,83,83,0,47,5,36,31
4254,hosp_covid_dis_covid_hours_for,73853,2021-03-02,Вторник,10:00,85,85,0,86,5,-1,-6
4255,hosp_covid_dis_covid_hours_for,73855,2021-03-02,Вторник,11:00,91,91,0,153,14,-62,-76
4256,hosp_covid_dis_covid_hours_for,73857,2021-03-02,Вторник,12:00,109,108,1,210,17,-101,-118
4257,hosp_covid_dis_covid_hours_for,73859,2021-03-02,Вторник,13:00,129,127,2,278,30,-149,-179
4258,hosp_covid_dis_covid_hours_for,73861,2021-03-02,Вторник,14:00,155,149,6,322,35,-167,-202
4259,hosp_covid_dis_covid_hours_for,73863,2021-03-02,Вторник,15:00,197,186,11,366,35,-169,-204
4260,hosp_covid_dis_covid_hours_for,73865,2021-03-02,Вторник,16:00,225,210,15,416,36,-191,-227
4261,hosp_covid_dis_covid_hours_for,73867,2021-03-02,Вторник,17:00,264,240,24,433,36,-169,-205
4262,hosp_covid_dis_covid_hours_for,73869,2021-03-02,Вторник,18:00,297,269,28,447,36,-150,-186
4263,hosp_covid_dis_covid_hours_for,73871,2021-03-02,Вторник,19:00,335,297,38,449,44,-114,-158
4264,hosp_covid_dis_covid_hours_for,73873,2021-03-02,Вторник,20:00,360,323,37,457,45,-97,-142
4265,hosp_covid_dis_covid_hours_for,73875,2021-03-02,Вторник,21:00,384,346,38,463,45,-79,-124
4266,hosp_covid_dis_covid_hours_for,73877,2021-03-02,Вторник,22:00,404,366,38,470,45,-66,-111
4267,hosp_covid_dis_covid_hours_for,73883,2021-03-02,Вторник,23:00,425,381,44,475,45,-50,-95
4268,hosp_covid_dis_covid_hours_for,73886,2021-03-03,Среда,01:00,5,5,0,0,0,5,5
4269,hosp_covid_dis_covid_hours_for,73887,2021-03-02,Вторник,сутки,445,401,44,477,45,-32,-77
4270,hosp_covid_dis_covid_hours_for,73889,2021-03-03,Среда,02:00,22,22,0,1,0,21,21
4271,hosp_covid_dis_covid_hours_for,73891,2021-03-03,Среда,03:00,36,35,1,1,0,35,35
4272,hosp_covid_dis_covid_hours_for,73893,2021-03-03,Среда,04:00,43,41,2,1,0,42,42
4273,hosp_covid_dis_covid_hours_for,73895,2021-03-03,Среда,05:00,51,48,3,1,0,50,50
4274,hosp_covid_dis_covid_hours_for,73897,2021-03-03,Среда,06:00,53,50,3,2,0,51,51
4275,hosp_covid_dis_covid_hours_for,73899,2021-03-03,Среда,07:00,55,52,3,15,2,40,38
4276,hosp_covid_dis_covid_hours_for,73901,2021-03-03,Среда,08:00,58,55,3,24,3,34,31
4277,hosp_covid_dis_covid_hours_for,73903,2021-03-03,Среда,09:00,58,55,3,41,4,17,13
4278,hosp_covid_dis_covid_hours_for,73905,2021-03-03,Среда,10:00,60,57,3,72,8,-12,-20
4279,hosp_covid_dis_covid_hours_for,73907,2021-03-03,Среда,11:00,71,67,4,160,8,-89,-97
4280,hosp_covid_dis_covid_hours_for,73909,2021-03-03,Среда,12:00,87,82,5,212,14,-125,-139
4281,hosp_covid_dis_covid_hours_for,73911,2021-03-03,Среда,13:00,115,107,8,255,19,-140,-159
4282,hosp_covid_dis_covid_hours_for,73913,2021-03-03,Среда,14:00,141,129,12,302,22,-161,-183
4283,hosp_covid_dis_covid_hours_for,73915,2021-03-03,Среда,15:00,161,147,14,361,29,-200,-229
4284,hosp_covid_dis_covid_hours_for,73917,2021-03-03,Среда,16:00,194,173,21,385,29,-191,-220
4285,hosp_covid_dis_covid_hours_for,73919,2021-03-03,Среда,17:00,225,201,24,403,29,-178,-207
4286,hosp_covid_dis_covid_hours_for,73921,2021-03-03,Среда,18:00,249,221,28,427,33,-178,-211
4287,hosp_covid_dis_covid_hours_for,73923,2021-03-03,Среда,19:00,281,246,35,433,39,-152,-191
4288,hosp_covid_dis_covid_hours_for,73925,2021-03-03,Среда,20:00,314,277,37,435,39,-121,-160
4289,hosp_covid_dis_covid_hours_for,73927,2021-03-03,Среда,21:00,336,296,40,437,39,-101,-140
4290,hosp_covid_dis_covid_hours_for,73929,2021-03-03,Среда,22:00,350,310,40,437,44,-87,-131
4291,hosp_covid_dis_covid_hours_for,73935,2021-03-03,Среда,23:00,367,325,42,438,44,-71,-115
4292,hosp_covid_dis_covid_hours_for,73938,2021-03-04,Четверг,01:00,9,9,0,2,0,7,7
4293,hosp_covid_dis_covid_hours_for,73939,2021-03-03,Среда,сутки,390,348,42,442,44,-52,-96
4294,hosp_covid_dis_covid_hours_for,73941,2021-03-04,Четверг,02:00,23,23,0,2,0,21,21
4295,hosp_covid_dis_covid_hours_for,73943,2021-03-04,Четверг,03:00,37,37,0,2,0,35,35
4296,hosp_covid_dis_covid_hours_for,73945,2021-03-04,Четверг,04:00,46,46,0,2,0,44,44
4297,hosp_covid_dis_covid_hours_for,73947,2021-03-04,Четверг,05:00,50,50,0,2,0,48,48
4298,hosp_covid_dis_covid_hours_for,73949,2021-03-04,Четверг,06:00,51,51,0,3,0,48,48
4299,hosp_covid_dis_covid_hours_for,73951,2021-03-04,Четверг,07:00,59,59,0,6,1,53,52
4300,hosp_covid_dis_covid_hours_for,73953,2021-03-04,Четверг,08:00,62,62,0,17,7,45,38
4301,hosp_covid_dis_covid_hours_for,73955,2021-03-04,Четверг,09:00,66,66,0,25,8,41,33
4302,hosp_covid_dis_covid_hours_for,73957,2021-03-04,Четверг,11:00,80,80,0,118,11,-38,-49
4303,hosp_covid_dis_covid_hours_for,73959,2021-03-04,Четверг,12:00,96,94,2,196,14,-100,-114
4304,hosp_covid_dis_covid_hours_for,73961,2021-03-04,Четверг,13:00,120,117,3,237,15,-117,-132
4305,hosp_covid_dis_covid_hours_for,73963,2021-03-04,Четверг,14:00,151,147,4,289,22,-138,-160
4306,hosp_covid_dis_covid_hours_for,73965,2021-03-04,Четверг,15:00,179,170,9,320,31,-141,-172
4307,hosp_covid_dis_covid_hours_for,73967,2021-03-04,Четверг,16:00,211,199,12,348,31,-137,-168
4308,hosp_covid_dis_covid_hours_for,73969,2021-03-04,Четверг,17:00,240,221,19,362,32,-122,-154
4309,hosp_covid_dis_covid_hours_for,73971,2021-03-04,Четверг,18:00,268,245,23,376,40,-108,-148
4310,hosp_covid_dis_covid_hours_for,73973,2021-03-04,Четверг,19:00,299,271,28,380,41,-81,-122
4311,hosp_covid_dis_covid_hours_for,73975,2021-03-04,Четверг,20:00,336,305,31,393,41,-57,-98
4312,hosp_covid_dis_covid_hours_for,73977,2021-03-04,Четверг,21:00,355,321,34,395,42,-40,-82
4313,hosp_covid_dis_covid_hours_for,73979,2021-03-04,Четверг,22:00,375,336,39,398,42,-23,-65
4314,hosp_covid_dis_covid_hours_for,73985,2021-03-04,Четверг,23:00,401,357,44,401,43,0,-43
4315,hosp_covid_dis_covid_hours_for,73988,2021-03-05,Пятница,01:00,13,13,0,6,0,7,7
4316,hosp_covid_dis_covid_hours_for,73989,2021-03-04,Четверг,сутки,424,378,46,403,43,21,-22
4317,hosp_covid_dis_covid_hours_for,73991,2021-03-05,Пятница,02:00,23,23,0,7,0,16,16
4318,hosp_covid_dis_covid_hours_for,73993,2021-03-05,Пятница,03:00,27,27,0,7,0,20,20
4319,hosp_covid_dis_covid_hours_for,73995,2021-03-05,Пятница,04:00,31,31,0,7,0,24,24
4320,hosp_covid_dis_covid_hours_for,73997,2021-03-05,Пятница,05:00,34,34,0,7,0,27,27
4321,hosp_covid_dis_covid_hours_for,73999,2021-03-05,Пятница,06:00,38,38,0,8,0,30,30
4322,hosp_covid_dis_covid_hours_for,74001,2021-03-05,Пятница,07:00,41,41,0,14,0,27,27
4323,hosp_covid_dis_covid_hours_for,74003,2021-03-05,Пятница,08:00,42,42,0,26,3,16,13
4324,hosp_covid_dis_covid_hours_for,74005,2021-03-05,Пятница,09:00,43,43,0,54,4,-11,-15
4325,hosp_covid_dis_covid_hours_for,74007,2021-03-05,Пятница,10:00,49,46,3,106,6,-57,-63
4326,hosp_covid_dis_covid_hours_for,74009,2021-03-05,Пятница,11:00,55,51,4,161,8,-106,-114
4327,hosp_covid_dis_covid_hours_for,74011,2021-03-05,Пятница,12:00,72,68,4,239,10,-167,-177
4328,hosp_covid_dis_covid_hours_for,74013,2021-03-05,Пятница,13:00,101,96,5,334,17,-233,-250
4329,hosp_covid_dis_covid_hours_for,74015,2021-03-05,Пятница,14:00,126,119,7,405,23,-279,-302
4330,hosp_covid_dis_covid_hours_for,74017,2021-03-05,Пятница,15:00,161,148,13,456,26,-295,-321
4331,hosp_covid_dis_covid_hours_for,74019,2021-03-05,Пятница,16:00,195,181,14,517,27,-322,-349
4332,hosp_covid_dis_covid_hours_for,74021,2021-03-05,Пятница,17:00,224,203,21,547,30,-323,-353
4333,hosp_covid_dis_covid_hours_for,74023,2021-03-05,Пятница,18:00,257,230,27,562,31,-305,-336
4334,hosp_covid_dis_covid_hours_for,74025,2021-03-05,Пятница,19:00,290,260,30,569,38,-279,-317
4335,hosp_covid_dis_covid_hours_for,74027,2021-03-05,Пятница,20:00,322,288,34,579,51,-257,-308
4336,hosp_covid_dis_covid_hours_for,74029,2021-03-05,Пятница,21:00,348,312,36,580,51,-232,-283
4337,hosp_covid_dis_covid_hours_for,74031,2021-03-05,Пятница,22:00,363,326,37,587,53,-224,-277
4338,hosp_covid_dis_covid_hours_for,74037,2021-03-05,Пятница,23:00,387,347,40,588,53,-201,-254
4339,hosp_covid_dis_covid_hours_for,74040,2021-03-06,Суббота,01:00,5,5,0,0,0,5,5
4340,hosp_covid_dis_covid_hours_for,74041,2021-03-05,Пятница,сутки,413,371,42,590,54,-177,-231
4341,hosp_covid_dis_covid_hours_for,74043,2021-03-06,Суббота,02:00,13,10,3,1,1,12,11
4342,hosp_covid_dis_covid_hours_for,74045,2021-03-06,Суббота,03:00,26,22,4,1,1,25,24
4343,hosp_covid_dis_covid_hours_for,74047,2021-03-06,Суббота,04:00,30,26,4,1,1,29,28
4344,hosp_covid_dis_covid_hours_for,74049,2021-03-06,Суббота,05:00,34,30,4,1,1,33,32
4345,hosp_covid_dis_covid_hours_for,74051,2021-03-06,Суббота,06:00,35,31,4,1,1,34,33
4346,hosp_covid_dis_covid_hours_for,74053,2021-03-06,Суббота,07:00,39,35,4,8,1,31,30
4347,hosp_covid_dis_covid_hours_for,74055,2021-03-06,Суббота,08:00,44,40,4,24,5,20,15
4348,hosp_covid_dis_covid_hours_for,74057,2021-03-06,Суббота,09:00,45,41,4,33,6,12,6
4349,hosp_covid_dis_covid_hours_for,74059,2021-03-06,Суббота,10:00,48,44,4,58,9,-10,-19
4350,hosp_covid_dis_covid_hours_for,74061,2021-03-06,Суббота,11:00,54,50,4,107,10,-53,-63
4351,hosp_covid_dis_covid_hours_for,74063,2021-03-06,Суббота,12:00,67,62,5,159,15,-92,-107
4352,hosp_covid_dis_covid_hours_for,74065,2021-03-06,Суббота,13:00,92,87,5,191,19,-99,-118
4353,hosp_covid_dis_covid_hours_for,74067,2021-03-06,Суббота,14:00,110,104,6,237,22,-127,-149
4354,hosp_covid_dis_covid_hours_for,74069,2021-03-06,Суббота,15:00,133,125,8,274,22,-141,-163
4355,hosp_covid_dis_covid_hours_for,74071,2021-03-06,Суббота,16:00,148,138,10,287,24,-139,-163
4356,hosp_covid_dis_covid_hours_for,74073,2021-03-06,Суббота,17:00,177,164,13,301,27,-124,-151
4357,hosp_covid_dis_covid_hours_for,74075,2021-03-06,Суббота,18:00,206,186,20,311,27,-105,-132
4358,hosp_covid_dis_covid_hours_for,74077,2021-03-06,Суббота,19:00,221,201,20,322,26,-101,-127
4359,hosp_covid_dis_covid_hours_for,74079,2021-03-06,Суббота,20:00,243,221,22,327,27,-84,-111
4360,hosp_covid_dis_covid_hours_for,74081,2021-03-06,Суббота,21:00,255,233,22,329,29,-74,-103
4361,hosp_covid_dis_covid_hours_for,74083,2021-03-06,Суббота,22:00,276,249,27,329,29,-53,-82
4362,hosp_covid_dis_covid_hours_for,74089,2021-03-06,Суббота,23:00,290,261,29,332,29,-42,-71
4363,hosp_covid_dis_covid_hours_for,74092,2021-03-07,Воскресенье,01:00,7,6,1,6,0,1,1
4364,hosp_covid_dis_covid_hours_for,74093,2021-03-06,Суббота,сутки,305,275,30,332,29,-27,-56
4365,hosp_covid_dis_covid_hours_for,74095,2021-03-07,Воскресенье,02:00,16,15,1,6,0,10,10
4366,hosp_covid_dis_covid_hours_for,74097,2021-03-07,Воскресенье,03:00,30,29,1,6,0,24,24
4367,hosp_covid_dis_covid_hours_for,74099,2021-03-07,Воскресенье,04:00,36,35,1,6,0,30,30
4368,hosp_covid_dis_covid_hours_for,74101,2021-03-07,Воскресенье,05:00,39,38,1,7,0,32,32
4369,hosp_covid_dis_covid_hours_for,74103,2021-03-07,Воскресенье,06:00,44,43,1,8,0,36,36
4370,hosp_covid_dis_covid_hours_for,74105,2021-03-07,Воскресенье,07:00,46,45,1,14,0,32,32
4371,hosp_covid_dis_covid_hours_for,74107,2021-03-07,Воскресенье,08:00,52,50,2,21,0,31,31
4372,hosp_covid_dis_covid_hours_for,74109,2021-03-07,Воскресенье,09:00,56,52,4,28,5,28,23
4373,hosp_covid_dis_covid_hours_for,74111,2021-03-07,Воскресенье,10:00,60,56,4,60,7,0,-7
4374,hosp_covid_dis_covid_hours_for,74113,2021-03-07,Воскресенье,11:00,63,59,4,97,13,-34,-47
4375,hosp_covid_dis_covid_hours_for,74115,2021-03-07,Воскресенье,12:00,78,74,4,119,21,-41,-62
4376,hosp_covid_dis_covid_hours_for,74117,2021-03-07,Воскресенье,13:00,101,97,4,145,24,-44,-68
4377,hosp_covid_dis_covid_hours_for,74119,2021-03-07,Воскресенье,14:00,123,118,5,178,28,-56,-84
4378,hosp_covid_dis_covid_hours_for,74121,2021-03-07,Воскресенье,15:00,143,136,7,201,28,-58,-86
4379,hosp_covid_dis_covid_hours_for,74123,2021-03-07,Воскресенье,16:00,162,155,7,212,29,-50,-79
4380,hosp_covid_dis_covid_hours_for,74125,2021-03-07,Воскресенье,17:00,182,173,9,224,32,-42,-74
4381,hosp_covid_dis_covid_hours_for,74127,2021-03-07,Воскресенье,18:00,212,202,10,229,33,-17,-50
4382,hosp_covid_dis_covid_hours_for,74129,2021-03-07,Воскресенье,19:00,237,227,10,234,34,3,-31
4383,hosp_covid_dis_covid_hours_for,74131,2021-03-07,Воскресенье,20:00,256,244,12,237,34,19,-15
4384,hosp_covid_dis_covid_hours_for,74133,2021-03-07,Воскресенье,21:00,274,259,15,242,34,32,-2
4385,hosp_covid_dis_covid_hours_for,74135,2021-03-07,Воскресенье,22:00,293,274,19,244,34,49,15
4386,hosp_covid_dis_covid_hours_for,74141,2021-03-07,Воскресенье,23:00,311,292,19,246,34,65,31
4387,hosp_covid_dis_covid_hours_for,74144,2021-03-08,Понедельник,01:00,9,9,0,1,0,8,8
4388,hosp_covid_dis_covid_hours_for,74145,2021-03-07,Воскресенье,сутки,316,296,20,250,34,66,32
4389,hosp_covid_dis_covid_hours_for,74147,2021-03-08,Понедельник,02:00,19,19,0,6,0,13,13
4390,hosp_covid_dis_covid_hours_for,74149,2021-03-08,Понедельник,03:00,29,29,0,6,0,23,23
4391,hosp_covid_dis_covid_hours_for,74151,2021-03-08,Понедельник,04:00,34,34,0,7,0,27,27
4392,hosp_covid_dis_covid_hours_for,74153,2021-03-08,Понедельник,05:00,35,35,0,7,0,28,28
4393,hosp_covid_dis_covid_hours_for,74155,2021-03-08,Понедельник,06:00,39,39,0,8,0,31,31
4394,hosp_covid_dis_covid_hours_for,74157,2021-03-08,Понедельник,07:00,42,42,0,13,0,29,29
4395,hosp_covid_dis_covid_hours_for,74159,2021-03-08,Понедельник,08:00,43,43,0,18,0,25,25
4396,hosp_covid_dis_covid_hours_for,74161,2021-03-08,Понедельник,09:00,46,46,0,29,5,17,12
4397,hosp_covid_dis_covid_hours_for,74163,2021-03-08,Понедельник,10:00,49,49,0,53,6,-4,-10
4398,hosp_covid_dis_covid_hours_for,74165,2021-03-08,Понедельник,11:00,55,54,1,76,6,-21,-27
4399,hosp_covid_dis_covid_hours_for,74167,2021-03-08,Понедельник,12:00,65,63,2,94,9,-29,-38
4400,hosp_covid_dis_covid_hours_for,74169,2021-03-08,Понедельник,13:00,76,74,2,115,18,-39,-57
4401,hosp_covid_dis_covid_hours_for,74171,2021-03-08,Понедельник,14:00,89,86,3,138,20,-49,-69
4402,hosp_covid_dis_covid_hours_for,74173,2021-03-08,Понедельник,15:00,106,102,4,148,21,-42,-63
4403,hosp_covid_dis_covid_hours_for,74175,2021-03-08,Понедельник,16:00,129,124,5,157,24,-28,-52
4404,hosp_covid_dis_covid_hours_for,74177,2021-03-08,Понедельник,17:00,148,141,7,164,25,-16,-41
4405,hosp_covid_dis_covid_hours_for,74179,2021-03-08,Понедельник,18:00,164,155,9,175,25,-11,-36
4406,hosp_covid_dis_covid_hours_for,74181,2021-03-08,Понедельник,19:00,177,167,10,179,25,-2,-27
4407,hosp_covid_dis_covid_hours_for,74183,2021-03-08,Понедельник,20:00,190,179,11,183,26,7,-19
4408,hosp_covid_dis_covid_hours_for,74185,2021-03-08,Понедельник,21:00,202,189,13,187,26,15,-11
4409,hosp_covid_dis_covid_hours_for,74187,2021-03-08,Понедельник,22:00,212,198,14,189,27,23,-4
4410,hosp_covid_dis_covid_hours_for,74193,2021-03-08,Понедельник,23:00,223,208,15,190,27,33,6
4411,hosp_covid_dis_covid_hours_for,74196,2021-03-09,Вторник,01:00,10,10,0,2,0,8,8
4412,hosp_covid_dis_covid_hours_for,74197,2021-03-08,Понедельник,сутки,233,218,15,192,27,41,14
4413,hosp_covid_dis_covid_hours_for,74199,2021-03-09,Вторник,02:00,21,21,0,2,1,19,18
4414,hosp_covid_dis_covid_hours_for,74201,2021-03-09,Вторник,03:00,24,24,0,2,1,22,21
4415,hosp_covid_dis_covid_hours_for,74203,2021-03-09,Вторник,04:00,29,29,0,3,1,26,25
4416,hosp_covid_dis_covid_hours_for,74205,2021-03-09,Вторник,05:00,37,37,0,3,1,34,33
4417,hosp_covid_dis_covid_hours_for,74207,2021-03-09,Вторник,06:00,39,39,0,3,1,36,35
4418,hosp_covid_dis_covid_hours_for,74209,2021-03-09,Вторник,07:00,42,42,0,8,1,34,33
4419,hosp_covid_dis_covid_hours_for,74211,2021-03-09,Вторник,08:00,47,47,0,17,2,30,28
4420,hosp_covid_dis_covid_hours_for,74213,2021-03-09,Вторник,09:00,48,48,0,27,6,21,15
4421,hosp_covid_dis_covid_hours_for,74215,2021-03-09,Вторник,10:00,48,48,0,65,7,-17,-24
4422,hosp_covid_dis_covid_hours_for,74217,2021-03-09,Вторник,11:00,53,51,2,134,7,-81,-88
4423,hosp_covid_dis_covid_hours_for,74219,2021-03-09,Вторник,12:00,68,66,2,199,8,-131,-139
4424,hosp_covid_dis_covid_hours_for,74221,2021-03-09,Вторник,13:00,87,81,6,257,12,-170,-182
4425,hosp_covid_dis_covid_hours_for,74223,2021-03-09,Вторник,14:00,121,109,12,301,18,-180,-198
4426,hosp_covid_dis_covid_hours_for,74225,2021-03-09,Вторник,15:00,158,144,14,367,22,-209,-231
4427,hosp_covid_dis_covid_hours_for,74227,2021-03-09,Вторник,16:00,172,156,16,411,25,-239,-264
4428,hosp_covid_dis_covid_hours_for,74229,2021-03-09,Вторник,17:00,211,188,23,423,25,-212,-237
4429,hosp_covid_dis_covid_hours_for,74231,2021-03-09,Вторник,18:00,246,218,28,444,25,-198,-223
4430,hosp_covid_dis_covid_hours_for,74233,2021-03-09,Вторник,19:00,270,240,30,451,27,-181,-208
4431,hosp_covid_dis_covid_hours_for,74235,2021-03-09,Вторник,20:00,315,279,36,459,32,-144,-176
4432,hosp_covid_dis_covid_hours_for,74237,2021-03-09,Вторник,21:00,336,298,38,465,36,-129,-165
4433,hosp_covid_dis_covid_hours_for,74239,2021-03-09,Вторник,22:00,361,322,39,468,37,-107,-144
4434,hosp_covid_dis_covid_hours_for,74245,2021-03-09,Вторник,23:00,378,338,40,471,37,-93,-130
4435,hosp_covid_dis_covid_hours_for,74248,2021-03-10,Среда,01:00,16,16,0,4,0,12,12
4436,hosp_covid_dis_covid_hours_for,74249,2021-03-09,Вторник,сутки,398,357,41,475,38,-77,-115
4437,hosp_covid_dis_covid_hours_for,74251,2021-03-10,Среда,02:00,33,33,0,4,0,29,29
4438,hosp_covid_dis_covid_hours_for,74253,2021-03-10,Среда,03:00,39,39,0,5,0,34,34
4439,hosp_covid_dis_covid_hours_for,74255,2021-03-10,Среда,04:00,45,45,0,6,0,39,39
4440,hosp_covid_dis_covid_hours_for,74257,2021-03-10,Среда,05:00,47,47,0,6,0,41,41
4441,hosp_covid_dis_covid_hours_for,74259,2021-03-10,Среда,06:00,50,50,0,6,0,44,44
4442,hosp_covid_dis_covid_hours_for,74261,2021-03-10,Среда,07:00,53,53,0,16,0,37,37
4443,hosp_covid_dis_covid_hours_for,74263,2021-03-10,Среда,08:00,58,58,0,24,4,34,30
4444,hosp_covid_dis_covid_hours_for,74265,2021-03-10,Среда,09:00,63,61,2,34,5,29,24
4445,hosp_covid_dis_covid_hours_for,74267,2021-03-10,Среда,10:00,64,62,2,78,8,-14,-22
4446,hosp_covid_dis_covid_hours_for,74269,2021-03-10,Среда,11:00,71,69,2,165,13,-94,-107
4447,hosp_covid_dis_covid_hours_for,74271,2021-03-10,Среда,12:00,88,85,3,231,22,-143,-165
4448,hosp_covid_dis_covid_hours_for,74273,2021-03-10,Среда,13:00,103,99,4,283,31,-180,-211
4449,hosp_covid_dis_covid_hours_for,74275,2021-03-10,Среда,14:00,130,120,10,366,31,-236,-267
4450,hosp_covid_dis_covid_hours_for,74277,2021-03-10,Среда,15:00,149,136,13,408,32,-259,-291
4451,hosp_covid_dis_covid_hours_for,74279,2021-03-10,Среда,16:00,176,157,19,432,33,-256,-289
4452,hosp_covid_dis_covid_hours_for,74281,2021-03-10,Среда,17:00,213,192,21,452,33,-239,-272
4453,hosp_covid_dis_covid_hours_for,74283,2021-03-10,Среда,18:00,257,229,28,483,34,-226,-260
4454,hosp_covid_dis_covid_hours_for,74285,2021-03-10,Среда,19:00,292,260,32,485,42,-193,-235
4455,hosp_covid_dis_covid_hours_for,74287,2021-03-10,Среда,20:00,320,287,33,488,48,-168,-216
4456,hosp_covid_dis_covid_hours_for,74289,2021-03-10,Среда,21:00,338,303,35,493,48,-155,-203
4457,hosp_covid_dis_covid_hours_for,74291,2021-03-10,Среда,22:00,353,317,36,493,48,-140,-188
4458,hosp_covid_dis_covid_hours_for,74297,2021-03-10,Среда,23:00,370,331,39,494,48,-124,-172
4459,hosp_covid_dis_covid_hours_for,74300,2021-03-11,Четверг,01:00,6,6,0,6,0,0,0
4460,hosp_covid_dis_covid_hours_for,74301,2021-03-10,Среда,сутки,383,344,39,496,48,-113,-161
4461,hosp_covid_dis_covid_hours_for,74303,2021-03-11,Четверг,02:00,14,14,0,10,0,4,4
4462,hosp_covid_dis_covid_hours_for,74305,2021-03-11,Четверг,03:00,20,20,0,10,0,10,10
4463,hosp_covid_dis_covid_hours_for,74307,2021-03-11,Четверг,04:00,19,19,0,13,0,6,6
4464,hosp_covid_dis_covid_hours_for,74309,2021-03-11,Четверг,05:00,21,21,0,13,1,8,7
4465,hosp_covid_dis_covid_hours_for,74311,2021-03-11,Четверг,06:00,22,22,0,13,1,9,8
4466,hosp_covid_dis_covid_hours_for,74313,2021-03-11,Четверг,07:00,24,24,0,16,2,8,6
4467,hosp_covid_dis_covid_hours_for,74315,2021-03-11,Четверг,08:00,24,24,0,18,5,6,1
4468,hosp_covid_dis_covid_hours_for,74317,2021-03-11,Четверг,09:00,25,25,0,47,6,-22,-28
4469,hosp_covid_dis_covid_hours_for,74319,2021-03-11,Четверг,10:00,27,27,0,96,8,-69,-77
4470,hosp_covid_dis_covid_hours_for,74321,2021-03-11,Четверг,11:00,33,31,2,146,13,-113,-126
4471,hosp_covid_dis_covid_hours_for,74323,2021-03-11,Четверг,12:00,46,44,2,219,22,-173,-195
4472,hosp_covid_dis_covid_hours_for,74325,2021-03-11,Четверг,13:00,71,67,4,285,25,-214,-239
4473,hosp_covid_dis_covid_hours_for,74327,2021-03-11,Четверг,14:00,89,82,7,351,30,-262,-292
4474,hosp_covid_dis_covid_hours_for,74329,2021-03-11,Четверг,15:00,115,98,17,411,31,-296,-327
4475,hosp_covid_dis_covid_hours_for,74331,2021-03-11,Четверг,16:00,139,115,24,439,31,-300,-331
4476,hosp_covid_dis_covid_hours_for,74333,2021-03-11,Четверг,17:00,159,134,25,465,33,-306,-339
4477,hosp_covid_dis_covid_hours_for,74335,2021-03-11,Четверг,18:00,196,168,28,473,39,-277,-316
4478,hosp_covid_dis_covid_hours_for,74337,2021-03-11,Четверг,19:00,221,188,33,478,41,-257,-298
4479,hosp_covid_dis_covid_hours_for,74339,2021-03-11,Четверг,20:00,247,211,36,480,41,-233,-274
4480,hosp_covid_dis_covid_hours_for,74341,2021-03-11,Четверг,21:00,270,231,39,485,41,-215,-256
4481,hosp_covid_dis_covid_hours_for,74343,2021-03-11,Четверг,22:00,282,240,42,488,41,-206,-247
4482,hosp_covid_dis_covid_hours_for,74349,2021-03-11,Четверг,23:00,305,260,45,488,41,-183,-224
4483,hosp_covid_dis_covid_hours_for,74352,2021-03-12,Пятница,01:00,7,7,0,4,0,3,3
4484,hosp_covid_dis_covid_hours_for,74353,2021-03-11,Четверг,сутки,324,279,45,490,41,-166,-207
4485,hosp_covid_dis_covid_hours_for,74355,2021-03-12,Пятница,02:00,19,19,0,5,1,14,13
4486,hosp_covid_dis_covid_hours_for,74357,2021-03-12,Пятница,03:00,32,32,0,8,1,24,23
4487,hosp_covid_dis_covid_hours_for,74359,2021-03-12,Пятница,04:00,44,44,0,8,1,36,35
4488,hosp_covid_dis_covid_hours_for,74361,2021-03-12,Пятница,05:00,45,44,1,8,1,37,36
4489,hosp_covid_dis_covid_hours_for,74363,2021-03-12,Пятница,06:00,48,47,1,8,1,40,39
4490,hosp_covid_dis_covid_hours_for,74365,2021-03-12,Пятница,07:00,53,52,1,15,1,38,37
4491,hosp_covid_dis_covid_hours_for,74367,2021-03-12,Пятница,08:00,56,55,1,28,4,28,24
4492,hosp_covid_dis_covid_hours_for,74369,2021-03-12,Пятница,09:00,61,59,2,57,4,4,0
4493,hosp_covid_dis_covid_hours_for,74371,2021-03-12,Пятница,10:00,63,61,2,94,11,-31,-42
4494,hosp_covid_dis_covid_hours_for,74373,2021-03-12,Пятница,11:00,70,68,2,168,15,-98,-113
4495,hosp_covid_dis_covid_hours_for,74375,2021-03-12,Пятница,12:00,83,79,4,232,17,-149,-166
4496,hosp_covid_dis_covid_hours_for,74377,2021-03-12,Пятница,13:00,103,99,4,283,19,-180,-199
4497,hosp_covid_dis_covid_hours_for,74379,2021-03-12,Пятница,14:00,130,121,9,365,22,-235,-257
4498,hosp_covid_dis_covid_hours_for,74381,2021-03-12,Пятница,15:00,155,145,10,427,25,-272,-297
4499,hosp_covid_dis_covid_hours_for,74383,2021-03-12,Пятница,16:00,191,173,18,479,29,-288,-317
4500,hosp_covid_dis_covid_hours_for,74385,2021-03-12,Пятница,17:00,220,200,20,495,33,-275,-308
4501,hosp_covid_dis_covid_hours_for,74387,2021-03-12,Пятница,18:00,253,227,26,508,36,-255,-291
4502,hosp_covid_dis_covid_hours_for,74389,2021-03-12,Пятница,19:00,283,250,33,512,38,-229,-267
4503,hosp_covid_dis_covid_hours_for,74391,2021-03-12,Пятница,20:00,309,274,35,515,39,-206,-245
4504,hosp_covid_dis_covid_hours_for,74393,2021-03-12,Пятница,21:00,329,292,37,521,39,-192,-231
4505,hosp_covid_dis_covid_hours_for,74395,2021-03-12,Пятница,22:00,346,306,40,524,40,-178,-218
4506,hosp_covid_dis_covid_hours_for,74401,2021-03-12,Пятница,23:00,361,318,43,526,42,-165,-207
4507,hosp_covid_dis_covid_hours_for,74404,2021-03-13,Суббота,01:00,8,7,1,4,0,4,4
4508,hosp_covid_dis_covid_hours_for,74405,2021-03-12,Пятница,сутки,382,338,44,527,42,-145,-187
4509,hosp_covid_dis_covid_hours_for,74407,2021-03-13,Суббота,02:00,17,16,1,4,0,13,13
4510,hosp_covid_dis_covid_hours_for,74409,2021-03-13,Суббота,03:00,28,27,1,4,0,24,24
4511,hosp_covid_dis_covid_hours_for,74411,2021-03-13,Суббота,04:00,38,37,1,4,0,34,34
4512,hosp_covid_dis_covid_hours_for,74413,2021-03-13,Суббота,05:00,43,42,1,5,0,38,38
4513,hosp_covid_dis_covid_hours_for,74415,2021-03-13,Суббота,06:00,48,47,1,5,0,43,43
4514,hosp_covid_dis_covid_hours_for,74417,2021-03-13,Суббота,07:00,50,49,1,8,0,42,42
4515,hosp_covid_dis_covid_hours_for,74419,2021-03-13,Суббота,08:00,53,52,1,17,0,36,36
4516,hosp_covid_dis_covid_hours_for,74421,2021-03-13,Суббота,09:00,56,55,1,44,2,12,10
4517,hosp_covid_dis_covid_hours_for,74423,2021-03-13,Суббота,10:00,61,58,3,82,7,-21,-28
4518,hosp_covid_dis_covid_hours_for,74425,2021-03-13,Суббота,11:00,67,64,3,116,12,-49,-61
4519,hosp_covid_dis_covid_hours_for,74427,2021-03-13,Суббота,12:00,83,78,5,163,14,-80,-94
4520,hosp_covid_dis_covid_hours_for,74429,2021-03-13,Суббота,13:00,106,98,8,202,19,-96,-115
4521,hosp_covid_dis_covid_hours_for,74431,2021-03-13,Суббота,14:00,123,110,13,236,23,-113,-136
4522,hosp_covid_dis_covid_hours_for,74433,2021-03-13,Суббота,15:00,139,123,16,246,25,-107,-132
4523,hosp_covid_dis_covid_hours_for,74435,2021-03-13,Суббота,16:00,169,150,19,254,30,-85,-115
4524,hosp_covid_dis_covid_hours_for,74437,2021-03-13,Суббота,17:00,200,180,20,264,30,-64,-94
4525,hosp_covid_dis_covid_hours_for,74439,2021-03-13,Суббота,18:00,222,200,22,272,30,-50,-80
4526,hosp_covid_dis_covid_hours_for,74441,2021-03-13,Суббота,19:00,239,217,22,281,30,-42,-72
4527,hosp_covid_dis_covid_hours_for,74443,2021-03-13,Суббота,20:00,263,236,27,286,30,-23,-53
4528,hosp_covid_dis_covid_hours_for,74445,2021-03-13,Суббота,21:00,279,252,27,294,30,-15,-45
4529,hosp_covid_dis_covid_hours_for,74447,2021-03-13,Суббота,22:00,296,268,28,295,30,1,-29
4530,hosp_covid_dis_covid_hours_for,74453,2021-03-13,Суббота,23:00,312,283,29,297,31,15,-16
4531,hosp_covid_dis_covid_hours_for,74456,2021-03-14,Воскресенье,01:00,7,7,0,5,0,2,2
4532,hosp_covid_dis_covid_hours_for,74457,2021-03-13,Суббота,сутки,322,293,29,298,31,24,-7
4533,hosp_covid_dis_covid_hours_for,74459,2021-03-14,Воскресенье,02:00,13,13,0,9,0,4,4
4534,hosp_covid_dis_covid_hours_for,74461,2021-03-14,Воскресенье,03:00,17,17,0,9,0,8,8
4535,hosp_covid_dis_covid_hours_for,74463,2021-03-14,Воскресенье,04:00,20,20,0,9,0,11,11
4536,hosp_covid_dis_covid_hours_for,74465,2021-03-14,Воскресенье,05:00,24,24,0,10,0,14,14
4537,hosp_covid_dis_covid_hours_for,74467,2021-03-14,Воскресенье,06:00,26,26,0,10,0,16,16
4538,hosp_covid_dis_covid_hours_for,74469,2021-03-14,Воскресенье,07:00,28,28,0,12,0,16,16
4539,hosp_covid_dis_covid_hours_for,74471,2021-03-14,Воскресенье,08:00,30,30,0,16,3,14,11
4540,hosp_covid_dis_covid_hours_for,74473,2021-03-14,Воскресенье,09:00,32,32,0,33,7,-1,-8
4541,hosp_covid_dis_covid_hours_for,74475,2021-03-14,Воскресенье,10:00,32,32,0,50,9,-18,-27
4542,hosp_covid_dis_covid_hours_for,74477,2021-03-14,Воскресенье,11:00,37,37,0,73,12,-36,-48
4543,hosp_covid_dis_covid_hours_for,74479,2021-03-14,Воскресенье,12:00,55,55,0,98,12,-43,-55
4544,hosp_covid_dis_covid_hours_for,74481,2021-03-14,Воскресенье,13:01,74,73,1,142,16,-68,-84
4545,hosp_covid_dis_covid_hours_for,74483,2021-03-14,Воскресенье,14:00,93,89,4,153,16,-60,-76
4546,hosp_covid_dis_covid_hours_for,74485,2021-03-14,Воскресенье,15:00,115,110,5,162,18,-47,-65
4547,hosp_covid_dis_covid_hours_for,74487,2021-03-14,Воскресенье,16:00,129,124,5,170,20,-41,-61
4548,hosp_covid_dis_covid_hours_for,74489,2021-03-14,Воскресенье,17:00,137,130,7,176,20,-39,-59
4549,hosp_covid_dis_covid_hours_for,74491,2021-03-14,Воскресенье,18:00,150,142,8,179,20,-29,-49
4550,hosp_covid_dis_covid_hours_for,74493,2021-03-14,Воскресенье,19:00,164,156,8,187,20,-23,-43
4551,hosp_covid_dis_covid_hours_for,74495,2021-03-14,Воскресенье,20:00,180,171,9,189,20,-9,-29
4552,hosp_covid_dis_covid_hours_for,74497,2021-03-14,Воскресенье,21:00,190,180,10,191,20,-1,-21
4553,hosp_covid_dis_covid_hours_for,74499,2021-03-14,Воскресенье,22:00,198,188,10,194,20,4,-16
4554,hosp_covid_dis_covid_hours_for,74505,2021-03-14,Воскресенье,23:00,211,200,11,198,20,13,-7
4555,hosp_covid_dis_covid_hours_for,74508,2021-03-15,Понедельник,01:00,14,14,0,2,0,12,12
4556,hosp_covid_dis_covid_hours_for,74509,2021-03-14,Воскресенье,сутки,225,214,11,200,20,25,5
4557,hosp_covid_dis_covid_hours_for,74511,2021-03-15,Понедельник,02:00,27,27,0,5,0,22,22
4558,hosp_covid_dis_covid_hours_for,74513,2021-03-15,Понедельник,03:00,33,33,0,6,0,27,27
4559,hosp_covid_dis_covid_hours_for,74515,2021-03-15,Понедельник,04:00,37,37,0,7,0,30,30
4560,hosp_covid_dis_covid_hours_for,74517,2021-03-15,Понедельник,05:00,41,40,1,8,0,33,33
4561,hosp_covid_dis_covid_hours_for,74519,2021-03-15,Понедельник,06:00,42,41,1,8,0,34,34
4562,hosp_covid_dis_covid_hours_for,74521,2021-03-15,Понедельник,07:00,43,42,1,13,0,30,30
4563,hosp_covid_dis_covid_hours_for,74523,2021-03-15,Понедельник,08:00,44,43,1,16,4,28,24
4564,hosp_covid_dis_covid_hours_for,74525,2021-03-15,Понедельник,09:00,47,46,1,25,4,22,18
4565,hosp_covid_dis_covid_hours_for,74527,2021-03-15,Понедельник,10:00,52,50,2,71,6,-19,-25
4566,hosp_covid_dis_covid_hours_for,74529,2021-03-15,Понедельник,11:00,61,57,4,131,6,-70,-76
4567,hosp_covid_dis_covid_hours_for,74531,2021-03-15,Понедельник,12:00,72,66,6,176,14,-104,-118
4568,hosp_covid_dis_covid_hours_for,74533,2021-03-15,Понедельник,13:00,92,85,7,240,18,-148,-166
4569,hosp_covid_dis_covid_hours_for,74535,2021-03-15,Понедельник,14:00,119,109,10,299,18,-180,-198
4570,hosp_covid_dis_covid_hours_for,74537,2021-03-15,Понедельник,15:00,143,129,14,342,18,-199,-217
4571,hosp_covid_dis_covid_hours_for,74539,2021-03-15,Понедельник,16:00,177,161,16,389,18,-212,-230
4572,hosp_covid_dis_covid_hours_for,74541,2021-03-15,Понедельник,17:00,220,199,21,402,20,-182,-202
4573,hosp_covid_dis_covid_hours_for,74543,2021-03-15,Понедельник,18:00,259,237,22,410,26,-151,-177
4574,hosp_covid_dis_covid_hours_for,74545,2021-03-15,Понедельник,19:00,288,259,29,419,26,-131,-157
4575,hosp_covid_dis_covid_hours_for,74547,2021-03-15,Понедельник,20:00,308,277,31,426,27,-118,-145
4576,hosp_covid_dis_covid_hours_for,74549,2021-03-15,Понедельник,21:00,342,307,35,428,28,-86,-114
4577,hosp_covid_dis_covid_hours_for,74551,2021-03-15,Понедельник,22:00,369,329,40,431,28,-62,-90
4578,hosp_covid_dis_covid_hours_for,74557,2021-03-15,Понедельник,23:00,382,340,42,431,30,-49,-79
4579,hosp_covid_dis_covid_hours_for,74560,2021-03-16,Вторник,01:00,8,8,0,5,0,3,3
4580,hosp_covid_dis_covid_hours_for,74561,2021-03-15,Понедельник,сутки,400,358,42,433,30,-33,-63
4581,hosp_covid_dis_covid_hours_for,74563,2021-03-16,Вторник,02:00,14,13,1,6,0,8,8
4582,hosp_covid_dis_covid_hours_for,74565,2021-03-16,Вторник,03:00,20,19,1,6,0,14,14
4583,hosp_covid_dis_covid_hours_for,74567,2021-03-16,Вторник,04:00,28,27,1,6,0,22,22
4584,hosp_covid_dis_covid_hours_for,74569,2021-03-16,Вторник,05:00,34,33,1,6,0,28,28
4585,hosp_covid_dis_covid_hours_for,74571,2021-03-16,Вторник,06:00,39,38,1,6,0,33,33
4586,hosp_covid_dis_covid_hours_for,74573,2021-03-16,Вторник,07:00,43,42,1,7,0,36,36
4587,hosp_covid_dis_covid_hours_for,74575,2021-03-16,Вторник,08:00,46,45,1,21,6,25,19
4588,hosp_covid_dis_covid_hours_for,74577,2021-03-16,Вторник,09:00,47,46,1,29,6,18,12
4589,hosp_covid_dis_covid_hours_for,74579,2021-03-16,Вторник,10:00,59,56,3,65,9,-6,-15
4590,hosp_covid_dis_covid_hours_for,74581,2021-03-16,Вторник,11:00,64,61,3,102,10,-38,-48
4591,hosp_covid_dis_covid_hours_for,74583,2021-03-16,Вторник,12:00,82,78,4,157,21,-75,-96
4592,hosp_covid_dis_covid_hours_for,74585,2021-03-16,Вторник,13:00,96,91,5,209,27,-113,-140
4593,hosp_covid_dis_covid_hours_for,74587,2021-03-16,Вторник,14:00,125,118,7,279,27,-154,-181
4594,hosp_covid_dis_covid_hours_for,74589,2021-03-16,Вторник,15:00,151,134,17,318,27,-167,-194
4595,hosp_covid_dis_covid_hours_for,74591,2021-03-16,Вторник,16:00,179,162,17,346,27,-167,-194
4596,hosp_covid_dis_covid_hours_for,74593,2021-03-16,Вторник,17:00,211,184,27,360,31,-149,-180
4597,hosp_covid_dis_covid_hours_for,74595,2021-03-16,Вторник,18:00,242,208,34,366,32,-124,-156
4598,hosp_covid_dis_covid_hours_for,74597,2021-03-16,Вторник,19:00,270,234,36,373,32,-103,-135
4599,hosp_covid_dis_covid_hours_for,74599,2021-03-16,Вторник,20:00,299,263,36,380,32,-81,-113
4600,hosp_covid_dis_covid_hours_for,74601,2021-03-16,Вторник,21:00,320,282,38,380,32,-60,-92
4601,hosp_covid_dis_covid_hours_for,74603,2021-03-16,Вторник,22:00,348,306,42,381,32,-33,-65
4602,hosp_covid_dis_covid_hours_for,74609,2021-03-16,Вторник,23:00,365,323,42,382,32,-17,-49
4603,hosp_covid_dis_covid_hours_for,74612,2021-03-17,Среда,01:00,13,13,0,3,0,10,10
4604,hosp_covid_dis_covid_hours_for,74613,2021-03-16,Вторник,сутки,382,339,43,384,32,-2,-34
4605,hosp_covid_dis_covid_hours_for,74615,2021-03-17,Среда,02:00,23,23,0,3,0,20,20
4606,hosp_covid_dis_covid_hours_for,74617,2021-03-17,Среда,03:00,30,30,0,3,0,27,27
4607,hosp_covid_dis_covid_hours_for,74619,2021-03-17,Среда,04:00,37,37,0,3,0,34,34
4608,hosp_covid_dis_covid_hours_for,74621,2021-03-17,Среда,05:00,40,40,0,3,0,37,37
4609,hosp_covid_dis_covid_hours_for,74623,2021-03-17,Среда,06:00,46,46,0,3,0,43,43
4610,hosp_covid_dis_covid_hours_for,74625,2021-03-17,Среда,07:00,47,47,0,4,0,43,43
4611,hosp_covid_dis_covid_hours_for,74627,2021-03-17,Среда,08:00,48,48,0,17,6,31,25
4612,hosp_covid_dis_covid_hours_for,74629,2021-03-17,Среда,09:00,53,53,0,37,8,16,8
4613,hosp_covid_dis_covid_hours_for,74631,2021-03-17,Среда,10:00,58,57,1,77,13,-19,-32
4614,hosp_covid_dis_covid_hours_for,74633,2021-03-17,Среда,11:00,71,68,3,124,13,-53,-66
4615,hosp_covid_dis_covid_hours_for,74635,2021-03-17,Среда,12:00,84,81,3,180,13,-96,-109
4616,hosp_covid_dis_covid_hours_for,74637,2021-03-17,Среда,13:00,99,95,4,223,20,-124,-144
4617,hosp_covid_dis_covid_hours_for,74639,2021-03-17,Среда,14:00,124,118,6,250,24,-126,-150
4618,hosp_covid_dis_covid_hours_for,74641,2021-03-17,Среда,15:00,161,153,8,290,24,-129,-153
4619,hosp_covid_dis_covid_hours_for,74643,2021-03-17,Среда,16:00,196,180,16,318,24,-122,-146
4620,hosp_covid_dis_covid_hours_for,74645,2021-03-17,Среда,17:00,225,205,20,332,25,-107,-132
4621,hosp_covid_dis_covid_hours_for,74647,2021-03-17,Среда,18:00,261,237,24,347,26,-86,-112
4622,hosp_covid_dis_covid_hours_for,74649,2021-03-17,Среда,19:00,307,277,30,358,26,-51,-77
4623,hosp_covid_dis_covid_hours_for,74651,2021-03-17,Среда,20:00,330,295,35,357,26,-27,-53
4624,hosp_covid_dis_covid_hours_for,74653,2021-03-17,Среда,21:00,351,313,38,358,26,-7,-33
4625,hosp_covid_dis_covid_hours_for,74655,2021-03-17,Среда,22:00,365,324,41,362,26,3,-23
4626,hosp_covid_dis_covid_hours_for,74661,2021-03-17,Среда,23:00,379,336,43,366,26,13,-13
4627,hosp_covid_dis_covid_hours_for,74664,2021-03-18,Четверг,01:00,8,8,0,0,0,8,8
4628,hosp_covid_dis_covid_hours_for,74665,2021-03-17,Среда,сутки,389,345,44,366,26,23,-3
4629,hosp_covid_dis_covid_hours_for,74667,2021-03-18,Четверг,02:00,19,19,0,3,0,16,16
4630,hosp_covid_dis_covid_hours_for,74669,2021-03-18,Четверг,03:00,27,27,0,3,0,24,24
4631,hosp_covid_dis_covid_hours_for,74671,2021-03-18,Четверг,04:00,38,38,0,5,0,33,33
4632,hosp_covid_dis_covid_hours_for,74673,2021-03-18,Четверг,05:00,41,41,0,5,0,36,36
4633,hosp_covid_dis_covid_hours_for,74675,2021-03-18,Четверг,06:00,43,43,0,5,0,38,38
4634,hosp_covid_dis_covid_hours_for,74677,2021-03-18,Четверг,07:00,50,50,0,9,0,41,41
4635,hosp_covid_dis_covid_hours_for,74679,2021-03-18,Четверг,08:00,55,55,0,21,6,34,28
4636,hosp_covid_dis_covid_hours_for,74681,2021-03-18,Четверг,09:00,57,57,0,41,8,16,8
4637,hosp_covid_dis_covid_hours_for,74683,2021-03-18,Четверг,10:00,65,65,0,89,10,-24,-34
4638,hosp_covid_dis_covid_hours_for,74685,2021-03-18,Четверг,11:00,72,72,0,125,10,-53,-63
4639,hosp_covid_dis_covid_hours_for,74687,2021-03-18,Четверг,12:00,81,80,1,184,16,-103,-119
4640,hosp_covid_dis_covid_hours_for,74689,2021-03-18,Четверг,13:00,112,106,6,245,19,-133,-152
4641,hosp_covid_dis_covid_hours_for,74691,2021-03-18,Четверг,14:00,142,129,13,277,19,-135,-154
4642,hosp_covid_dis_covid_hours_for,74693,2021-03-18,Четверг,15:00,165,152,13,298,22,-133,-155
4643,hosp_covid_dis_covid_hours_for,74695,2021-03-18,Четверг,16:00,189,174,15,311,23,-122,-145
4644,hosp_covid_dis_covid_hours_for,74697,2021-03-18,Четверг,17:00,222,203,19,327,25,-105,-130
4645,hosp_covid_dis_covid_hours_for,74699,2021-03-18,Четверг,18:00,245,222,23,335,27,-90,-117
4646,hosp_covid_dis_covid_hours_for,74701,2021-03-18,Четверг,19:00,270,244,26,338,30,-68,-98
4647,hosp_covid_dis_covid_hours_for,74703,2021-03-18,Четверг,20:00,301,270,31,343,30,-42,-72
4648,hosp_covid_dis_covid_hours_for,74705,2021-03-18,Четверг,21:00,318,285,33,343,30,-25,-55
4649,hosp_covid_dis_covid_hours_for,74707,2021-03-18,Четверг,22:00,330,297,33,346,30,-16,-46
4650,hosp_covid_dis_covid_hours_for,74713,2021-03-18,Четверг,23:00,344,311,33,348,30,-4,-34
4651,hosp_covid_dis_covid_hours_for,74716,2021-03-19,Пятница,01:00,8,8,0,3,0,5,5
4652,hosp_covid_dis_covid_hours_for,74717,2021-03-18,Четверг,сутки,361,327,34,349,30,12,-18
4653,hosp_covid_dis_covid_hours_for,74719,2021-03-19,Пятница,02:00,20,20,0,6,0,14,14
4654,hosp_covid_dis_covid_hours_for,74721,2021-03-19,Пятница,03:00,27,27,0,6,0,21,21
4655,hosp_covid_dis_covid_hours_for,74723,2021-03-19,Пятница,04:00,34,34,0,7,0,27,27
4656,hosp_covid_dis_covid_hours_for,74725,2021-03-19,Пятница,05:00,39,39,0,8,0,31,31
4657,hosp_covid_dis_covid_hours_for,74727,2021-03-19,Пятница,06:00,41,40,1,8,0,33,33
4658,hosp_covid_dis_covid_hours_for,74729,2021-03-19,Пятница,07:00,42,41,1,11,0,31,31
4659,hosp_covid_dis_covid_hours_for,74731,2021-03-19,Пятница,08:00,42,41,1,23,4,19,15
4660,hosp_covid_dis_covid_hours_for,74733,2021-03-19,Пятница,09:00,50,49,1,37,7,13,6
4661,hosp_covid_dis_covid_hours_for,74735,2021-03-19,Пятница,10:00,53,51,2,77,14,-24,-38
4662,hosp_covid_dis_covid_hours_for,74737,2021-03-19,Пятница,11:00,65,60,5,128,15,-63,-78
4663,hosp_covid_dis_covid_hours_for,74739,2021-03-19,Пятница,12:00,83,78,5,178,18,-95,-113
4664,hosp_covid_dis_covid_hours_for,74741,2021-03-19,Пятница,13:00,108,100,8,226,18,-118,-136
4665,hosp_covid_dis_covid_hours_for,74743,2021-03-19,Пятница,14:00,141,130,11,261,25,-120,-145
4666,hosp_covid_dis_covid_hours_for,74745,2021-03-19,Пятница,15:00,178,165,13,324,25,-146,-171
4667,hosp_covid_dis_covid_hours_for,74747,2021-03-19,Пятница,16:00,213,196,17,363,25,-150,-175
4668,hosp_covid_dis_covid_hours_for,74749,2021-03-19,Пятница,17:00,255,229,26,394,28,-139,-167
4669,hosp_covid_dis_covid_hours_for,74751,2021-03-19,Пятница,18:00,284,254,30,402,33,-118,-151
4670,hosp_covid_dis_covid_hours_for,74753,2021-03-19,Пятница,19:00,308,274,34,418,33,-110,-143
4671,hosp_covid_dis_covid_hours_for,74755,2021-03-19,Пятница,20:00,334,297,37,427,35,-93,-128
4672,hosp_covid_dis_covid_hours_for,74757,2021-03-19,Пятница,21:00,348,310,38,427,35,-79,-114
4673,hosp_covid_dis_covid_hours_for,74759,2021-03-19,Пятница,22:00,366,328,38,428,35,-62,-97
4674,hosp_covid_dis_covid_hours_for,74765,2021-03-19,Пятница,23:00,387,347,40,431,35,-44,-79
4675,hosp_covid_dis_covid_hours_for,74768,2021-03-20,Суббота,01:00,5,5,0,0,0,5,5
4676,hosp_covid_dis_covid_hours_for,74769,2021-03-19,Пятница,сутки,414,373,41,433,35,-19,-54
4677,hosp_covid_dis_covid_hours_for,74771,2021-03-20,Суббота,02:00,14,14,0,4,0,10,10
4678,hosp_covid_dis_covid_hours_for,74773,2021-03-20,Суббота,03:00,25,25,0,4,0,21,21
4679,hosp_covid_dis_covid_hours_for,74775,2021-03-20,Суббота,04:00,30,30,0,4,0,26,26
4680,hosp_covid_dis_covid_hours_for,74777,2021-03-20,Суббота,05:00,31,31,0,5,0,26,26
4681,hosp_covid_dis_covid_hours_for,74779,2021-03-20,Суббота,06:00,32,32,0,5,0,27,27
4682,hosp_covid_dis_covid_hours_for,74781,2021-03-20,Суббота,07:00,35,35,0,14,0,21,21
4683,hosp_covid_dis_covid_hours_for,74783,2021-03-20,Суббота,08:00,36,36,0,29,2,7,5
4684,hosp_covid_dis_covid_hours_for,74785,2021-03-20,Суббота,09:00,39,38,1,39,7,0,-7
4685,hosp_covid_dis_covid_hours_for,74787,2021-03-20,Суббота,10:00,42,41,1,58,12,-16,-28
4686,hosp_covid_dis_covid_hours_for,74789,2021-03-20,Суббота,11:00,48,46,2,82,13,-34,-47
4687,hosp_covid_dis_covid_hours_for,74791,2021-03-20,Суббота,12:00,66,64,2,106,18,-40,-58
4688,hosp_covid_dis_covid_hours_for,74793,2021-03-20,Суббота,13:00,79,76,3,152,20,-73,-93
4689,hosp_covid_dis_covid_hours_for,74795,2021-03-20,Суббота,14:00,111,102,9,171,20,-60,-80
4690,hosp_covid_dis_covid_hours_for,74797,2021-03-20,Суббота,15:00,134,123,11,184,20,-50,-70
4691,hosp_covid_dis_covid_hours_for,74799,2021-03-20,Суббота,16:00,157,144,13,189,22,-32,-54
4692,hosp_covid_dis_covid_hours_for,74801,2021-03-20,Суббота,17:00,178,158,20,194,25,-16,-41
4693,hosp_covid_dis_covid_hours_for,74803,2021-03-20,Суббота,18:00,195,172,23,198,25,-3,-28
4694,hosp_covid_dis_covid_hours_for,74805,2021-03-20,Суббота,19:00,216,190,26,205,25,11,-14
4695,hosp_covid_dis_covid_hours_for,74807,2021-03-20,Суббота,20:00,243,215,28,207,25,36,11
4696,hosp_covid_dis_covid_hours_for,74809,2021-03-20,Суббота,21:00,255,226,29,208,25,47,22
4697,hosp_covid_dis_covid_hours_for,74811,2021-03-20,Суббота,22:00,263,234,29,210,25,53,28
4698,hosp_covid_dis_covid_hours_for,74817,2021-03-20,Суббота,23:00,281,250,31,213,26,68,42
4699,hosp_covid_dis_covid_hours_for,74820,2021-03-21,Воскресенье,01:00,0,0,0,0,0,0,0
4700,hosp_covid_dis_covid_hours_for,74821,2021-03-20,Суббота,сутки,292,261,31,218,26,74,48
4701,hosp_covid_dis_covid_hours_for,74823,2021-03-21,Воскресенье,02:00,8,8,0,0,0,8,8
4702,hosp_covid_dis_covid_hours_for,74825,2021-03-21,Воскресенье,03:00,18,18,0,2,0,16,16
4703,hosp_covid_dis_covid_hours_for,74827,2021-03-21,Воскресенье,04:00,24,24,0,3,0,21,21
4704,hosp_covid_dis_covid_hours_for,74829,2021-03-21,Воскресенье,05:00,27,27,0,4,0,23,23
4705,hosp_covid_dis_covid_hours_for,74831,2021-03-21,Воскресенье,06:00,30,30,0,4,0,26,26
4706,hosp_covid_dis_covid_hours_for,74833,2021-03-21,Воскресенье,07:00,32,32,0,5,0,27,27
4707,hosp_covid_dis_covid_hours_for,74835,2021-03-21,Воскресенье,08:00,35,35,0,12,3,23,20
4708,hosp_covid_dis_covid_hours_for,74837,2021-03-21,Воскресенье,09:00,38,38,0,31,6,7,1
4709,hosp_covid_dis_covid_hours_for,74839,2021-03-21,Воскресенье,10:00,39,39,0,60,14,-21,-35
4710,hosp_covid_dis_covid_hours_for,74841,2021-03-21,Воскресенье,11:00,43,43,0,77,17,-34,-51
4711,hosp_covid_dis_covid_hours_for,74843,2021-03-21,Воскресенье,12:00,51,50,1,101,28,-50,-78
4712,hosp_covid_dis_covid_hours_for,74845,2021-03-21,Воскресенье,13:00,65,64,1,116,30,-51,-81
4713,hosp_covid_dis_covid_hours_for,74847,2021-03-21,Воскресенье,14:00,86,85,1,140,31,-54,-85
4714,hosp_covid_dis_covid_hours_for,74849,2021-03-21,Воскресенье,15:00,116,111,5,144,33,-28,-61
4715,hosp_covid_dis_covid_hours_for,74851,2021-03-21,Воскресенье,16:00,132,125,7,148,40,-16,-56
4716,hosp_covid_dis_covid_hours_for,74853,2021-03-21,Воскресенье,17:00,144,137,7,156,40,-12,-52
4717,hosp_covid_dis_covid_hours_for,74855,2021-03-21,Воскресенье,18:00,162,154,8,158,40,4,-36
4718,hosp_covid_dis_covid_hours_for,74857,2021-03-21,Воскресенье,19:00,180,172,8,158,40,22,-18
4719,hosp_covid_dis_covid_hours_for,74859,2021-03-21,Воскресенье,20:00,190,182,8,160,40,30,-10
4720,hosp_covid_dis_covid_hours_for,74861,2021-03-21,Воскресенье,21:00,202,194,8,161,40,41,1
4721,hosp_covid_dis_covid_hours_for,74863,2021-03-21,Воскресенье,22:00,219,211,8,162,41,57,16
4722,hosp_covid_dis_covid_hours_for,74869,2021-03-21,Воскресенье,23:00,233,225,8,163,42,70,28
4723,hosp_covid_dis_covid_hours_for,74872,2021-03-22,Понедельник,01:00,4,4,0,11,0,-7,-7
4724,hosp_covid_dis_covid_hours_for,74873,2021-03-21,Воскресенье,сутки,250,242,8,163,44,87,43
4725,hosp_covid_dis_covid_hours_for,74875,2021-03-22,Понедельник,02:00,9,9,0,11,0,-2,-2
4726,hosp_covid_dis_covid_hours_for,74877,2021-03-22,Понедельник,03:00,15,15,0,11,0,4,4
4727,hosp_covid_dis_covid_hours_for,74879,2021-03-22,Понедельник,04:00,17,17,0,11,0,6,6
4728,hosp_covid_dis_covid_hours_for,74881,2021-03-22,Понедельник,05:00,21,21,0,12,0,9,9
4729,hosp_covid_dis_covid_hours_for,74883,2021-03-22,Понедельник,06:00,24,24,0,12,0,12,12
4730,hosp_covid_dis_covid_hours_for,74885,2021-03-22,Понедельник,07:00,31,31,0,19,0,12,12
4731,hosp_covid_dis_covid_hours_for,74887,2021-03-22,Понедельник,08:00,36,36,0,25,6,11,5
4732,hosp_covid_dis_covid_hours_for,74889,2021-03-22,Понедельник,09:00,36,36,0,33,11,3,-8
4733,hosp_covid_dis_covid_hours_for,74891,2021-03-22,Понедельник,10:00,43,42,1,56,14,-13,-27
4734,hosp_covid_dis_covid_hours_for,74893,2021-03-22,Понедельник,11:00,50,49,1,104,15,-54,-69
4735,hosp_covid_dis_covid_hours_for,74895,2021-03-22,Понедельник,12:00,74,71,3,162,15,-88,-103
4736,hosp_covid_dis_covid_hours_for,74897,2021-03-22,Понедельник,13:00,89,83,6,218,21,-129,-150
4737,hosp_covid_dis_covid_hours_for,74899,2021-03-22,Понедельник,14:00,116,108,8,261,25,-145,-170
4738,hosp_covid_dis_covid_hours_for,74901,2021-03-22,Понедельник,15:00,151,134,17,326,24,-175,-199
4739,hosp_covid_dis_covid_hours_for,74903,2021-03-22,Понедельник,16:00,184,157,27,356,24,-172,-196
4740,hosp_covid_dis_covid_hours_for,74905,2021-03-22,Понедельник,17:00,217,186,31,371,24,-154,-178
4741,hosp_covid_dis_covid_hours_for,74907,2021-03-22,Понедельник,18:00,250,213,37,388,29,-138,-167
4742,hosp_covid_dis_covid_hours_for,74909,2021-03-22,Понедельник,19:00,289,245,44,417,33,-128,-161
4743,hosp_covid_dis_covid_hours_for,74911,2021-03-22,Понедельник,20:00,345,298,47,431,34,-86,-120
4744,hosp_covid_dis_covid_hours_for,74913,2021-03-22,Понедельник,21:00,368,318,50,433,34,-65,-99
4745,hosp_covid_dis_covid_hours_for,74919,2021-03-22,Понедельник,23:00,373,322,51,432,34,-59,-93
4746,hosp_covid_dis_covid_hours_for,74922,2021-03-23,Вторник,01:00,10,10,0,4,0,6,6
4747,hosp_covid_dis_covid_hours_for,74923,2021-03-22,Понедельник,сутки,391,340,51,431,34,-40,-74
4748,hosp_covid_dis_covid_hours_for,74925,2021-03-23,Вторник,02:00,20,20,0,5,0,15,15
4749,hosp_covid_dis_covid_hours_for,74927,2021-03-23,Вторник,03:00,42,41,1,5,0,37,37
4750,hosp_covid_dis_covid_hours_for,74929,2021-03-23,Вторник,04:00,51,50,1,6,0,45,45
4751,hosp_covid_dis_covid_hours_for,74931,2021-03-23,Вторник,05:00,58,57,1,6,0,52,52
4752,hosp_covid_dis_covid_hours_for,74933,2021-03-23,Вторник,06:00,59,58,1,7,0,52,52
4753,hosp_covid_dis_covid_hours_for,74935,2021-03-23,Вторник,07:00,63,62,1,7,1,56,55
4754,hosp_covid_dis_covid_hours_for,74937,2021-03-23,Вторник,08:00,67,66,1,12,6,55,49
4755,hosp_covid_dis_covid_hours_for,74939,2021-03-23,Вторник,09:00,74,73,1,26,7,48,41
4756,hosp_covid_dis_covid_hours_for,74941,2021-03-23,Вторник,10:00,77,76,1,72,10,5,-5
4757,hosp_covid_dis_covid_hours_for,74943,2021-03-23,Вторник,11:00,89,87,2,98,13,-9,-22
4758,hosp_covid_dis_covid_hours_for,74945,2021-03-23,Вторник,12:00,103,99,4,144,17,-41,-58
4759,hosp_covid_dis_covid_hours_for,74947,2021-03-23,Вторник,13:00,119,115,4,201,19,-82,-101
4760,hosp_covid_dis_covid_hours_for,74949,2021-03-23,Вторник,14:00,143,137,6,253,24,-110,-134
4761,hosp_covid_dis_covid_hours_for,74951,2021-03-23,Вторник,15:00,173,163,10,276,27,-102,-130
4762,hosp_covid_dis_covid_hours_for,74953,2021-03-23,Вторник,16:00,208,196,12,310,27,-102,-129
4763,hosp_covid_dis_covid_hours_for,74955,2021-03-23,Вторник,17:00,229,215,14,337,27,-108,-135
4764,hosp_covid_dis_covid_hours_for,74957,2021-03-23,Вторник,18:00,248,234,14,348,29,-100,-129
4765,hosp_covid_dis_covid_hours_for,74959,2021-03-23,Вторник,19:00,274,258,16,352,37,-78,-115
4766,hosp_covid_dis_covid_hours_for,74961,2021-03-23,Вторник,20:00,296,280,16,355,39,-59,-98
4767,hosp_covid_dis_covid_hours_for,74963,2021-03-23,Вторник,21:00,321,303,18,360,39,-39,-78
4768,hosp_covid_dis_covid_hours_for,74965,2021-03-23,Вторник,22:00,338,319,19,362,39,-24,-63
4769,hosp_covid_dis_covid_hours_for,74971,2021-03-23,Вторник,23:00,355,335,20,362,39,-7,-46
4770,hosp_covid_dis_covid_hours_for,74974,2021-03-24,Среда,01:00,6,6,0,0,0,6,6
4771,hosp_covid_dis_covid_hours_for,74975,2021-03-23,Вторник,сутки,377,357,20,367,39,10,-29
4772,hosp_covid_dis_covid_hours_for,74977,2021-03-24,Среда,02:00,15,15,0,1,0,14,14
4773,hosp_covid_dis_covid_hours_for,74979,2021-03-24,Среда,03:00,31,31,0,3,0,28,28
4774,hosp_covid_dis_covid_hours_for,74981,2021-03-24,Среда,04:00,45,44,1,3,0,42,42
4775,hosp_covid_dis_covid_hours_for,74983,2021-03-24,Среда,05:00,47,46,1,3,0,44,44
4776,hosp_covid_dis_covid_hours_for,74985,2021-03-24,Среда,06:00,53,52,1,4,0,49,49
4777,hosp_covid_dis_covid_hours_for,74987,2021-03-24,Среда,07:00,54,53,1,7,0,47,47
4778,hosp_covid_dis_covid_hours_for,74989,2021-03-24,Среда,08:00,56,55,1,17,4,39,35
4779,hosp_covid_dis_covid_hours_for,74991,2021-03-24,Среда,09:00,57,57,0,33,6,24,18
4780,hosp_covid_dis_covid_hours_for,74993,2021-03-24,Среда,10:00,59,59,0,63,9,-4,-13
4781,hosp_covid_dis_covid_hours_for,74995,2021-03-24,Среда,11:00,74,73,1,100,11,-26,-37
4782,hosp_covid_dis_covid_hours_for,74997,2021-03-24,Среда,12:00,87,86,1,162,14,-74,-88
4783,hosp_covid_dis_covid_hours_for,74999,2021-03-24,Среда,13:00,121,117,4,193,16,-72,-88
4784,hosp_covid_dis_covid_hours_for,75001,2021-03-24,Среда,14:00,153,147,6,245,17,-92,-109
4785,hosp_covid_dis_covid_hours_for,75003,2021-03-24,Среда,15:00,177,169,8,289,26,-112,-138
4786,hosp_covid_dis_covid_hours_for,75005,2021-03-24,Среда,16:00,202,190,12,317,26,-115,-141
4787,hosp_covid_dis_covid_hours_for,75007,2021-03-24,Среда,17:00,241,223,18,340,28,-99,-127
4788,hosp_covid_dis_covid_hours_for,75009,2021-03-24,Среда,18:00,272,252,20,350,30,-78,-108
4789,hosp_covid_dis_covid_hours_for,75011,2021-03-24,Среда,19:00,302,279,23,355,37,-53,-90
4790,hosp_covid_dis_covid_hours_for,75013,2021-03-24,Среда,20:00,328,304,24,357,40,-29,-69
4791,hosp_covid_dis_covid_hours_for,75015,2021-03-24,Среда,21:00,347,320,27,358,41,-11,-52
4792,hosp_covid_dis_covid_hours_for,75017,2021-03-24,Среда,22:00,369,338,31,361,41,8,-33
4793,hosp_covid_dis_covid_hours_for,75023,2021-03-24,Среда,23:00,383,349,34,364,41,19,-22
4794,hosp_covid_dis_covid_hours_for,75026,2021-03-25,Четверг,01:00,9,9,0,8,0,1,1
4795,hosp_covid_dis_covid_hours_for,75027,2021-03-24,Среда,сутки,397,363,34,367,41,30,-11
4796,hosp_covid_dis_covid_hours_for,75029,2021-03-25,Четверг,02:00,15,14,1,9,1,6,5
4797,hosp_covid_dis_covid_hours_for,75031,2021-03-25,Четверг,03:00,23,22,1,9,1,14,13
4798,hosp_covid_dis_covid_hours_for,75033,2021-03-25,Четверг,04:00,27,26,1,10,1,17,16
4799,hosp_covid_dis_covid_hours_for,75035,2021-03-25,Четверг,05:00,31,30,1,10,1,21,20
4800,hosp_covid_dis_covid_hours_for,75037,2021-03-25,Четверг,06:00,39,38,1,10,1,29,28
4801,hosp_covid_dis_covid_hours_for,75039,2021-03-25,Четверг,07:00,40,39,1,15,2,25,23
4802,hosp_covid_dis_covid_hours_for,75041,2021-03-25,Четверг,08:00,43,42,1,24,10,19,9
4803,hosp_covid_dis_covid_hours_for,75043,2021-03-25,Четверг,09:00,53,52,1,33,10,20,10
4804,hosp_covid_dis_covid_hours_for,75045,2021-03-25,Четверг,10:00,58,57,1,70,14,-12,-26
4805,hosp_covid_dis_covid_hours_for,75047,2021-03-25,Четверг,11:00,71,69,2,123,18,-52,-70
4806,hosp_covid_dis_covid_hours_for,75049,2021-03-25,Четверг,12:00,88,85,3,172,27,-84,-111
4807,hosp_covid_dis_covid_hours_for,75051,2021-03-25,Четверг,13:00,115,110,5,223,38,-108,-146
4808,hosp_covid_dis_covid_hours_for,75053,2021-03-25,Четверг,14:00,140,133,7,262,41,-122,-163
4809,hosp_covid_dis_covid_hours_for,75055,2021-03-25,Четверг,15:00,172,162,10,293,42,-121,-163
4810,hosp_covid_dis_covid_hours_for,75057,2021-03-25,Четверг,16:00,197,182,15,316,42,-119,-161
4811,hosp_covid_dis_covid_hours_for,75059,2021-03-25,Четверг,17:00,224,204,20,327,42,-103,-145
4812,hosp_covid_dis_covid_hours_for,75061,2021-03-25,Четверг,18:00,257,237,20,336,49,-79,-128
4813,hosp_covid_dis_covid_hours_for,75063,2021-03-25,Четверг,19:00,289,262,27,352,55,-62,-118
4814,hosp_covid_dis_covid_hours_for,75065,2021-03-25,Четверг,20:00,314,286,28,379,56,-65,-121
4815,hosp_covid_dis_covid_hours_for,75067,2021-03-25,Четверг,21:00,337,307,30,387,60,-50,-110
4816,hosp_covid_dis_covid_hours_for,75069,2021-03-25,Четверг,22:00,360,329,31,389,61,-29,-90
4817,hosp_covid_dis_covid_hours_for,75075,2021-03-25,Четверг,23:00,382,349,33,389,62,-7,-69
4818,hosp_covid_dis_covid_hours_for,75078,2021-03-26,Пятница,01:00,12,11,1,2,0,10,10
4819,hosp_covid_dis_covid_hours_for,75079,2021-03-25,Четверг,сутки,407,372,35,392,62,15,-47
4820,hosp_covid_dis_covid_hours_for,75081,2021-03-26,Пятница,02:00,25,24,1,6,0,19,19
4821,hosp_covid_dis_covid_hours_for,75083,2021-03-26,Пятница,03:00,37,36,1,7,0,30,30
4822,hosp_covid_dis_covid_hours_for,75085,2021-03-26,Пятница,04:00,40,39,1,7,0,33,33
4823,hosp_covid_dis_covid_hours_for,75087,2021-03-26,Пятница,05:00,41,40,1,7,0,34,34
4824,hosp_covid_dis_covid_hours_for,75089,2021-03-26,Пятница,06:00,46,45,1,8,0,38,38
4825,hosp_covid_dis_covid_hours_for,75091,2021-03-26,Пятница,07:00,47,46,1,13,0,34,34
4826,hosp_covid_dis_covid_hours_for,75093,2021-03-26,Пятница,08:00,48,47,1,18,1,30,29
4827,hosp_covid_dis_covid_hours_for,75095,2021-03-26,Пятница,09:00,49,48,1,43,10,6,-4
4828,hosp_covid_dis_covid_hours_for,75097,2021-03-26,Пятница,10:00,57,54,3,102,11,-45,-56
4829,hosp_covid_dis_covid_hours_for,75099,2021-03-26,Пятница,11:00,71,65,6,149,11,-78,-89
4830,hosp_covid_dis_covid_hours_for,75101,2021-03-26,Пятница,12:00,87,81,6,193,16,-106,-122
4831,hosp_covid_dis_covid_hours_for,75103,2021-03-26,Пятница,13:00,109,104,5,268,29,-159,-188
4832,hosp_covid_dis_covid_hours_for,75105,2021-03-26,Пятница,14:00,135,127,8,307,29,-172,-201
4833,hosp_covid_dis_covid_hours_for,75107,2021-03-26,Пятница,15:00,161,151,10,342,29,-181,-210
4834,hosp_covid_dis_covid_hours_for,75109,2021-03-26,Пятница,16:00,185,174,11,368,31,-183,-214
4835,hosp_covid_dis_covid_hours_for,75111,2021-03-26,Пятница,17:00,225,211,14,403,31,-178,-209
4836,hosp_covid_dis_covid_hours_for,75113,2021-03-26,Пятница,18:00,256,237,19,414,38,-158,-196
4837,hosp_covid_dis_covid_hours_for,75115,2021-03-26,Пятница,19:00,297,276,21,430,41,-133,-174
4838,hosp_covid_dis_covid_hours_for,75117,2021-03-26,Пятница,20:00,325,297,28,437,40,-112,-152
4839,hosp_covid_dis_covid_hours_for,75119,2021-03-26,Пятница,21:00,359,328,31,441,41,-82,-123
4840,hosp_covid_dis_covid_hours_for,75121,2021-03-26,Пятница,22:00,383,349,34,441,41,-58,-99
4841,hosp_covid_dis_covid_hours_for,75127,2021-03-26,Пятница,23:00,396,361,35,441,43,-45,-88
4842,hosp_covid_dis_covid_hours_for,75130,2021-03-27,Суббота,01:00,9,7,2,4,0,5,5
4843,hosp_covid_dis_covid_hours_for,75131,2021-03-26,Пятница,сутки,426,389,37,446,43,-20,-64
4844,hosp_covid_dis_covid_hours_for,75133,2021-03-27,Суббота,02:00,17,15,2,4,0,13,13
4845,hosp_covid_dis_covid_hours_for,75135,2021-03-27,Суббота,03:00,23,21,2,4,0,19,19
4846,hosp_covid_dis_covid_hours_for,75137,2021-03-27,Суббота,04:00,30,28,2,4,0,26,26
4847,hosp_covid_dis_covid_hours_for,75139,2021-03-27,Суббота,05:00,33,31,2,4,0,29,29
4848,hosp_covid_dis_covid_hours_for,75141,2021-03-27,Суббота,06:00,34,32,2,4,0,30,30
4849,hosp_covid_dis_covid_hours_for,75143,2021-03-27,Суббота,07:00,38,36,2,8,0,30,30
4850,hosp_covid_dis_covid_hours_for,75145,2021-03-27,Суббота,08:00,40,38,2,16,0,24,24
4851,hosp_covid_dis_covid_hours_for,75147,2021-03-27,Суббота,09:00,41,39,2,38,5,3,-2
4852,hosp_covid_dis_covid_hours_for,75149,2021-03-27,Суббота,10:00,43,41,2,61,12,-18,-30
4853,hosp_covid_dis_covid_hours_for,75151,2021-03-27,Суббота,11:00,53,49,4,104,15,-51,-66
4854,hosp_covid_dis_covid_hours_for,75153,2021-03-27,Суббота,12:00,65,60,5,130,25,-65,-90
4855,hosp_covid_dis_covid_hours_for,75155,2021-03-27,Суббота,13:00,87,77,10,149,25,-62,-87
4856,hosp_covid_dis_covid_hours_for,75157,2021-03-27,Суббота,14:00,115,102,13,174,25,-59,-84
4857,hosp_covid_dis_covid_hours_for,75159,2021-03-27,Суббота,15:00,144,128,16,193,25,-49,-74
4858,hosp_covid_dis_covid_hours_for,75161,2021-03-27,Суббота,16:00,171,152,19,197,26,-26,-52
4859,hosp_covid_dis_covid_hours_for,75163,2021-03-27,Суббота,17:00,189,170,19,205,30,-16,-46
4860,hosp_covid_dis_covid_hours_for,75165,2021-03-27,Суббота,18:00,207,188,19,208,31,-1,-32
4861,hosp_covid_dis_covid_hours_for,75167,2021-03-27,Суббота,19:00,235,215,20,220,31,15,-16
4862,hosp_covid_dis_covid_hours_for,75169,2021-03-27,Суббота,20:00,258,233,25,221,31,37,6
4863,hosp_covid_dis_covid_hours_for,75171,2021-03-27,Суббота,21:00,272,245,27,222,31,50,19
4864,hosp_covid_dis_covid_hours_for,75173,2021-03-27,Суббота,22:00,287,258,29,225,31,62,31
4865,hosp_covid_dis_covid_hours_for,75179,2021-03-27,Суббота,23:00,304,274,30,228,31,76,45
4866,hosp_covid_dis_covid_hours_for,75182,2021-03-28,Воскресенье,01:00,6,5,1,0,0,6,6
4867,hosp_covid_dis_covid_hours_for,75183,2021-03-27,Суббота,сутки,326,296,30,233,31,93,62
4868,hosp_covid_dis_covid_hours_for,75185,2021-03-28,Воскресенье,02:00,12,11,1,2,0,10,10
4869,hosp_covid_dis_covid_hours_for,75187,2021-03-28,Воскресенье,03:00,18,17,1,2,0,16,16
4870,hosp_covid_dis_covid_hours_for,75189,2021-03-28,Воскресенье,04:00,21,20,1,2,0,19,19
4871,hosp_covid_dis_covid_hours_for,75191,2021-03-28,Воскресенье,05:00,23,22,1,2,0,21,21
4872,hosp_covid_dis_covid_hours_for,75193,2021-03-28,Воскресенье,06:00,24,23,1,2,0,22,22
4873,hosp_covid_dis_covid_hours_for,75195,2021-03-28,Воскресенье,07:00,29,28,1,8,0,21,21
4874,hosp_covid_dis_covid_hours_for,75197,2021-03-28,Воскресенье,08:00,32,30,2,13,0,19,19
4875,hosp_covid_dis_covid_hours_for,75199,2021-03-28,Воскресенье,09:00,37,35,2,28,0,8,8
4876,hosp_covid_dis_covid_hours_for,75201,2021-03-28,Воскресенье,10:00,40,37,3,50,6,-10,-16
4877,hosp_covid_dis_covid_hours_for,75203,2021-03-28,Воскресенье,11:00,52,49,3,72,8,-20,-28
4878,hosp_covid_dis_covid_hours_for,75205,2021-03-28,Воскресенье,12:00,66,61,5,93,17,-27,-44
4879,hosp_covid_dis_covid_hours_for,75207,2021-03-28,Воскресенье,13:00,82,76,6,104,19,-22,-41
4880,hosp_covid_dis_covid_hours_for,75209,2021-03-28,Воскресенье,14:00,104,92,12,114,19,-10,-29
4881,hosp_covid_dis_covid_hours_for,75211,2021-03-28,Воскресенье,15:00,120,105,15,121,20,-1,-21
4882,hosp_covid_dis_covid_hours_for,75213,2021-03-28,Воскресенье,16:00,133,116,17,124,20,10,-10
4883,hosp_covid_dis_covid_hours_for,75215,2021-03-28,Воскресенье,17:00,147,126,21,126,21,21,0
4884,hosp_covid_dis_covid_hours_for,75217,2021-03-28,Воскресенье,18:00,168,145,23,135,21,33,12
4885,hosp_covid_dis_covid_hours_for,75219,2021-03-28,Воскресенье,19:00,186,160,26,142,21,44,22
4886,hosp_covid_dis_covid_hours_for,75221,2021-03-28,Воскресенье,20:00,197,170,27,148,21,49,28
4887,hosp_covid_dis_covid_hours_for,75223,2021-03-28,Воскресенье,21:00,209,178,31,156,21,53,32
4888,hosp_covid_dis_covid_hours_for,75225,2021-03-28,Воскресенье,22:00,218,186,32,164,21,54,33
4889,hosp_covid_dis_covid_hours_for,75231,2021-03-28,Воскресенье,23:00,235,202,33,164,21,71,50
4890,hosp_covid_dis_covid_hours_for,75234,2021-03-29,Понедельник,01:00,7,7,0,7,0,0,0
4891,hosp_covid_dis_covid_hours_for,75235,2021-03-28,Воскресенье,сутки,251,217,34,169,21,82,61
4892,hosp_covid_dis_covid_hours_for,75237,2021-03-29,Понедельник,02:00,14,14,0,7,0,7,7
4893,hosp_covid_dis_covid_hours_for,75239,2021-03-29,Понедельник,03:00,20,20,0,8,0,12,12
4894,hosp_covid_dis_covid_hours_for,75241,2021-03-29,Понедельник,04:00,24,24,0,9,0,15,15
4895,hosp_covid_dis_covid_hours_for,75243,2021-03-29,Понедельник,05:00,30,30,0,9,0,21,21
4896,hosp_covid_dis_covid_hours_for,75245,2021-03-29,Понедельник,06:00,32,32,0,10,0,22,22
4897,hosp_covid_dis_covid_hours_for,75247,2021-03-29,Понедельник,07:00,33,33,0,11,0,22,22
4898,hosp_covid_dis_covid_hours_for,75249,2021-03-29,Понедельник,08:00,36,36,0,15,0,21,21
4899,hosp_covid_dis_covid_hours_for,75251,2021-03-29,Понедельник,09:00,43,43,0,27,5,16,11
4900,hosp_covid_dis_covid_hours_for,75253,2021-03-29,Понедельник,10:00,47,47,0,54,12,-7,-19
4901,hosp_covid_dis_covid_hours_for,75255,2021-03-29,Понедельник,11:00,54,52,2,95,14,-41,-55
4902,hosp_covid_dis_covid_hours_for,75257,2021-03-29,Понедельник,12:00,68,65,3,134,14,-66,-80
4903,hosp_covid_dis_covid_hours_for,75259,2021-03-29,Понедельник,13:00,93,87,6,182,14,-89,-103
4904,hosp_covid_dis_covid_hours_for,75261,2021-03-29,Понедельник,14:00,129,120,9,239,25,-110,-135
4905,hosp_covid_dis_covid_hours_for,75263,2021-03-29,Понедельник,15:00,156,142,14,285,27,-129,-156
4906,hosp_covid_dis_covid_hours_for,75265,2021-03-29,Понедельник,16:00,186,168,18,327,27,-141,-168
4907,hosp_covid_dis_covid_hours_for,75267,2021-03-29,Понедельник,17:00,221,194,27,368,29,-147,-176
4908,hosp_covid_dis_covid_hours_for,75269,2021-03-29,Понедельник,18:00,250,221,29,380,31,-130,-161
4909,hosp_covid_dis_covid_hours_for,75271,2021-03-29,Понедельник,19:00,299,262,37,396,39,-97,-136
4910,hosp_covid_dis_covid_hours_for,75273,2021-03-29,Понедельник,20:00,325,288,37,406,39,-81,-120
4911,hosp_covid_dis_covid_hours_for,75275,2021-03-29,Понедельник,21:00,347,306,41,413,39,-66,-105
4912,hosp_covid_dis_covid_hours_for,75277,2021-03-29,Понедельник,22:00,373,331,42,413,39,-40,-79
4913,hosp_covid_dis_covid_hours_for,75283,2021-03-29,Понедельник,23:00,392,348,44,415,39,-23,-62
4914,hosp_covid_dis_covid_hours_for,75286,2021-03-30,Вторник,01:00,4,4,0,6,0,-2,-2
4915,hosp_covid_dis_covid_hours_for,75287,2021-03-29,Понедельник,сутки,425,381,44,418,39,7,-32
4916,hosp_covid_dis_covid_hours_for,75289,2021-03-30,Вторник,02:00,17,17,0,6,0,11,11
4917,hosp_covid_dis_covid_hours_for,75291,2021-03-30,Вторник,03:00,29,28,1,7,0,22,22
4918,hosp_covid_dis_covid_hours_for,75293,2021-03-30,Вторник,04:00,41,40,1,8,0,33,33
4919,hosp_covid_dis_covid_hours_for,75295,2021-03-30,Вторник,05:00,46,45,1,9,0,37,37
4920,hosp_covid_dis_covid_hours_for,75297,2021-03-30,Вторник,06:00,48,47,1,10,0,38,38
4921,hosp_covid_dis_covid_hours_for,75299,2021-03-30,Вторник,07:00,49,48,1,11,0,38,38
4922,hosp_covid_dis_covid_hours_for,75301,2021-03-30,Вторник,08:00,53,51,2,22,12,31,19
4923,hosp_covid_dis_covid_hours_for,75303,2021-03-30,Вторник,09:00,64,61,3,32,15,32,17
4924,hosp_covid_dis_covid_hours_for,75305,2021-03-30,Вторник,10:00,70,66,4,63,21,7,-14
4925,hosp_covid_dis_covid_hours_for,75307,2021-03-30,Вторник,11:00,82,77,5,115,24,-33,-57
4926,hosp_covid_dis_covid_hours_for,75309,2021-03-30,Вторник,12:00,98,92,6,180,27,-82,-109
4927,hosp_covid_dis_covid_hours_for,75311,2021-03-30,Вторник,13:00,123,116,7,238,42,-115,-157
4928,hosp_covid_dis_covid_hours_for,75313,2021-03-30,Вторник,14:00,158,147,11,274,42,-116,-158
4929,hosp_covid_dis_covid_hours_for,75315,2021-03-30,Вторник,15:00,190,178,12,323,43,-133,-176
4930,hosp_covid_dis_covid_hours_for,75317,2021-03-30,Вторник,16:00,219,205,14,372,43,-153,-196
4931,hosp_covid_dis_covid_hours_for,75319,2021-03-30,Вторник,17:00,249,229,20,386,43,-137,-180
4932,hosp_covid_dis_covid_hours_for,75321,2021-03-30,Вторник,18:00,285,263,22,416,48,-131,-179
4933,hosp_covid_dis_covid_hours_for,75323,2021-03-30,Вторник,19:00,315,292,23,427,51,-112,-163
4934,hosp_covid_dis_covid_hours_for,75325,2021-03-30,Вторник,20:00,331,307,24,433,52,-102,-154
4935,hosp_covid_dis_covid_hours_for,75327,2021-03-30,Вторник,21:00,358,329,29,438,52,-80,-132
4936,hosp_covid_dis_covid_hours_for,75329,2021-03-30,Вторник,22:00,377,344,33,438,52,-61,-113
4937,hosp_covid_dis_covid_hours_for,75335,2021-03-30,Вторник,23:00,393,359,34,444,52,-51,-103
4938,hosp_covid_dis_covid_hours_for,75338,2021-03-31,Среда,01:00,7,7,0,4,0,3,3
4939,hosp_covid_dis_covid_hours_for,75339,2021-03-30,Вторник,сутки,412,378,34,446,52,-34,-86
4940,hosp_covid_dis_covid_hours_for,75341,2021-03-31,Среда,02:00,23,23,0,4,0,19,19
4941,hosp_covid_dis_covid_hours_for,75343,2021-03-31,Среда,03:00,35,35,0,4,0,31,31
4942,hosp_covid_dis_covid_hours_for,75345,2021-03-31,Среда,04:00,42,42,0,5,0,37,37
4943,hosp_covid_dis_covid_hours_for,75347,2021-03-31,Среда,05:00,48,48,0,6,0,42,42
4944,hosp_covid_dis_covid_hours_for,75349,2021-03-31,Среда,06:00,51,51,0,6,0,45,45
4945,hosp_covid_dis_covid_hours_for,75351,2021-03-31,Среда,07:00,51,51,0,10,0,42,42
4946,hosp_covid_dis_covid_hours_for,75353,2021-03-31,Среда,08:00,52,52,0,17,7,35,28
4947,hosp_covid_dis_covid_hours_for,75355,2021-03-31,Среда,09:00,53,53,0,37,15,16,1
4948,hosp_covid_dis_covid_hours_for,75357,2021-03-31,Среда,10:00,59,58,1,72,18,-13,-31
4949,hosp_covid_dis_covid_hours_for,75359,2021-03-31,Среда,11:00,72,69,3,133,20,-61,-81
4950,hosp_covid_dis_covid_hours_for,75361,2021-03-31,Среда,12:00,85,82,3,184,20,-99,-119
4951,hosp_covid_dis_covid_hours_for,75363,2021-03-31,Среда,13:00,116,110,6,230,25,-114,-139
4952,hosp_covid_dis_covid_hours_for,75365,2021-03-31,Среда,14:00,157,147,10,286,29,-129,-158
4953,hosp_covid_dis_covid_hours_for,75367,2021-03-31,Среда,15:00,190,177,13,350,37,-160,-197
4954,hosp_covid_dis_covid_hours_for,75369,2021-03-31,Среда,16:00,226,206,20,391,40,-165,-205
4955,hosp_covid_dis_covid_hours_for,75371,2021-03-31,Среда,17:00,269,245,24,411,40,-142,-182
4956,hosp_covid_dis_covid_hours_for,75373,2021-03-31,Среда,18:00,310,282,28,425,45,-115,-160
4957,hosp_covid_dis_covid_hours_for,75375,2021-03-31,Среда,19:00,336,308,28,431,47,-95,-142
4958,hosp_covid_dis_covid_hours_for,75377,2021-03-31,Среда,20:00,372,340,32,439,48,-67,-115
4959,hosp_covid_dis_covid_hours_for,75379,2021-03-31,Среда,21:00,399,363,36,441,48,-42,-90
4960,hosp_covid_dis_covid_hours_for,75381,2021-03-31,Среда,22:00,424,383,41,443,48,-19,-67
4961,hosp_covid_dis_covid_hours_for,75387,2021-03-31,Среда,23:00,437,396,41,445,49,-8,-57
4962,hosp_covid_dis_covid_hours_for,75390,2021-04-01,Четверг,01:00,3,3,0,1,0,2,2
4963,hosp_covid_dis_covid_hours_for,75391,2021-03-31,Среда,сутки,454,413,41,447,49,7,-42
4964,hosp_covid_dis_covid_hours_for,75393,2021-04-01,Четверг,02:00,17,17,0,1,0,16,16
4965,hosp_covid_dis_covid_hours_for,75395,2021-04-01,Четверг,03:00,28,27,1,1,0,27,27
4966,hosp_covid_dis_covid_hours_for,75397,2021-04-01,Четверг,04:00,32,31,1,1,0,31,31
4967,hosp_covid_dis_covid_hours_for,75399,2021-04-01,Четверг,05:00,38,37,1,2,0,36,36
4968,hosp_covid_dis_covid_hours_for,75401,2021-04-01,Четверг,06:00,43,42,1,4,0,39,39
4969,hosp_covid_dis_covid_hours_for,75403,2021-04-01,Четверг,07:00,46,45,1,10,0,36,36
4970,hosp_covid_dis_covid_hours_for,75405,2021-04-01,Четверг,08:00,51,50,1,14,4,37,33
4971,hosp_covid_dis_covid_hours_for,75407,2021-04-01,Четверг,09:00,53,51,2,21,5,32,27
4972,hosp_covid_dis_covid_hours_for,75409,2021-04-01,Четверг,10:00,59,57,2,63,9,-4,-13
4973,hosp_covid_dis_covid_hours_for,75411,2021-04-01,Четверг,11:00,70,68,2,104,12,-34,-46
4974,hosp_covid_dis_covid_hours_for,75413,2021-04-01,Четверг,12:00,81,77,4,144,14,-63,-77
4975,hosp_covid_dis_covid_hours_for,75415,2021-04-01,Четверг,13:00,99,93,6,178,20,-79,-99
4976,hosp_covid_dis_covid_hours_for,75417,2021-04-01,Четверг,14:00,140,127,13,210,29,-70,-99
4977,hosp_covid_dis_covid_hours_for,75419,2021-04-01,Четверг,15:00,172,157,15,248,29,-76,-105
4978,hosp_covid_dis_covid_hours_for,75421,2021-04-01,Четверг,16:00,215,194,21,278,29,-63,-92
4979,hosp_covid_dis_covid_hours_for,75423,2021-04-01,Четверг,17:00,238,210,28,295,29,-57,-86
4980,hosp_covid_dis_covid_hours_for,75425,2021-04-01,Четверг,18:00,258,228,30,324,30,-66,-96
4981,hosp_covid_dis_covid_hours_for,75427,2021-04-01,Четверг,19:00,291,255,36,341,32,-50,-82
4982,hosp_covid_dis_covid_hours_for,75429,2021-04-01,Четверг,20:00,317,278,39,343,32,-26,-58
4983,hosp_covid_dis_covid_hours_for,75431,2021-04-01,Четверг,21:00,344,303,41,345,32,-1,-33
4984,hosp_covid_dis_covid_hours_for,75433,2021-04-01,Четверг,22:00,368,325,43,346,32,22,-10
4985,hosp_covid_dis_covid_hours_for,75439,2021-04-01,Четверг,23:00,385,341,44,347,32,38,6
4986,hosp_covid_dis_covid_hours_for,75442,2021-04-02,Пятница,01:00,10,10,0,1,0,9,9
4987,hosp_covid_dis_covid_hours_for,75443,2021-04-01,Четверг,сутки,402,356,46,349,32,53,21
4988,hosp_covid_dis_covid_hours_for,75445,2021-04-02,Пятница,02:00,21,21,0,8,0,13,13
4989,hosp_covid_dis_covid_hours_for,75447,2021-04-02,Пятница,03:00,30,30,0,9,0,21,21
4990,hosp_covid_dis_covid_hours_for,75449,2021-04-02,Пятница,04:00,32,32,0,10,0,22,22
4991,hosp_covid_dis_covid_hours_for,75451,2021-04-02,Пятница,05:00,35,35,0,10,0,26,26
4992,hosp_covid_dis_covid_hours_for,75453,2021-04-02,Пятница,06:00,36,36,0,10,0,26,26
4993,hosp_covid_dis_covid_hours_for,75455,2021-04-02,Пятница,07:00,40,40,0,11,0,29,29
4994,hosp_covid_dis_covid_hours_for,75457,2021-04-02,Пятница,08:00,44,44,0,16,0,28,28
4995,hosp_covid_dis_covid_hours_for,75459,2021-04-02,Пятница,10:01,58,58,0,78,4,-20,-24
4996,hosp_covid_dis_covid_hours_for,75461,2021-04-02,Пятница,11:00,61,61,0,154,8,-93,-101
4997,hosp_covid_dis_covid_hours_for,75463,2021-04-02,Пятница,12:00,79,78,1,215,9,-136,-145
4998,hosp_covid_dis_covid_hours_for,75465,2021-04-02,Пятница,13:00,105,100,5,263,16,-158,-174
4999,hosp_covid_dis_covid_hours_for,75467,2021-04-02,Пятница,14:00,138,129,9,324,24,-186,-210
5000,hosp_covid_dis_covid_hours_for,75469,2021-04-02,Пятница,15:00,173,159,14,389,24,-216,-240
5001,hosp_covid_dis_covid_hours_for,75471,2021-04-02,Пятница,16:00,202,187,15,432,24,-230,-254
5002,hosp_covid_dis_covid_hours_for,75473,2021-04-02,Пятница,17:00,235,210,25,469,27,-234,-261
5003,hosp_covid_dis_covid_hours_for,75475,2021-04-02,Пятница,18:00,264,234,30,480,28,-216,-244
5004,hosp_covid_dis_covid_hours_for,75477,2021-04-02,Пятница,19:00,285,253,32,499,28,-214,-242
5005,hosp_covid_dis_covid_hours_for,75479,2021-04-02,Пятница,20:00,304,270,34,505,28,-201,-229
5006,hosp_covid_dis_covid_hours_for,75481,2021-04-02,Пятница,21:00,323,288,35,506,28,-183,-211
5007,hosp_covid_dis_covid_hours_for,75483,2021-04-02,Пятница,22:00,352,314,38,513,28,-161,-189
5008,hosp_covid_dis_covid_hours_for,75489,2021-04-02,Пятница,23:00,375,334,41,518,29,-143,-172
5009,hosp_covid_dis_covid_hours_for,75492,2021-04-03,Суббота,01:00,10,10,0,4,0,6,6
5010,hosp_covid_dis_covid_hours_for,75493,2021-04-02,Пятница,сутки,396,352,44,522,29,-126,-155
5011,hosp_covid_dis_covid_hours_for,75495,2021-04-03,Суббота,02:00,26,25,1,5,0,21,21
5012,hosp_covid_dis_covid_hours_for,75497,2021-04-03,Суббота,03:00,41,40,1,5,1,36,35
5013,hosp_covid_dis_covid_hours_for,75499,2021-04-03,Суббота,04:00,50,49,1,5,1,45,44
5014,hosp_covid_dis_covid_hours_for,75501,2021-04-03,Суббота,05:00,54,53,1,5,1,49,48
5015,hosp_covid_dis_covid_hours_for,75503,2021-04-03,Суббота,06:00,55,54,1,6,1,49,48
5016,hosp_covid_dis_covid_hours_for,75505,2021-04-03,Суббота,07:00,56,55,1,11,1,45,44
5017,hosp_covid_dis_covid_hours_for,75507,2021-04-03,Суббота,08:00,59,58,1,20,1,39,38
5018,hosp_covid_dis_covid_hours_for,75509,2021-04-03,Суббота,09:00,62,61,1,41,1,21,20
5019,hosp_covid_dis_covid_hours_for,75511,2021-04-03,Суббота,10:00,66,65,1,75,1,-9,-10
5020,hosp_covid_dis_covid_hours_for,75513,2021-04-03,Суббота,11:00,75,73,2,98,1,-23,-24
5021,hosp_covid_dis_covid_hours_for,75515,2021-04-03,Суббота,12:00,89,87,2,134,11,-45,-56
5022,hosp_covid_dis_covid_hours_for,75517,2021-04-03,Суббота,13:00,105,102,3,155,18,-50,-68
5023,hosp_covid_dis_covid_hours_for,75519,2021-04-03,Суббота,14:00,128,122,6,176,20,-48,-68
5024,hosp_covid_dis_covid_hours_for,75521,2021-04-03,Суббота,15:00,166,151,15,187,26,-21,-47
5025,hosp_covid_dis_covid_hours_for,75523,2021-04-03,Суббота,16:00,178,161,17,192,26,-14,-40
5026,hosp_covid_dis_covid_hours_for,75525,2021-04-03,Суббота,17:00,201,183,18,194,28,7,-21
5027,hosp_covid_dis_covid_hours_for,75527,2021-04-03,Суббота,18:00,221,200,21,206,28,15,-13
5028,hosp_covid_dis_covid_hours_for,75529,2021-04-03,Суббота,19:00,250,223,27,227,28,23,-5
5029,hosp_covid_dis_covid_hours_for,75531,2021-04-03,Суббота,20:00,270,242,28,232,28,38,10
5030,hosp_covid_dis_covid_hours_for,75533,2021-04-03,Суббота,21:00,291,263,28,233,28,58,30
5031,hosp_covid_dis_covid_hours_for,75535,2021-04-03,Суббота,22:00,303,275,28,238,28,65,37
5032,hosp_covid_dis_covid_hours_for,75541,2021-04-03,Суббота,23:00,326,293,33,239,28,87,59
5033,hosp_covid_dis_covid_hours_for,75544,2021-04-04,Воскресенье,01:00,7,7,0,1,0,6,6
5034,hosp_covid_dis_covid_hours_for,75545,2021-04-03,Суббота,сутки,340,306,34,242,28,98,70
5035,hosp_covid_dis_covid_hours_for,75547,2021-04-04,Воскресенье,02:00,14,14,0,1,0,13,13
5036,hosp_covid_dis_covid_hours_for,75549,2021-04-04,Воскресенье,03:00,18,18,0,1,0,17,17
5037,hosp_covid_dis_covid_hours_for,75551,2021-04-04,Воскресенье,04:00,26,26,0,2,0,24,24
5038,hosp_covid_dis_covid_hours_for,75553,2021-04-04,Воскресенье,05:00,30,30,0,3,0,27,27
5039,hosp_covid_dis_covid_hours_for,75555,2021-04-04,Воскресенье,06:00,31,31,0,4,0,27,27
5040,hosp_covid_dis_covid_hours_for,75557,2021-04-04,Воскресенье,07:00,32,32,0,13,0,19,19
5041,hosp_covid_dis_covid_hours_for,75559,2021-04-04,Воскресенье,08:00,34,34,0,22,2,12,10
5042,hosp_covid_dis_covid_hours_for,75561,2021-04-04,Воскресенье,09:00,34,34,0,33,3,1,-2
5043,hosp_covid_dis_covid_hours_for,75563,2021-04-04,Воскресенье,10:00,36,35,1,54,7,-18,-25
5044,hosp_covid_dis_covid_hours_for,75565,2021-04-04,Воскресенье,11:00,48,46,2,82,8,-34,-42
5045,hosp_covid_dis_covid_hours_for,75567,2021-04-04,Воскресенье,12:00,63,60,3,107,12,-44,-56
5046,hosp_covid_dis_covid_hours_for,75569,2021-04-04,Воскресенье,13:00,85,81,4,122,20,-37,-57
5047,hosp_covid_dis_covid_hours_for,75571,2021-04-04,Воскресенье,14:00,99,94,5,130,20,-31,-51
5048,hosp_covid_dis_covid_hours_for,75573,2021-04-04,Воскресенье,15:00,132,125,7,142,23,-10,-33
5049,hosp_covid_dis_covid_hours_for,75575,2021-04-04,Воскресенье,16:00,153,146,7,149,23,4,-19
5050,hosp_covid_dis_covid_hours_for,75577,2021-04-04,Воскресенье,17:00,180,171,9,157,24,23,-1
5051,hosp_covid_dis_covid_hours_for,75579,2021-04-04,Воскресенье,18:00,196,185,11,158,24,38,14
5052,hosp_covid_dis_covid_hours_for,75581,2021-04-04,Воскресенье,19:00,213,202,11,161,24,52,28
5053,hosp_covid_dis_covid_hours_for,75583,2021-04-04,Воскресенье,20:00,235,223,12,163,24,72,48
5054,hosp_covid_dis_covid_hours_for,75585,2021-04-04,Воскресенье,21:00,255,242,13,166,26,89,63
5055,hosp_covid_dis_covid_hours_for,75587,2021-04-04,Воскресенье,22:00,265,252,13,167,26,98,72
5056,hosp_covid_dis_covid_hours_for,75593,2021-04-04,Воскресенье,23:00,280,267,13,167,26,113,87
5057,hosp_covid_dis_covid_hours_for,75596,2021-04-05,Понедельник,01:00,11,11,0,3,0,8,8
5058,hosp_covid_dis_covid_hours_for,75597,2021-04-04,Воскресенье,сутки,298,285,13,168,26,130,104
5059,hosp_covid_dis_covid_hours_for,75599,2021-04-05,Понедельник,02:00,19,19,0,5,0,14,14
5060,hosp_covid_dis_covid_hours_for,75601,2021-04-05,Понедельник,03:00,26,26,0,6,0,20,20
5061,hosp_covid_dis_covid_hours_for,75603,2021-04-05,Понедельник,04:00,39,39,0,7,0,32,32
5062,hosp_covid_dis_covid_hours_for,75605,2021-04-05,Понедельник,05:00,45,45,0,7,0,38,38
5063,hosp_covid_dis_covid_hours_for,75607,2021-04-05,Понедельник,06:00,47,47,0,9,0,38,38
5064,hosp_covid_dis_covid_hours_for,75609,2021-04-05,Понедельник,07:00,53,53,0,14,0,39,39
5065,hosp_covid_dis_covid_hours_for,75611,2021-04-05,Понедельник,08:00,56,56,0,25,0,31,31
5066,hosp_covid_dis_covid_hours_for,75613,2021-04-05,Понедельник,09:00,58,58,0,35,1,23,22
5067,hosp_covid_dis_covid_hours_for,75615,2021-04-05,Понедельник,10:00,62,61,1,80,2,-18,-20
5068,hosp_covid_dis_covid_hours_for,75617,2021-04-05,Понедельник,11:00,69,68,1,126,2,-57,-59
5069,hosp_covid_dis_covid_hours_for,75619,2021-04-05,Понедельник,12:00,82,81,1,205,3,-123,-126
5070,hosp_covid_dis_covid_hours_for,75621,2021-04-05,Понедельник,13:00,112,109,3,276,13,-164,-177
5071,hosp_covid_dis_covid_hours_for,75623,2021-04-05,Понедельник,14:00,155,149,6,311,13,-156,-169
5072,hosp_covid_dis_covid_hours_for,75625,2021-04-05,Понедельник,15:00,186,174,12,348,14,-162,-176
5073,hosp_covid_dis_covid_hours_for,75627,2021-04-05,Понедельник,16:00,219,204,15,377,14,-158,-172
5074,hosp_covid_dis_covid_hours_for,75629,2021-04-05,Понедельник,17:00,248,226,22,431,14,-183,-197
5075,hosp_covid_dis_covid_hours_for,75631,2021-04-05,Понедельник,18:00,299,273,26,455,18,-156,-174
5076,hosp_covid_dis_covid_hours_for,75633,2021-04-05,Понедельник,19:00,335,306,29,468,21,-133,-154
5077,hosp_covid_dis_covid_hours_for,75635,2021-04-05,Понедельник,20:00,360,328,32,470,29,-110,-139
5078,hosp_covid_dis_covid_hours_for,75637,2021-04-05,Понедельник,21:00,382,348,34,475,29,-93,-122
5079,hosp_covid_dis_covid_hours_for,75639,2021-04-05,Понедельник,22:00,413,376,37,477,29,-64,-93
5080,hosp_covid_dis_covid_hours_for,75645,2021-04-05,Понедельник,23:00,447,407,40,479,29,-32,-61
5081,hosp_covid_dis_covid_hours_for,75648,2021-04-06,Вторник,01:00,12,12,0,10,0,2,2
5082,hosp_covid_dis_covid_hours_for,75649,2021-04-05,Понедельник,сутки,471,430,41,481,29,-10,-39
5083,hosp_covid_dis_covid_hours_for,75651,2021-04-06,Вторник,02:00,27,27,0,10,0,17,17
5084,hosp_covid_dis_covid_hours_for,75653,2021-04-06,Вторник,03:00,42,42,0,11,0,31,31
5085,hosp_covid_dis_covid_hours_for,75655,2021-04-06,Вторник,04:00,51,51,0,14,0,37,37
5086,hosp_covid_dis_covid_hours_for,75657,2021-04-06,Вторник,05:00,57,57,0,14,0,43,43
5087,hosp_covid_dis_covid_hours_for,75659,2021-04-06,Вторник,06:00,59,59,0,15,0,44,44
5088,hosp_covid_dis_covid_hours_for,75661,2021-04-06,Вторник,07:00,62,62,0,19,0,43,43
5089,hosp_covid_dis_covid_hours_for,75663,2021-04-06,Вторник,08:00,67,67,0,27,4,40,36
5090,hosp_covid_dis_covid_hours_for,75665,2021-04-06,Вторник,09:00,72,72,0,45,4,27,23
5091,hosp_covid_dis_covid_hours_for,75667,2021-04-06,Вторник,10:00,79,79,0,89,8,-10,-18
5092,hosp_covid_dis_covid_hours_for,75669,2021-04-06,Вторник,11:00,87,86,1,155,11,-68,-79
5093,hosp_covid_dis_covid_hours_for,75671,2021-04-06,Вторник,12:00,114,112,2,176,14,-62,-76
5094,hosp_covid_dis_covid_hours_for,75673,2021-04-06,Вторник,13:00,146,144,2,239,24,-93,-117
5095,hosp_covid_dis_covid_hours_for,75675,2021-04-06,Вторник,14:00,181,176,5,316,26,-135,-161
5096,hosp_covid_dis_covid_hours_for,75677,2021-04-06,Вторник,15:00,219,212,7,350,28,-131,-159
5097,hosp_covid_dis_covid_hours_for,75679,2021-04-06,Вторник,16:00,251,238,13,377,34,-126,-160
5098,hosp_covid_dis_covid_hours_for,75681,2021-04-06,Вторник,17:00,282,268,14,411,34,-129,-163
5099,hosp_covid_dis_covid_hours_for,75683,2021-04-06,Вторник,18:00,320,299,21,434,35,-114,-149
5100,hosp_covid_dis_covid_hours_for,75685,2021-04-06,Вторник,19:00,347,324,23,436,41,-89,-130
5101,hosp_covid_dis_covid_hours_for,75687,2021-04-06,Вторник,20:00,385,357,28,447,41,-62,-103
5102,hosp_covid_dis_covid_hours_for,75689,2021-04-06,Вторник,21:00,401,372,29,452,44,-51,-95
5103,hosp_covid_dis_covid_hours_for,75691,2021-04-06,Вторник,22:00,422,393,29,454,44,-32,-76
5104,hosp_covid_dis_covid_hours_for,75697,2021-04-06,Вторник,23:00,440,410,30,455,45,-15,-60
5105,hosp_covid_dis_covid_hours_for,75700,2021-04-07,Среда,01:00,10,10,0,6,0,4,4
5106,hosp_covid_dis_covid_hours_for,75701,2021-04-06,Вторник,сутки,458,428,30,458,45,0,-45
5107,hosp_covid_dis_covid_hours_for,75703,2021-04-07,Среда,02:00,26,26,0,9,0,17,17
5108,hosp_covid_dis_covid_hours_for,75705,2021-04-07,Среда,03:00,42,41,1,11,0,31,31
5109,hosp_covid_dis_covid_hours_for,75707,2021-04-07,Среда,04:00,50,49,1,12,0,38,38
5110,hosp_covid_dis_covid_hours_for,75709,2021-04-07,Среда,05:00,59,58,1,12,0,47,47
5111,hosp_covid_dis_covid_hours_for,75711,2021-04-07,Среда,06:00,60,59,1,12,0,48,48
5112,hosp_covid_dis_covid_hours_for,75713,2021-04-07,Среда,07:00,66,65,1,13,0,53,53
5113,hosp_covid_dis_covid_hours_for,75715,2021-04-07,Среда,08:00,69,68,1,23,2,46,44
5114,hosp_covid_dis_covid_hours_for,75717,2021-04-07,Среда,09:00,76,75,1,49,5,27,22
5115,hosp_covid_dis_covid_hours_for,75719,2021-04-07,Среда,10:00,81,78,3,86,12,-4,-16
5116,hosp_covid_dis_covid_hours_for,75721,2021-04-07,Среда,11:00,92,87,5,142,16,-50,-66
5117,hosp_covid_dis_covid_hours_for,75723,2021-04-07,Среда,12:00,109,102,7,182,16,-73,-89
5118,hosp_covid_dis_covid_hours_for,75725,2021-04-07,Среда,13:00,132,124,8,231,28,-99,-127
5119,hosp_covid_dis_covid_hours_for,75727,2021-04-07,Среда,14:00,167,152,15,260,28,-93,-121
5120,hosp_covid_dis_covid_hours_for,75729,2021-04-07,Среда,15:00,201,183,18,297,28,-96,-124
5121,hosp_covid_dis_covid_hours_for,75731,2021-04-07,Среда,16:00,228,209,19,339,33,-111,-144
5122,hosp_covid_dis_covid_hours_for,75733,2021-04-07,Среда,17:00,264,235,29,377,38,-113,-151
5123,hosp_covid_dis_covid_hours_for,75735,2021-04-07,Среда,18:00,302,271,31,401,39,-99,-138
5124,hosp_covid_dis_covid_hours_for,75737,2021-04-07,Среда,19:00,343,310,33,405,40,-62,-102
5125,hosp_covid_dis_covid_hours_for,75739,2021-04-07,Среда,20:00,379,343,36,415,40,-36,-76
5126,hosp_covid_dis_covid_hours_for,75741,2021-04-07,Среда,21:00,405,366,39,422,40,-17,-57
5127,hosp_covid_dis_covid_hours_for,75743,2021-04-07,Среда,22:00,431,391,40,426,40,5,-35
5128,hosp_covid_dis_covid_hours_for,75749,2021-04-07,Среда,23:00,450,408,42,427,40,23,-17
5129,hosp_covid_dis_covid_hours_for,75752,2021-04-08,Четверг,01:00,8,7,1,1,0,7,7
5130,hosp_covid_dis_covid_hours_for,75753,2021-04-07,Среда,сутки,468,424,44,429,40,39,-1
5131,hosp_covid_dis_covid_hours_for,75755,2021-04-08,Четверг,02:00,20,19,1,3,0,17,17
5132,hosp_covid_dis_covid_hours_for,75757,2021-04-08,Четверг,03:00,36,32,4,3,0,33,33
5133,hosp_covid_dis_covid_hours_for,75759,2021-04-08,Четверг,04:00,38,34,4,3,0,35,35
5134,hosp_covid_dis_covid_hours_for,75761,2021-04-08,Четверг,05:00,43,39,4,3,0,40,40
5135,hosp_covid_dis_covid_hours_for,75763,2021-04-08,Четверг,06:00,46,42,4,3,0,43,43
5136,hosp_covid_dis_covid_hours_for,75765,2021-04-08,Четверг,07:00,45,42,3,10,0,36,36
5137,hosp_covid_dis_covid_hours_for,75767,2021-04-08,Четверг,08:00,46,43,3,19,3,27,24
5138,hosp_covid_dis_covid_hours_for,75769,2021-04-08,Четверг,09:00,51,48,3,30,9,21,12
5139,hosp_covid_dis_covid_hours_for,75771,2021-04-08,Четверг,10:00,56,52,4,70,10,-14,-24
5140,hosp_covid_dis_covid_hours_for,75773,2021-04-08,Четверг,11:00,69,63,6,121,10,-52,-62
5141,hosp_covid_dis_covid_hours_for,75775,2021-04-08,Четверг,12:00,89,79,10,170,14,-81,-95
5142,hosp_covid_dis_covid_hours_for,75777,2021-04-08,Четверг,13:00,119,107,12,213,22,-94,-116
5143,hosp_covid_dis_covid_hours_for,75779,2021-04-08,Четверг,14:00,148,129,19,240,32,-92,-124
5144,hosp_covid_dis_covid_hours_for,75781,2021-04-08,Четверг,15:00,176,153,23,278,32,-102,-134
5145,hosp_covid_dis_covid_hours_for,75783,2021-04-08,Четверг,16:00,205,177,28,315,31,-110,-141
5146,hosp_covid_dis_covid_hours_for,75785,2021-04-08,Четверг,17:00,243,208,35,343,33,-100,-133
5147,hosp_covid_dis_covid_hours_for,75787,2021-04-08,Четверг,18:00,273,233,40,362,34,-89,-123
5148,hosp_covid_dis_covid_hours_for,75789,2021-04-08,Четверг,19:00,305,262,43,363,34,-58,-92
5149,hosp_covid_dis_covid_hours_for,75791,2021-04-08,Четверг,20:00,330,286,44,369,34,-39,-73
5150,hosp_covid_dis_covid_hours_for,75793,2021-04-08,Четверг,21:00,362,318,44,370,35,-8,-43
5151,hosp_covid_dis_covid_hours_for,75795,2021-04-08,Четверг,22:00,383,335,48,371,35,12,-23
5152,hosp_covid_dis_covid_hours_for,75801,2021-04-08,Четверг,23:00,412,359,53,375,35,37,2
5153,hosp_covid_dis_covid_hours_for,75804,2021-04-09,Пятница,01:00,6,5,1,4,0,2,2
5154,hosp_covid_dis_covid_hours_for,75805,2021-04-08,Четверг,сутки,436,382,54,375,35,61,26
5155,hosp_covid_dis_covid_hours_for,75807,2021-04-09,Пятница,02:00,11,10,1,5,0,6,6
5156,hosp_covid_dis_covid_hours_for,75809,2021-04-09,Пятница,03:00,20,19,1,6,0,14,14
5157,hosp_covid_dis_covid_hours_for,75811,2021-04-09,Пятница,04:00,26,25,1,7,0,19,19
5158,hosp_covid_dis_covid_hours_for,75813,2021-04-09,Пятница,05:00,27,26,1,7,0,20,20
5159,hosp_covid_dis_covid_hours_for,75815,2021-04-09,Пятница,06:00,29,28,1,8,0,21,21
5160,hosp_covid_dis_covid_hours_for,75817,2021-04-09,Пятница,07:00,30,29,1,11,0,19,19
5161,hosp_covid_dis_covid_hours_for,75819,2021-04-09,Пятница,08:00,32,31,1,23,3,9,6
5162,hosp_covid_dis_covid_hours_for,75821,2021-04-09,Пятница,09:00,34,33,1,41,5,-7,-12
5163,hosp_covid_dis_covid_hours_for,75823,2021-04-09,Пятница,10:00,41,40,1,100,9,-59,-68
5164,hosp_covid_dis_covid_hours_for,75825,2021-04-09,Пятница,11:00,50,47,3,162,12,-112,-124
5165,hosp_covid_dis_covid_hours_for,75827,2021-04-09,Пятница,12:00,65,62,3,213,20,-148,-168
5166,hosp_covid_dis_covid_hours_for,75829,2021-04-09,Пятница,13:00,88,84,4,277,30,-189,-219
5167,hosp_covid_dis_covid_hours_for,75831,2021-04-09,Пятница,14:00,133,122,11,337,31,-204,-235
5168,hosp_covid_dis_covid_hours_for,75833,2021-04-09,Пятница,15:00,166,150,16,390,32,-224,-256
5169,hosp_covid_dis_covid_hours_for,75835,2021-04-09,Пятница,16:00,199,178,21,423,35,-224,-259
5170,hosp_covid_dis_covid_hours_for,75837,2021-04-09,Пятница,17:00,233,206,27,447,39,-214,-253
5171,hosp_covid_dis_covid_hours_for,75839,2021-04-09,Пятница,18:00,267,236,31,484,41,-217,-258
5172,hosp_covid_dis_covid_hours_for,75841,2021-04-09,Пятница,19:00,304,267,37,495,43,-191,-234
5173,hosp_covid_dis_covid_hours_for,75843,2021-04-09,Пятница,20:00,333,291,42,496,43,-163,-206
5174,hosp_covid_dis_covid_hours_for,75845,2021-04-09,Пятница,21:00,361,316,45,498,44,-137,-181
5175,hosp_covid_dis_covid_hours_for,75847,2021-04-09,Пятница,22:00,388,340,48,503,44,-115,-159
5176,hosp_covid_dis_covid_hours_for,75853,2021-04-09,Пятница,23:00,417,365,52,506,44,-89,-133
5177,hosp_covid_dis_covid_hours_for,75856,2021-04-10,Суббота,01:00,8,8,0,3,0,5,5
5178,hosp_covid_dis_covid_hours_for,75857,2021-04-09,Пятница,сутки,440,386,54,508,44,-68,-112
5179,hosp_covid_dis_covid_hours_for,75859,2021-04-10,Суббота,02:00,17,17,0,3,0,14,14
5180,hosp_covid_dis_covid_hours_for,75861,2021-04-10,Суббота,03:00,32,32,0,3,0,29,29
5181,hosp_covid_dis_covid_hours_for,75863,2021-04-10,Суббота,04:00,40,40,0,3,0,37,37
5182,hosp_covid_dis_covid_hours_for,75865,2021-04-10,Суббота,05:00,43,43,0,4,0,39,39
5183,hosp_covid_dis_covid_hours_for,75867,2021-04-10,Суббота,06:00,46,46,0,4,0,42,42
5184,hosp_covid_dis_covid_hours_for,75869,2021-04-10,Суббота,07:00,47,47,0,10,0,38,38
5185,hosp_covid_dis_covid_hours_for,75871,2021-04-10,Суббота,08:00,48,48,0,20,6,28,22
5186,hosp_covid_dis_covid_hours_for,75873,2021-04-10,Суббота,09:00,52,52,0,37,9,15,6
5187,hosp_covid_dis_covid_hours_for,75875,2021-04-10,Суббота,10:00,54,54,0,71,14,-17,-31
5188,hosp_covid_dis_covid_hours_for,75877,2021-04-10,Суббота,11:00,61,61,0,107,16,-46,-62
5189,hosp_covid_dis_covid_hours_for,75879,2021-04-10,Суббота,12:00,72,71,1,158,22,-86,-108
5190,hosp_covid_dis_covid_hours_for,75881,2021-04-10,Суббота,13:00,96,92,4,210,31,-114,-145
5191,hosp_covid_dis_covid_hours_for,75883,2021-04-10,Суббота,14:00,116,110,6,232,36,-116,-152
5192,hosp_covid_dis_covid_hours_for,75885,2021-04-10,Суббота,15:00,142,134,8,241,38,-99,-137
5193,hosp_covid_dis_covid_hours_for,75887,2021-04-10,Суббота,16:00,159,149,10,252,40,-93,-133
5194,hosp_covid_dis_covid_hours_for,75889,2021-04-10,Суббота,17:00,181,166,15,258,45,-77,-122
5195,hosp_covid_dis_covid_hours_for,75891,2021-04-10,Суббота,18:00,202,186,16,268,45,-66,-111
5196,hosp_covid_dis_covid_hours_for,75893,2021-04-10,Суббота,19:00,219,202,17,269,45,-50,-95
5197,hosp_covid_dis_covid_hours_for,75895,2021-04-10,Суббота,20:00,239,218,21,276,45,-36,-82
5198,hosp_covid_dis_covid_hours_for,75897,2021-04-10,Суббота,21:00,259,237,22,277,45,-18,-63
5199,hosp_covid_dis_covid_hours_for,75899,2021-04-10,Суббота,22:00,279,256,23,281,45,-2,-47
5200,hosp_covid_dis_covid_hours_for,75905,2021-04-10,Суббота,23:00,296,273,23,283,45,13,-32
5201,hosp_covid_dis_covid_hours_for,75908,2021-04-11,Воскресенье,01:00,4,4,0,2,0,2,2
5202,hosp_covid_dis_covid_hours_for,75909,2021-04-10,Суббота,сутки,320,297,23,286,45,34,-11
5203,hosp_covid_dis_covid_hours_for,75911,2021-04-11,Воскресенье,02:00,14,14,0,3,0,11,11
5204,hosp_covid_dis_covid_hours_for,75913,2021-04-11,Воскресенье,03:00,24,24,0,3,0,21,21
5205,hosp_covid_dis_covid_hours_for,75915,2021-04-11,Воскресенье,04:00,35,35,0,3,0,32,32
5206,hosp_covid_dis_covid_hours_for,75917,2021-04-11,Воскресенье,05:00,38,38,0,3,0,35,35
5207,hosp_covid_dis_covid_hours_for,75919,2021-04-11,Воскресенье,06:00,41,41,0,3,0,38,38
5208,hosp_covid_dis_covid_hours_for,75921,2021-04-11,Воскресенье,07:00,47,47,0,4,0,43,43
5209,hosp_covid_dis_covid_hours_for,75923,2021-04-11,Воскресенье,08:00,53,53,0,12,4,41,37
5210,hosp_covid_dis_covid_hours_for,75925,2021-04-11,Воскресенье,09:00,53,53,0,38,9,15,6
5211,hosp_covid_dis_covid_hours_for,75927,2021-04-11,Воскресенье,10:00,56,56,0,65,13,-9,-22
5212,hosp_covid_dis_covid_hours_for,75929,2021-04-11,Воскресенье,11:00,65,65,0,97,20,-32,-52
5213,hosp_covid_dis_covid_hours_for,75931,2021-04-11,Воскресенье,12:00,77,75,2,131,24,-54,-78
5214,hosp_covid_dis_covid_hours_for,75933,2021-04-11,Воскресенье,13:00,91,86,5,153,32,-62,-94
5215,hosp_covid_dis_covid_hours_for,75935,2021-04-11,Воскресенье,14:00,112,106,6,162,36,-50,-86
5216,hosp_covid_dis_covid_hours_for,75937,2021-04-11,Воскресенье,15:00,131,124,7,174,38,-43,-81
5217,hosp_covid_dis_covid_hours_for,75939,2021-04-11,Воскресенье,16:00,150,140,10,176,38,-26,-64
5218,hosp_covid_dis_covid_hours_for,75941,2021-04-11,Воскресенье,17:00,166,155,11,183,39,-17,-56
5219,hosp_covid_dis_covid_hours_for,75943,2021-04-11,Воскресенье,18:00,183,171,12,190,39,-7,-46
5220,hosp_covid_dis_covid_hours_for,75945,2021-04-11,Воскресенье,19:00,199,187,12,198,39,1,-38
5221,hosp_covid_dis_covid_hours_for,75947,2021-04-11,Воскресенье,20:00,224,211,13,200,39,24,-14
5222,hosp_covid_dis_covid_hours_for,75949,2021-04-11,Воскресенье,21:00,237,222,15,200,39,37,-2
5223,hosp_covid_dis_covid_hours_for,75951,2021-04-11,Воскресенье,22:00,255,240,15,201,40,54,14
5224,hosp_covid_dis_covid_hours_for,75957,2021-04-11,Воскресенье,23:00,265,247,18,208,40,57,17
5225,hosp_covid_dis_covid_hours_for,75960,2021-04-12,Понедельник,01:00,9,9,0,2,0,7,7
5226,hosp_covid_dis_covid_hours_for,75961,2021-04-11,Воскресенье,сутки,284,264,20,208,40,76,36
5227,hosp_covid_dis_covid_hours_for,75963,2021-04-12,Понедельник,02:00,21,21,0,3,0,18,18
5228,hosp_covid_dis_covid_hours_for,75965,2021-04-12,Понедельник,03:00,29,29,0,3,0,26,26
5229,hosp_covid_dis_covid_hours_for,75967,2021-04-12,Понедельник,04:00,34,34,0,3,0,31,31
5230,hosp_covid_dis_covid_hours_for,75969,2021-04-12,Понедельник,05:00,36,36,0,4,0,32,32
5231,hosp_covid_dis_covid_hours_for,75971,2021-04-12,Понедельник,06:00,40,40,0,5,0,35,35
5232,hosp_covid_dis_covid_hours_for,75973,2021-04-12,Понедельник,07:00,43,43,0,9,1,34,33
5233,hosp_covid_dis_covid_hours_for,75975,2021-04-12,Понедельник,08:00,46,46,0,15,4,31,27
5234,hosp_covid_dis_covid_hours_for,75977,2021-04-12,Понедельник,09:00,47,47,0,29,5,18,13
5235,hosp_covid_dis_covid_hours_for,75979,2021-04-12,Понедельник,10:00,50,50,0,66,6,-16,-22
5236,hosp_covid_dis_covid_hours_for,75981,2021-04-12,Понедельник,11:00,57,57,0,133,6,-76,-82
5237,hosp_covid_dis_covid_hours_for,75983,2021-04-12,Понедельник,12:00,66,66,0,202,7,-136,-143
5238,hosp_covid_dis_covid_hours_for,75985,2021-04-12,Понедельник,13:00,94,94,0,287,18,-193,-211
5239,hosp_covid_dis_covid_hours_for,75987,2021-04-12,Понедельник,14:00,136,133,3,340,23,-204,-227
5240,hosp_covid_dis_covid_hours_for,75989,2021-04-12,Понедельник,15:00,169,164,5,368,24,-199,-223
5241,hosp_covid_dis_covid_hours_for,75991,2021-04-12,Понедельник,16:00,204,195,9,414,27,-210,-237
5242,hosp_covid_dis_covid_hours_for,75993,2021-04-12,Понедельник,17:00,238,228,10,440,34,-202,-236
5243,hosp_covid_dis_covid_hours_for,75995,2021-04-12,Понедельник,18:00,276,261,15,453,38,-177,-215
5244,hosp_covid_dis_covid_hours_for,75997,2021-04-12,Понедельник,19:00,307,288,19,463,38,-156,-194
5245,hosp_covid_dis_covid_hours_for,75999,2021-04-12,Понедельник,20:00,347,321,26,474,41,-127,-168
5246,hosp_covid_dis_covid_hours_for,76001,2021-04-12,Понедельник,21:00,350,324,26,475,41,-125,-166
5247,hosp_covid_dis_covid_hours_for,76003,2021-04-12,Понедельник,22:00,363,334,29,476,42,-113,-155
5248,hosp_covid_dis_covid_hours_for,76009,2021-04-12,Понедельник,23:00,390,361,29,476,42,-86,-128
5249,hosp_covid_dis_covid_hours_for,76012,2021-04-13,Вторник,01:00,14,14,0,8,0,6,6
5250,hosp_covid_dis_covid_hours_for,76013,2021-04-12,Понедельник,сутки,426,394,32,483,42,-57,-99
5251,hosp_covid_dis_covid_hours_for,76015,2021-04-13,Вторник,02:00,27,27,0,10,0,18,18
5252,hosp_covid_dis_covid_hours_for,76017,2021-04-13,Вторник,03:00,40,40,0,10,0,30,30
5253,hosp_covid_dis_covid_hours_for,76019,2021-04-13,Вторник,04:00,48,48,0,13,0,35,35
5254,hosp_covid_dis_covid_hours_for,76021,2021-04-13,Вторник,05:00,55,55,0,13,0,42,42
5255,hosp_covid_dis_covid_hours_for,76023,2021-04-13,Вторник,06:00,62,62,0,15,0,47,47
5256,hosp_covid_dis_covid_hours_for,76025,2021-04-13,Вторник,07:00,66,66,0,19,1,47,46
5257,hosp_covid_dis_covid_hours_for,76027,2021-04-13,Вторник,08:00,68,68,0,18,3,50,47
5258,hosp_covid_dis_covid_hours_for,76029,2021-04-13,Вторник,09:00,70,70,0,35,3,35,32
5259,hosp_covid_dis_covid_hours_for,76031,2021-04-13,Вторник,10:00,77,75,2,67,11,10,-1
5260,hosp_covid_dis_covid_hours_for,76033,2021-04-13,Вторник,11:00,91,88,3,112,17,-21,-38
5261,hosp_covid_dis_covid_hours_for,76035,2021-04-13,Вторник,12:00,108,104,4,178,22,-70,-92
5262,hosp_covid_dis_covid_hours_for,76037,2021-04-13,Вторник,13:00,141,137,4,232,23,-91,-114
5263,hosp_covid_dis_covid_hours_for,76039,2021-04-13,Вторник,14:00,177,165,12,322,27,-145,-172
5264,hosp_covid_dis_covid_hours_for,76041,2021-04-13,Вторник,15:00,211,196,15,361,29,-150,-179
5265,hosp_covid_dis_covid_hours_for,76043,2021-04-13,Вторник,16:00,238,218,20,400,32,-162,-194
5266,hosp_covid_dis_covid_hours_for,76045,2021-04-13,Вторник,17:00,264,242,22,433,40,-169,-209
5267,hosp_covid_dis_covid_hours_for,76047,2021-04-13,Вторник,18:00,302,275,27,466,43,-164,-207
5268,hosp_covid_dis_covid_hours_for,76049,2021-04-13,Вторник,19:00,340,309,31,472,43,-132,-175
5269,hosp_covid_dis_covid_hours_for,76051,2021-04-13,Вторник,20:00,369,334,35,474,43,-105,-148
5270,hosp_covid_dis_covid_hours_for,76053,2021-04-13,Вторник,21:00,399,361,38,478,43,-79,-122
5271,hosp_covid_dis_covid_hours_for,76055,2021-04-13,Вторник,22:00,427,389,38,480,44,-53,-97
5272,hosp_covid_dis_covid_hours_for,76061,2021-04-13,Вторник,23:00,447,408,39,484,44,-38,-82
5273,hosp_covid_dis_covid_hours_for,76064,2021-04-14,Среда,01:00,9,9,0,0,0,9,9
5274,hosp_covid_dis_covid_hours_for,76065,2021-04-13,Вторник,сутки,467,426,41,489,44,-22,-66
5275,hosp_covid_dis_covid_hours_for,76067,2021-04-14,Среда,02:00,29,27,2,1,0,28,28
5276,hosp_covid_dis_covid_hours_for,76069,2021-04-14,Среда,03:00,38,36,2,3,0,35,35
5277,hosp_covid_dis_covid_hours_for,76071,2021-04-14,Среда,04:00,49,47,2,6,0,43,43
5278,hosp_covid_dis_covid_hours_for,76073,2021-04-14,Среда,05:00,54,52,2,7,0,47,47
5279,hosp_covid_dis_covid_hours_for,76075,2021-04-14,Среда,06:00,56,54,2,8,0,48,48
5280,hosp_covid_dis_covid_hours_for,76077,2021-04-14,Среда,07:00,59,57,2,14,0,45,45
5281,hosp_covid_dis_covid_hours_for,76079,2021-04-14,Среда,08:00,61,59,2,29,6,32,26
5282,hosp_covid_dis_covid_hours_for,76081,2021-04-14,Среда,09:00,67,65,2,50,8,17,9
5283,hosp_covid_dis_covid_hours_for,76083,2021-04-14,Среда,10:00,71,69,2,99,10,-28,-38
5284,hosp_covid_dis_covid_hours_for,76085,2021-04-14,Среда,11:00,84,81,3,172,12,-88,-100
5285,hosp_covid_dis_covid_hours_for,76087,2021-04-14,Среда,12:00,100,96,4,229,19,-129,-148
5286,hosp_covid_dis_covid_hours_for,76089,2021-04-14,Среда,13:00,124,119,5,276,26,-152,-178
5287,hosp_covid_dis_covid_hours_for,76091,2021-04-14,Среда,14:00,149,138,11,325,29,-176,-205
5288,hosp_covid_dis_covid_hours_for,76093,2021-04-14,Среда,15:00,187,173,14,361,29,-174,-203
5289,hosp_covid_dis_covid_hours_for,76095,2021-04-14,Среда,16:00,219,201,18,400,31,-181,-212
5290,hosp_covid_dis_covid_hours_for,76097,2021-04-14,Среда,17:00,245,221,24,428,34,-183,-217
5291,hosp_covid_dis_covid_hours_for,76099,2021-04-14,Среда,18:00,281,253,28,446,37,-166,-202
5292,hosp_covid_dis_covid_hours_for,76101,2021-04-14,Среда,19:00,312,283,29,449,37,-137,-174
5293,hosp_covid_dis_covid_hours_for,76103,2021-04-14,Среда,20:00,343,309,34,457,37,-114,-151
5294,hosp_covid_dis_covid_hours_for,76105,2021-04-14,Среда,21:00,377,338,39,465,37,-88,-125
5295,hosp_covid_dis_covid_hours_for,76107,2021-04-14,Среда,22:00,398,356,42,466,37,-68,-105
5296,hosp_covid_dis_covid_hours_for,76113,2021-04-14,Среда,23:00,424,378,46,467,37,-43,-80
5297,hosp_covid_dis_covid_hours_for,76116,2021-04-15,Четверг,01:00,8,8,0,6,0,2,2
5298,hosp_covid_dis_covid_hours_for,76117,2021-04-14,Среда,сутки,450,402,48,470,38,-20,-58
5299,hosp_covid_dis_covid_hours_for,76119,2021-04-15,Четверг,02:00,24,24,0,9,0,15,15
5300,hosp_covid_dis_covid_hours_for,76121,2021-04-15,Четверг,03:00,35,35,0,10,0,26,26
5301,hosp_covid_dis_covid_hours_for,76123,2021-04-15,Четверг,04:00,43,42,1,10,0,33,33
5302,hosp_covid_dis_covid_hours_for,76125,2021-04-15,Четверг,05:00,51,50,1,10,0,41,41
5303,hosp_covid_dis_covid_hours_for,76127,2021-04-15,Четверг,06:00,51,50,1,11,0,40,40
5304,hosp_covid_dis_covid_hours_for,76129,2021-04-15,Четверг,07:00,52,52,0,17,0,35,35
5305,hosp_covid_dis_covid_hours_for,76131,2021-04-15,Четверг,08:00,53,53,0,23,4,30,26
5306,hosp_covid_dis_covid_hours_for,76133,2021-04-15,Четверг,09:00,55,55,0,52,5,3,-2
5307,hosp_covid_dis_covid_hours_for,76135,2021-04-15,Четверг,10:00,58,58,0,96,9,-38,-47
5308,hosp_covid_dis_covid_hours_for,76137,2021-04-15,Четверг,11:00,62,62,0,142,13,-80,-94
5309,hosp_covid_dis_covid_hours_for,76139,2021-04-15,Четверг,12:00,73,71,2,200,13,-127,-140
5310,hosp_covid_dis_covid_hours_for,76141,2021-04-15,Четверг,13:00,109,105,4,254,23,-145,-168
5311,hosp_covid_dis_covid_hours_for,76143,2021-04-15,Четверг,14:00,141,133,8,307,26,-166,-192
5312,hosp_covid_dis_covid_hours_for,76145,2021-04-15,Четверг,15:00,174,163,11,356,30,-182,-212
5313,hosp_covid_dis_covid_hours_for,76147,2021-04-15,Четверг,16:00,206,190,16,392,32,-186,-218
5314,hosp_covid_dis_covid_hours_for,76149,2021-04-15,Четверг,17:00,247,225,22,421,36,-174,-210
5315,hosp_covid_dis_covid_hours_for,76151,2021-04-15,Четверг,18:00,284,258,26,428,40,-144,-184
5316,hosp_covid_dis_covid_hours_for,76153,2021-04-15,Четверг,19:00,319,290,29,441,40,-122,-162
5317,hosp_covid_dis_covid_hours_for,76155,2021-04-15,Четверг,20:00,351,318,33,452,41,-101,-142
5318,hosp_covid_dis_covid_hours_for,76157,2021-04-15,Четверг,21:00,387,351,36,456,42,-69,-111
5319,hosp_covid_dis_covid_hours_for,76159,2021-04-15,Четверг,22:00,415,377,38,457,42,-42,-84
5320,hosp_covid_dis_covid_hours_for,76165,2021-04-15,Четверг,23:00,436,398,38,458,43,-22,-65
5321,hosp_covid_dis_covid_hours_for,76168,2021-04-16,Пятница,01:00,12,12,0,3,0,9,9
5322,hosp_covid_dis_covid_hours_for,76169,2021-04-15,Четверг,сутки,468,429,39,461,44,7,-37
5323,hosp_covid_dis_covid_hours_for,76171,2021-04-16,Пятница,02:00,29,29,0,4,0,25,25
5324,hosp_covid_dis_covid_hours_for,76173,2021-04-16,Пятница,03:00,49,48,1,6,0,43,43
5325,hosp_covid_dis_covid_hours_for,76175,2021-04-16,Пятница,04:00,57,56,1,6,0,51,51
5326,hosp_covid_dis_covid_hours_for,76177,2021-04-16,Пятница,05:00,64,63,1,9,0,55,55
5327,hosp_covid_dis_covid_hours_for,76179,2021-04-16,Пятница,06:00,70,69,1,10,0,60,60
5328,hosp_covid_dis_covid_hours_for,76181,2021-04-16,Пятница,07:00,72,71,1,15,0,57,57
5329,hosp_covid_dis_covid_hours_for,76183,2021-04-16,Пятница,08:00,74,73,1,22,8,52,44
5330,hosp_covid_dis_covid_hours_for,76185,2021-04-16,Пятница,09:00,80,78,2,36,11,44,33
5331,hosp_covid_dis_covid_hours_for,76187,2021-04-16,Пятница,10:00,80,78,2,87,15,-7,-22
5332,hosp_covid_dis_covid_hours_for,76189,2021-04-16,Пятница,11:00,90,87,3,169,21,-79,-100
5333,hosp_covid_dis_covid_hours_for,76191,2021-04-16,Пятница,12:00,103,100,3,224,23,-121,-144
5334,hosp_covid_dis_covid_hours_for,76193,2021-04-16,Пятница,13:00,125,121,4,280,29,-155,-184
5335,hosp_covid_dis_covid_hours_for,76195,2021-04-16,Пятница,14:00,154,147,7,338,30,-184,-214
5336,hosp_covid_dis_covid_hours_for,76197,2021-04-16,Пятница,15:00,185,173,12,377,37,-192,-229
5337,hosp_covid_dis_covid_hours_for,76199,2021-04-16,Пятница,16:00,216,199,17,441,40,-225,-265
5338,hosp_covid_dis_covid_hours_for,76201,2021-04-16,Пятница,17:00,250,228,22,474,40,-224,-264
5339,hosp_covid_dis_covid_hours_for,76203,2021-04-16,Пятница,18:00,297,269,28,493,40,-196,-236
5340,hosp_covid_dis_covid_hours_for,76205,2021-04-16,Пятница,19:00,329,295,34,509,40,-180,-220
5341,hosp_covid_dis_covid_hours_for,76207,2021-04-16,Пятница,20:00,361,326,35,519,42,-158,-200
5342,hosp_covid_dis_covid_hours_for,76209,2021-04-16,Пятница,21:00,383,346,37,520,42,-137,-179
5343,hosp_covid_dis_covid_hours_for,76211,2021-04-16,Пятница,22:01,408,370,38,525,42,-117,-159
5344,hosp_covid_dis_covid_hours_for,76217,2021-04-16,Пятница,23:00,429,391,38,529,42,-100,-142
5345,hosp_covid_dis_covid_hours_for,76220,2021-04-17,Суббота,01:00,9,9,0,0,0,9,9
5346,hosp_covid_dis_covid_hours_for,76221,2021-04-16,Пятница,сутки,447,409,38,532,42,-85,-127
5347,hosp_covid_dis_covid_hours_for,76223,2021-04-17,Суббота,02:00,25,25,0,1,0,24,24
5348,hosp_covid_dis_covid_hours_for,76225,2021-04-17,Суббота,03:00,36,36,0,2,0,34,34
5349,hosp_covid_dis_covid_hours_for,76227,2021-04-17,Суббота,04:00,44,44,0,2,0,42,42
5350,hosp_covid_dis_covid_hours_for,76229,2021-04-17,Суббота,05:00,52,52,0,3,0,49,49
5351,hosp_covid_dis_covid_hours_for,76231,2021-04-17,Суббота,06:00,55,55,0,3,0,52,52
5352,hosp_covid_dis_covid_hours_for,76233,2021-04-17,Суббота,07:00,56,56,0,7,0,49,49
5353,hosp_covid_dis_covid_hours_for,76235,2021-04-17,Суббота,08:00,56,56,0,21,3,35,32
5354,hosp_covid_dis_covid_hours_for,76237,2021-04-17,Суббота,09:00,59,59,0,40,2,19,17
5355,hosp_covid_dis_covid_hours_for,76239,2021-04-17,Суббота,10:00,63,63,0,78,7,-15,-22
5356,hosp_covid_dis_covid_hours_for,76241,2021-04-17,Суббота,11:00,73,72,1,118,10,-45,-55
5357,hosp_covid_dis_covid_hours_for,76243,2021-04-17,Суббота,12:16,84,83,1,170,19,-86,-105
5358,hosp_covid_dis_covid_hours_for,76245,2021-04-17,Суббота,13:00,99,97,2,191,22,-92,-114
5359,hosp_covid_dis_covid_hours_for,76247,2021-04-17,Суббота,14:00,127,123,4,204,24,-77,-101
5360,hosp_covid_dis_covid_hours_for,76249,2021-04-17,Суббота,15:00,150,146,4,215,26,-65,-91
5361,hosp_covid_dis_covid_hours_for,76251,2021-04-17,Суббота,16:00,173,164,9,221,26,-48,-74
5362,hosp_covid_dis_covid_hours_for,76253,2021-04-17,Суббота,17:00,199,184,15,229,31,-30,-61
5363,hosp_covid_dis_covid_hours_for,76255,2021-04-17,Суббота,18:00,224,208,16,232,31,-8,-39
5364,hosp_covid_dis_covid_hours_for,76257,2021-04-17,Суббота,19:00,253,236,17,239,32,14,-18
5365,hosp_covid_dis_covid_hours_for,76259,2021-04-17,Суббота,20:00,277,258,19,241,32,36,4
5366,hosp_covid_dis_covid_hours_for,76261,2021-04-17,Суббота,21:00,293,272,21,244,33,49,16
5367,hosp_covid_dis_covid_hours_for,76263,2021-04-17,Суббота,22:00,312,290,22,244,33,68,35
5368,hosp_covid_dis_covid_hours_for,76269,2021-04-17,Суббота,23:00,326,303,23,248,33,78,45
5369,hosp_covid_dis_covid_hours_for,76272,2021-04-18,Воскресенье,01:00,10,10,0,2,0,8,8
5370,hosp_covid_dis_covid_hours_for,76273,2021-04-17,Суббота,сутки,339,316,23,251,33,88,55
5371,hosp_covid_dis_covid_hours_for,76275,2021-04-18,Воскресенье,02:00,25,25,0,2,0,23,23
5372,hosp_covid_dis_covid_hours_for,76277,2021-04-18,Воскресенье,03:00,42,42,0,3,0,39,39
5373,hosp_covid_dis_covid_hours_for,76279,2021-04-18,Воскресенье,04:00,49,49,0,4,0,45,45
5374,hosp_covid_dis_covid_hours_for,76281,2021-04-18,Воскресенье,05:00,56,56,0,4,0,52,52
5375,hosp_covid_dis_covid_hours_for,76283,2021-04-18,Воскресенье,06:00,64,64,0,4,0,60,60
5376,hosp_covid_dis_covid_hours_for,76285,2021-04-18,Воскресенье,07:00,65,65,0,7,0,58,58
5377,hosp_covid_dis_covid_hours_for,76287,2021-04-18,Воскресенье,08:00,68,68,0,20,6,48,42
5378,hosp_covid_dis_covid_hours_for,76289,2021-04-18,Воскресенье,09:00,71,71,0,42,12,29,17
5379,hosp_covid_dis_covid_hours_for,76291,2021-04-18,Воскресенье,10:00,75,74,1,67,18,8,-10
5380,hosp_covid_dis_covid_hours_for,76293,2021-04-18,Воскресенье,11:00,78,77,1,115,22,-37,-59
5381,hosp_covid_dis_covid_hours_for,76295,2021-04-18,Воскресенье,12:00,91,89,2,135,30,-44,-74
5382,hosp_covid_dis_covid_hours_for,76297,2021-04-18,Воскресенье,13:00,110,108,2,160,35,-50,-85
5383,hosp_covid_dis_covid_hours_for,76299,2021-04-18,Воскресенье,14:00,134,131,3,174,34,-40,-74
5384,hosp_covid_dis_covid_hours_for,76301,2021-04-18,Воскресенье,15:00,160,154,6,189,34,-29,-63
5385,hosp_covid_dis_covid_hours_for,76303,2021-04-18,Воскресенье,16:00,183,174,9,199,34,-16,-50
5386,hosp_covid_dis_covid_hours_for,76305,2021-04-18,Воскресенье,17:00,198,188,10,202,34,-4,-38
5387,hosp_covid_dis_covid_hours_for,76307,2021-04-18,Воскресенье,18:00,217,205,12,213,34,4,-30
5388,hosp_covid_dis_covid_hours_for,76309,2021-04-18,Воскресенье,19:00,234,220,14,217,34,17,-17
5389,hosp_covid_dis_covid_hours_for,76311,2021-04-18,Воскресенье,20:00,255,241,14,222,34,33,-1
5390,hosp_covid_dis_covid_hours_for,76313,2021-04-18,Воскресенье,21:00,270,256,14,226,35,44,9
5391,hosp_covid_dis_covid_hours_for,76315,2021-04-18,Воскресенье,22:00,276,262,14,227,35,49,14
5392,hosp_covid_dis_covid_hours_for,76321,2021-04-18,Воскресенье,23:00,294,279,15,228,35,66,31
5393,hosp_covid_dis_covid_hours_for,76324,2021-04-19,Понедельник,01:00,7,7,0,6,0,1,1
5394,hosp_covid_dis_covid_hours_for,76325,2021-04-18,Воскресенье,сутки,308,291,17,229,35,79,44
5395,hosp_covid_dis_covid_hours_for,76327,2021-04-19,Понедельник,02:00,13,13,0,6,0,7,7
5396,hosp_covid_dis_covid_hours_for,76329,2021-04-19,Понедельник,03:00,25,25,0,6,0,19,19
5397,hosp_covid_dis_covid_hours_for,76331,2021-04-19,Понедельник,04:00,33,33,0,6,0,27,27
5398,hosp_covid_dis_covid_hours_for,76333,2021-04-19,Понедельник,05:00,41,41,0,7,0,34,34
5399,hosp_covid_dis_covid_hours_for,76335,2021-04-19,Понедельник,06:00,47,47,0,8,0,39,39
5400,hosp_covid_dis_covid_hours_for,76337,2021-04-19,Понедельник,07:00,52,52,0,11,2,41,39
5401,hosp_covid_dis_covid_hours_for,76339,2021-04-19,Понедельник,08:00,56,56,0,16,6,40,34
5402,hosp_covid_dis_covid_hours_for,76341,2021-04-19,Понедельник,09:00,60,60,0,39,6,21,15
5403,hosp_covid_dis_covid_hours_for,76343,2021-04-19,Понедельник,10:00,62,62,0,80,13,-18,-31
5404,hosp_covid_dis_covid_hours_for,76345,2021-04-19,Понедельник,11:00,80,78,2,165,14,-85,-99
5405,hosp_covid_dis_covid_hours_for,76347,2021-04-19,Понедельник,12:00,91,89,2,238,19,-146,-166
5406,hosp_covid_dis_covid_hours_for,76349,2021-04-19,Понедельник,13:00,114,106,8,294,27,-180,-207
5407,hosp_covid_dis_covid_hours_for,76351,2021-04-19,Понедельник,14:00,154,144,10,327,31,-173,-204
5408,hosp_covid_dis_covid_hours_for,76353,2021-04-19,Понедельник,15:00,182,170,12,395,31,-213,-244
5409,hosp_covid_dis_covid_hours_for,76355,2021-04-19,Понедельник,16:00,222,206,16,436,37,-214,-251
5410,hosp_covid_dis_covid_hours_for,76357,2021-04-19,Понедельник,17:00,257,235,22,463,40,-206,-246
5411,hosp_covid_dis_covid_hours_for,76359,2021-04-19,Понедельник,18:00,301,268,33,483,49,-182,-231
5412,hosp_covid_dis_covid_hours_for,76361,2021-04-19,Понедельник,19:00,351,311,40,490,53,-139,-192
5413,hosp_covid_dis_covid_hours_for,76363,2021-04-19,Понедельник,20:00,379,335,44,492,54,-113,-167
5414,hosp_covid_dis_covid_hours_for,76365,2021-04-19,Понедельник,21:00,413,364,49,500,54,-87,-141
5415,hosp_covid_dis_covid_hours_for,76367,2021-04-19,Понедельник,22:01,438,384,54,505,54,-67,-121
5416,hosp_covid_dis_covid_hours_for,76373,2021-04-19,Понедельник,23:00,454,399,55,510,54,-56,-110
5417,hosp_covid_dis_covid_hours_for,76376,2021-04-20,Вторник,01:00,11,11,0,6,0,5,5
5418,hosp_covid_dis_covid_hours_for,76377,2021-04-19,Понедельник,сутки,476,420,56,514,55,-38,-93
5419,hosp_covid_dis_covid_hours_for,76379,2021-04-20,Вторник,02:00,35,35,0,7,0,28,28
5420,hosp_covid_dis_covid_hours_for,76381,2021-04-20,Вторник,03:00,52,52,0,9,0,43,43
5421,hosp_covid_dis_covid_hours_for,76383,2021-04-20,Вторник,04:00,63,63,0,9,0,54,54
5422,hosp_covid_dis_covid_hours_for,76385,2021-04-20,Вторник,05:00,71,71,0,9,0,62,62
5423,hosp_covid_dis_covid_hours_for,76387,2021-04-20,Вторник,06:00,83,83,0,9,0,74,74
5424,hosp_covid_dis_covid_hours_for,76389,2021-04-20,Вторник,07:00,87,87,0,11,0,76,76
5425,hosp_covid_dis_covid_hours_for,76391,2021-04-20,Вторник,08:00,91,91,0,16,0,75,75
5426,hosp_covid_dis_covid_hours_for,76393,2021-04-20,Вторник,09:00,102,102,0,58,3,44,41
5427,hosp_covid_dis_covid_hours_for,76395,2021-04-20,Вторник,10:00,111,110,1,98,19,13,-6
5428,hosp_covid_dis_covid_hours_for,76397,2021-04-20,Вторник,11:00,120,118,2,173,19,-53,-72
5429,hosp_covid_dis_covid_hours_for,76399,2021-04-20,Вторник,12:00,135,133,2,232,23,-97,-120
5430,hosp_covid_dis_covid_hours_for,76401,2021-04-20,Вторник,13:00,168,163,5,300,27,-132,-159
5431,hosp_covid_dis_covid_hours_for,76403,2021-04-20,Вторник,14:00,198,191,7,348,38,-150,-188
5432,hosp_covid_dis_covid_hours_for,76405,2021-04-20,Вторник,15:00,230,221,9,386,40,-156,-196
5433,hosp_covid_dis_covid_hours_for,76407,2021-04-20,Вторник,16:00,267,251,16,428,48,-161,-209
5434,hosp_covid_dis_covid_hours_for,76409,2021-04-20,Вторник,17:00,304,282,22,472,50,-168,-218
5435,hosp_covid_dis_covid_hours_for,76411,2021-04-20,Вторник,18:00,343,313,30,495,52,-152,-204
5436,hosp_covid_dis_covid_hours_for,76413,2021-04-20,Вторник,19:00,374,338,36,505,53,-131,-184
5437,hosp_covid_dis_covid_hours_for,76415,2021-04-20,Вторник,20:00,402,363,39,505,53,-103,-156
5438,hosp_covid_dis_covid_hours_for,76417,2021-04-20,Вторник,21:00,427,384,43,510,53,-83,-136
5439,hosp_covid_dis_covid_hours_for,76419,2021-04-20,Вторник,22:00,449,404,45,513,53,-64,-117
5440,hosp_covid_dis_covid_hours_for,76425,2021-04-20,Вторник,23:00,469,420,49,514,53,-45,-98
5441,hosp_covid_dis_covid_hours_for,76428,2021-04-21,Среда,01:00,13,13,0,6,0,7,7
5442,hosp_covid_dis_covid_hours_for,76429,2021-04-20,Вторник,сутки,490,440,50,517,53,-27,-80
5443,hosp_covid_dis_covid_hours_for,76431,2021-04-21,Среда,02:00,29,29,0,7,0,22,22
5444,hosp_covid_dis_covid_hours_for,76433,2021-04-21,Среда,03:00,46,46,0,7,0,39,39
5445,hosp_covid_dis_covid_hours_for,76435,2021-04-21,Среда,04:00,55,55,0,7,0,48,48
5446,hosp_covid_dis_covid_hours_for,76437,2021-04-21,Среда,05:00,62,62,0,7,0,55,55
5447,hosp_covid_dis_covid_hours_for,76439,2021-04-21,Среда,06:00,65,65,0,7,0,58,58
5448,hosp_covid_dis_covid_hours_for,76441,2021-04-21,Среда,07:00,71,71,0,9,0,62,62
5449,hosp_covid_dis_covid_hours_for,76443,2021-04-21,Среда,08:00,75,75,0,15,3,60,57
5450,hosp_covid_dis_covid_hours_for,76445,2021-04-21,Среда,09:00,85,85,0,40,9,45,36
5451,hosp_covid_dis_covid_hours_for,76447,2021-04-21,Среда,10:00,89,89,0,84,15,5,-10
5452,hosp_covid_dis_covid_hours_for,76449,2021-04-21,Среда,11:00,101,99,2,149,15,-48,-63
5453,hosp_covid_dis_covid_hours_for,76451,2021-04-21,Среда,12:00,124,122,2,193,18,-69,-87
5454,hosp_covid_dis_covid_hours_for,76453,2021-04-21,Среда,13:00,155,149,6,237,22,-82,-104
5455,hosp_covid_dis_covid_hours_for,76455,2021-04-21,Среда,14:00,190,179,11,272,27,-82,-109
5456,hosp_covid_dis_covid_hours_for,76457,2021-04-21,Среда,15:00,221,209,12,343,37,-122,-159
5457,hosp_covid_dis_covid_hours_for,76459,2021-04-21,Среда,16:00,252,236,16,371,40,-119,-159
5458,hosp_covid_dis_covid_hours_for,76461,2021-04-21,Среда,17:00,276,259,17,399,42,-123,-165
5459,hosp_covid_dis_covid_hours_for,76463,2021-04-21,Среда,18:00,311,291,20,410,42,-99,-141
5460,hosp_covid_dis_covid_hours_for,76465,2021-04-21,Среда,19:00,365,339,26,424,42,-59,-101
5461,hosp_covid_dis_covid_hours_for,76467,2021-04-21,Среда,20:00,402,376,26,430,43,-28,-71
5462,hosp_covid_dis_covid_hours_for,76469,2021-04-21,Среда,21:00,433,406,27,435,43,-2,-45
5463,hosp_covid_dis_covid_hours_for,76471,2021-04-21,Среда,22:00,461,433,28,437,43,24,-19
5464,hosp_covid_dis_covid_hours_for,76477,2021-04-21,Среда,23:00,479,450,29,439,43,40,-3
5465,hosp_covid_dis_covid_hours_for,76480,2021-04-22,Четверг,01:00,6,6,0,1,0,5,5
5466,hosp_covid_dis_covid_hours_for,76481,2021-04-21,Среда,сутки,505,474,31,441,43,64,21
5467,hosp_covid_dis_covid_hours_for,76483,2021-04-22,Четверг,02:00,26,26,0,1,0,25,25
5468,hosp_covid_dis_covid_hours_for,76485,2021-04-22,Четверг,03:00,38,38,0,1,0,37,37
5469,hosp_covid_dis_covid_hours_for,76487,2021-04-22,Четверг,04:00,45,45,0,1,0,44,44
5470,hosp_covid_dis_covid_hours_for,76489,2021-04-22,Четверг,05:00,49,49,0,1,0,48,48
5471,hosp_covid_dis_covid_hours_for,76491,2021-04-22,Четверг,06:00,52,52,0,1,0,51,51
5472,hosp_covid_dis_covid_hours_for,76493,2021-04-22,Четверг,07:00,54,54,0,4,0,50,50
5473,hosp_covid_dis_covid_hours_for,76495,2021-04-22,Четверг,08:00,56,56,0,13,5,43,38
5474,hosp_covid_dis_covid_hours_for,76497,2021-04-22,Четверг,09:00,66,66,0,33,8,33,25
5475,hosp_covid_dis_covid_hours_for,76499,2021-04-22,Четверг,10:00,72,71,1,74,16,-2,-18
5476,hosp_covid_dis_covid_hours_for,76501,2021-04-22,Четверг,11:00,88,86,2,142,18,-54,-72
5477,hosp_covid_dis_covid_hours_for,76503,2021-04-22,Четверг,12:00,102,99,3,195,26,-93,-119
5478,hosp_covid_dis_covid_hours_for,76505,2021-04-22,Четверг,13:00,117,112,5,247,29,-130,-159
5479,hosp_covid_dis_covid_hours_for,76507,2021-04-22,Четверг,14:00,145,136,9,291,36,-146,-182
5480,hosp_covid_dis_covid_hours_for,76509,2021-04-22,Четверг,15:00,174,158,16,335,36,-161,-197
5481,hosp_covid_dis_covid_hours_for,76511,2021-04-22,Четверг,16:00,206,186,20,364,38,-158,-196
5482,hosp_covid_dis_covid_hours_for,76513,2021-04-22,Четверг,17:00,247,223,24,393,38,-146,-184
5483,hosp_covid_dis_covid_hours_for,76515,2021-04-22,Четверг,18:00,278,252,26,406,39,-128,-167
5484,hosp_covid_dis_covid_hours_for,76517,2021-04-22,Четверг,19:00,309,278,31,417,40,-108,-148
5485,hosp_covid_dis_covid_hours_for,76519,2021-04-22,Четверг,20:00,335,300,35,419,40,-84,-124
5486,hosp_covid_dis_covid_hours_for,76521,2021-04-22,Четверг,21:00,360,320,40,421,40,-61,-101
5487,hosp_covid_dis_covid_hours_for,76523,2021-04-22,Четверг,22:00,387,342,45,424,40,-37,-77
5488,hosp_covid_dis_covid_hours_for,76529,2021-04-22,Четверг,23:00,422,373,49,429,40,-7,-47
5489,hosp_covid_dis_covid_hours_for,76532,2021-04-23,Пятница,01:00,6,6,0,0,0,6,6
5490,hosp_covid_dis_covid_hours_for,76533,2021-04-22,Четверг,сутки,445,393,52,432,40,13,-27
5491,hosp_covid_dis_covid_hours_for,76535,2021-04-23,Пятница,02:00,22,21,1,5,0,17,17
5492,hosp_covid_dis_covid_hours_for,76537,2021-04-23,Пятница,03:00,36,35,1,6,0,30,30
5493,hosp_covid_dis_covid_hours_for,76539,2021-04-23,Пятница,04:00,44,43,1,8,0,36,36
5494,hosp_covid_dis_covid_hours_for,76541,2021-04-23,Пятница,05:00,53,52,1,10,0,43,43
5495,hosp_covid_dis_covid_hours_for,76543,2021-04-23,Пятница,06:00,63,62,1,12,0,51,51
5496,hosp_covid_dis_covid_hours_for,76545,2021-04-23,Пятница,07:00,67,66,1,13,0,54,54
5497,hosp_covid_dis_covid_hours_for,76547,2021-04-23,Пятница,08:00,70,69,1,32,4,38,34
5498,hosp_covid_dis_covid_hours_for,76549,2021-04-23,Пятница,09:00,75,74,1,50,10,25,15
5499,hosp_covid_dis_covid_hours_for,76551,2021-04-23,Пятница,10:00,79,77,2,93,10,-14,-24
5500,hosp_covid_dis_covid_hours_for,76553,2021-04-23,Пятница,11:00,91,88,3,176,15,-85,-100
5501,hosp_covid_dis_covid_hours_for,76555,2021-04-23,Пятница,12:00,121,113,8,245,19,-124,-143
5502,hosp_covid_dis_covid_hours_for,76557,2021-04-23,Пятница,13:00,157,148,9,317,26,-160,-186
5503,hosp_covid_dis_covid_hours_for,76559,2021-04-23,Пятница,14:00,205,189,16,386,32,-181,-213
5504,hosp_covid_dis_covid_hours_for,76561,2021-04-23,Пятница,15:00,241,214,27,423,43,-182,-225
5505,hosp_covid_dis_covid_hours_for,76563,2021-04-23,Пятница,16:00,286,252,34,462,48,-176,-224
5506,hosp_covid_dis_covid_hours_for,76565,2021-04-23,Пятница,17:00,321,284,37,499,54,-178,-232
5507,hosp_covid_dis_covid_hours_for,76567,2021-04-23,Пятница,18:00,358,313,45,507,54,-149,-203
5508,hosp_covid_dis_covid_hours_for,76569,2021-04-23,Пятница,19:00,390,341,49,518,54,-128,-182
5509,hosp_covid_dis_covid_hours_for,76571,2021-04-23,Пятница,20:00,428,376,52,525,54,-97,-151
5510,hosp_covid_dis_covid_hours_for,76573,2021-04-23,Пятница,21:00,456,403,53,530,54,-74,-128
5511,hosp_covid_dis_covid_hours_for,76575,2021-04-23,Пятница,22:00,489,431,58,540,54,-51,-105
5512,hosp_covid_dis_covid_hours_for,76581,2021-04-23,Пятница,23:00,511,453,58,542,54,-31,-85
5513,hosp_covid_dis_covid_hours_for,76584,2021-04-24,Суббота,01:00,12,12,0,2,0,10,10
5514,hosp_covid_dis_covid_hours_for,76585,2021-04-23,Пятница,сутки,534,475,59,545,55,-11,-66
5515,hosp_covid_dis_covid_hours_for,76587,2021-04-24,Суббота,02:00,28,27,1,2,0,26,26
5516,hosp_covid_dis_covid_hours_for,76589,2021-04-24,Суббота,03:00,46,45,1,5,0,41,41
5517,hosp_covid_dis_covid_hours_for,76591,2021-04-24,Суббота,04:00,56,55,1,5,0,51,51
5518,hosp_covid_dis_covid_hours_for,76593,2021-04-24,Суббота,05:00,66,65,1,5,0,61,61
5519,hosp_covid_dis_covid_hours_for,76595,2021-04-24,Суббота,06:00,71,70,1,6,0,65,65
5520,hosp_covid_dis_covid_hours_for,76597,2021-04-24,Суббота,07:00,76,75,1,10,0,66,66
5521,hosp_covid_dis_covid_hours_for,76599,2021-04-24,Суббота,08:00,80,79,1,22,1,58,57
5522,hosp_covid_dis_covid_hours_for,76601,2021-04-24,Суббота,09:00,82,81,1,40,8,42,34
5523,hosp_covid_dis_covid_hours_for,76603,2021-04-24,Суббота,10:00,85,83,2,91,9,-6,-15
5524,hosp_covid_dis_covid_hours_for,76605,2021-04-24,Суббота,11:00,95,92,3,141,17,-46,-63
5525,hosp_covid_dis_covid_hours_for,76607,2021-04-24,Суббота,12:00,107,104,3,175,26,-68,-94
5526,hosp_covid_dis_covid_hours_for,76609,2021-04-24,Суббота,13:00,126,121,5,193,26,-67,-93
5527,hosp_covid_dis_covid_hours_for,76611,2021-04-24,Суббота,14:00,161,152,9,221,30,-60,-90
5528,hosp_covid_dis_covid_hours_for,76613,2021-04-24,Суббота,15:00,187,178,9,246,33,-59,-92
5529,hosp_covid_dis_covid_hours_for,76615,2021-04-24,Суббота,16:00,222,208,14,266,34,-44,-78
5530,hosp_covid_dis_covid_hours_for,76617,2021-04-24,Суббота,17:00,246,229,17,272,34,-26,-60
5531,hosp_covid_dis_covid_hours_for,76619,2021-04-24,Суббота,18:00,273,251,22,275,34,-2,-36
5532,hosp_covid_dis_covid_hours_for,76621,2021-04-24,Суббота,19:00,311,287,24,278,34,33,-1
5533,hosp_covid_dis_covid_hours_for,76623,2021-04-24,Суббота,20:00,347,318,29,286,34,61,27
5534,hosp_covid_dis_covid_hours_for,76625,2021-04-24,Суббота,21:00,366,335,31,289,34,77,43
5535,hosp_covid_dis_covid_hours_for,76627,2021-04-24,Суббота,22:00,387,353,34,288,35,99,64
5536,hosp_covid_dis_covid_hours_for,76633,2021-04-24,Суббота,23:00,414,375,39,290,35,124,89
5537,hosp_covid_dis_covid_hours_for,76636,2021-04-25,Воскресенье,01:00,4,4,0,0,0,4,4
5538,hosp_covid_dis_covid_hours_for,76637,2021-04-24,Суббота,сутки,431,392,39,293,35,138,103
5539,hosp_covid_dis_covid_hours_for,76639,2021-04-25,Воскресенье,02:00,15,15,0,3,0,12,12
5540,hosp_covid_dis_covid_hours_for,76641,2021-04-25,Воскресенье,03:00,31,31,0,5,0,26,26
5541,hosp_covid_dis_covid_hours_for,76643,2021-04-25,Воскресенье,04:00,44,44,0,6,0,38,38
5542,hosp_covid_dis_covid_hours_for,76645,2021-04-25,Воскресенье,05:00,47,47,0,7,0,40,40
5543,hosp_covid_dis_covid_hours_for,76647,2021-04-25,Воскресенье,06:00,49,49,0,10,0,39,39
5544,hosp_covid_dis_covid_hours_for,76649,2021-04-25,Воскресенье,07:00,53,53,0,13,0,40,40
5545,hosp_covid_dis_covid_hours_for,76651,2021-04-25,Воскресенье,08:00,56,56,0,17,4,39,35
5546,hosp_covid_dis_covid_hours_for,76653,2021-04-25,Воскресенье,09:00,58,58,0,30,7,28,21
5547,hosp_covid_dis_covid_hours_for,76655,2021-04-25,Воскресенье,10:00,62,62,0,56,10,6,-4
5548,hosp_covid_dis_covid_hours_for,76657,2021-04-25,Воскресенье,11:00,73,71,2,99,13,-26,-39
5549,hosp_covid_dis_covid_hours_for,76659,2021-04-25,Воскресенье,12:00,85,82,3,125,22,-40,-62
5550,hosp_covid_dis_covid_hours_for,76661,2021-04-25,Воскресенье,13:00,110,108,2,179,25,-69,-94
5551,hosp_covid_dis_covid_hours_for,76663,2021-04-25,Воскресенье,14:00,129,125,4,200,25,-71,-96
5552,hosp_covid_dis_covid_hours_for,76665,2021-04-25,Воскресенье,15:00,151,144,7,213,25,-62,-87
5553,hosp_covid_dis_covid_hours_for,76667,2021-04-25,Воскресенье,16:00,168,161,7,220,25,-52,-77
5554,hosp_covid_dis_covid_hours_for,76669,2021-04-25,Воскресенье,17:00,186,177,9,228,25,-42,-67
5555,hosp_covid_dis_covid_hours_for,76671,2021-04-25,Воскресенье,18:00,212,200,12,238,25,-26,-51
5556,hosp_covid_dis_covid_hours_for,76673,2021-04-25,Воскресенье,19:00,236,223,13,242,25,-6,-31
5557,hosp_covid_dis_covid_hours_for,76675,2021-04-25,Воскресенье,20:00,263,250,13,249,25,14,-11
5558,hosp_covid_dis_covid_hours_for,76677,2021-04-25,Воскресенье,21:00,285,271,14,254,25,31,6
5559,hosp_covid_dis_covid_hours_for,76679,2021-04-25,Воскресенье,22:00,301,285,16,257,25,44,19
5560,hosp_covid_dis_covid_hours_for,76685,2021-04-25,Воскресенье,23:00,317,300,17,259,25,58,33
5561,hosp_covid_dis_covid_hours_for,76688,2021-04-26,Понедельник,01:00,7,6,1,6,0,1,1
5562,hosp_covid_dis_covid_hours_for,76689,2021-04-25,Воскресенье,сутки,335,316,19,260,25,75,50
5563,hosp_covid_dis_covid_hours_for,76691,2021-04-26,Понедельник,02:00,15,14,1,8,0,7,7
5564,hosp_covid_dis_covid_hours_for,76693,2021-04-26,Понедельник,03:00,27,26,1,9,0,18,18
5565,hosp_covid_dis_covid_hours_for,76695,2021-04-26,Понедельник,04:00,40,39,1,10,0,30,30
5566,hosp_covid_dis_covid_hours_for,76697,2021-04-26,Понедельник,05:00,44,43,1,10,0,34,34
5567,hosp_covid_dis_covid_hours_for,76699,2021-04-26,Понедельник,06:00,46,45,1,13,0,33,33
5568,hosp_covid_dis_covid_hours_for,76701,2021-04-26,Понедельник,07:00,49,48,1,16,0,33,33
5569,hosp_covid_dis_covid_hours_for,76703,2021-04-26,Понедельник,08:00,51,50,1,28,2,23,21
5570,hosp_covid_dis_covid_hours_for,76705,2021-04-26,Понедельник,09:00,53,52,1,39,6,14,8
5571,hosp_covid_dis_covid_hours_for,76707,2021-04-26,Понедельник,10:00,59,58,1,84,10,-25,-35
5572,hosp_covid_dis_covid_hours_for,76709,2021-04-26,Понедельник,11:00,70,68,2,145,11,-75,-86
5573,hosp_covid_dis_covid_hours_for,76711,2021-04-26,Понедельник,12:00,91,87,4,208,11,-117,-128
5574,hosp_covid_dis_covid_hours_for,76713,2021-04-26,Понедельник,13:00,112,106,6,260,20,-148,-168
5575,hosp_covid_dis_covid_hours_for,76715,2021-04-26,Понедельник,14:00,140,132,8,342,26,-202,-228
5576,hosp_covid_dis_covid_hours_for,76717,2021-04-26,Понедельник,15:00,167,156,11,396,30,-229,-259
5577,hosp_covid_dis_covid_hours_for,76719,2021-04-26,Понедельник,16:00,202,188,14,423,40,-221,-261
5578,hosp_covid_dis_covid_hours_for,76721,2021-04-26,Понедельник,17:00,254,233,21,447,42,-193,-235
5579,hosp_covid_dis_covid_hours_for,76723,2021-04-26,Понедельник,18:00,282,259,23,477,45,-195,-240
5580,hosp_covid_dis_covid_hours_for,76725,2021-04-26,Понедельник,19:00,311,281,30,490,45,-179,-224
5581,hosp_covid_dis_covid_hours_for,76727,2021-04-26,Понедельник,20:00,352,318,34,495,45,-143,-188
5582,hosp_covid_dis_covid_hours_for,76729,2021-04-26,Понедельник,21:00,389,349,40,498,45,-109,-154
5583,hosp_covid_dis_covid_hours_for,76731,2021-04-26,Понедельник,22:00,415,375,40,500,45,-85,-130
5584,hosp_covid_dis_covid_hours_for,76737,2021-04-26,Понедельник,23:00,452,407,45,502,45,-50,-95
5585,hosp_covid_dis_covid_hours_for,76740,2021-04-27,Вторник,01:00,15,14,1,6,0,9,9
5586,hosp_covid_dis_covid_hours_for,76741,2021-04-26,Понедельник,сутки,473,427,46,506,45,-33,-78
5587,hosp_covid_dis_covid_hours_for,76743,2021-04-27,Вторник,02:00,25,24,1,9,0,16,16
5588,hosp_covid_dis_covid_hours_for,76745,2021-04-27,Вторник,03:00,46,43,3,9,0,37,37
5589,hosp_covid_dis_covid_hours_for,76747,2021-04-27,Вторник,04:00,61,58,3,11,0,50,50
5590,hosp_covid_dis_covid_hours_for,76749,2021-04-27,Вторник,05:00,70,67,3,11,0,59,59
5591,hosp_covid_dis_covid_hours_for,76751,2021-04-27,Вторник,06:00,78,75,3,12,0,66,66
5592,hosp_covid_dis_covid_hours_for,76753,2021-04-27,Вторник,07:00,79,76,3,16,0,63,63
5593,hosp_covid_dis_covid_hours_for,76755,2021-04-27,Вторник,08:00,82,79,3,26,0,56,56
5594,hosp_covid_dis_covid_hours_for,76757,2021-04-27,Вторник,09:00,83,80,3,47,9,36,27
5595,hosp_covid_dis_covid_hours_for,76759,2021-04-27,Вторник,10:00,87,83,4,96,14,-9,-23
5596,hosp_covid_dis_covid_hours_for,76761,2021-04-27,Вторник,11:00,98,93,5,149,13,-51,-64
5597,hosp_covid_dis_covid_hours_for,76763,2021-04-27,Вторник,12:00,121,112,9,233,15,-112,-127
5598,hosp_covid_dis_covid_hours_for,76765,2021-04-27,Вторник,13:00,146,136,10,304,23,-158,-181
5599,hosp_covid_dis_covid_hours_for,76767,2021-04-27,Вторник,14:00,178,167,11,369,29,-191,-220
5600,hosp_covid_dis_covid_hours_for,76769,2021-04-27,Вторник,15:00,221,205,16,408,32,-187,-219
5601,hosp_covid_dis_covid_hours_for,76771,2021-04-27,Вторник,16:00,261,232,29,443,44,-182,-226
5602,hosp_covid_dis_covid_hours_for,76773,2021-04-27,Вторник,17:00,291,260,31,468,45,-177,-222
5603,hosp_covid_dis_covid_hours_for,76775,2021-04-27,Вторник,18:00,322,287,35,481,45,-159,-204
5604,hosp_covid_dis_covid_hours_for,76777,2021-04-27,Вторник,19:00,359,322,37,500,49,-141,-190
5605,hosp_covid_dis_covid_hours_for,76779,2021-04-27,Вторник,20:00,396,353,43,511,51,-115,-166
5606,hosp_covid_dis_covid_hours_for,76781,2021-04-27,Вторник,21:00,430,385,45,512,51,-82,-133
5607,hosp_covid_dis_covid_hours_for,76783,2021-04-27,Вторник,22:00,464,413,51,513,51,-49,-100
5608,hosp_covid_dis_covid_hours_for,76789,2021-04-27,Вторник,23:00,484,430,54,514,51,-30,-81
5609,hosp_covid_dis_covid_hours_for,76792,2021-04-28,Среда,01:00,9,9,0,7,0,2,2
5610,hosp_covid_dis_covid_hours_for,76793,2021-04-27,Вторник,сутки,517,457,60,516,51,1,-50
5611,hosp_covid_dis_covid_hours_for,76795,2021-04-28,Среда,02:00,26,26,0,7,0,19,19
5612,hosp_covid_dis_covid_hours_for,76797,2021-04-28,Среда,03:00,41,41,0,7,0,34,34
5613,hosp_covid_dis_covid_hours_for,76799,2021-04-28,Среда,04:00,56,56,0,7,0,49,49
5614,hosp_covid_dis_covid_hours_for,76801,2021-04-28,Среда,05:00,59,59,0,7,0,52,52
5615,hosp_covid_dis_covid_hours_for,76803,2021-04-28,Среда,06:00,63,63,0,7,0,56,56
5616,hosp_covid_dis_covid_hours_for,76805,2021-04-28,Среда,07:00,65,65,0,11,3,54,51
5617,hosp_covid_dis_covid_hours_for,76807,2021-04-28,Среда,08:00,69,69,0,17,6,52,46
5618,hosp_covid_dis_covid_hours_for,76809,2021-04-28,Среда,09:00,75,75,0,38,14,37,23
5619,hosp_covid_dis_covid_hours_for,76811,2021-04-28,Среда,10:00,81,81,0,90,17,-9,-26
5620,hosp_covid_dis_covid_hours_for,76813,2021-04-28,Среда,11:00,88,87,1,158,20,-70,-90
5621,hosp_covid_dis_covid_hours_for,76815,2021-04-28,Среда,12:00,102,99,3,239,26,-137,-163
5622,hosp_covid_dis_covid_hours_for,76817,2021-04-28,Среда,13:00,128,121,7,304,30,-176,-206
5623,hosp_covid_dis_covid_hours_for,76819,2021-04-28,Среда,14:00,162,150,12,359,34,-197,-231
5624,hosp_covid_dis_covid_hours_for,76821,2021-04-28,Среда,15:00,200,185,15,418,34,-218,-252
5625,hosp_covid_dis_covid_hours_for,76823,2021-04-28,Среда,16:00,238,218,20,465,38,-227,-265
5626,hosp_covid_dis_covid_hours_for,76825,2021-04-28,Среда,17:00,264,242,22,485,39,-221,-260
5627,hosp_covid_dis_covid_hours_for,76827,2021-04-28,Среда,18:00,296,269,27,493,39,-197,-236
5628,hosp_covid_dis_covid_hours_for,76829,2021-04-28,Среда,19:00,326,290,36,504,40,-178,-218
5629,hosp_covid_dis_covid_hours_for,76831,2021-04-28,Среда,20:00,360,322,38,510,42,-150,-192
5630,hosp_covid_dis_covid_hours_for,76833,2021-04-28,Среда,21:00,386,347,39,510,42,-124,-166
5631,hosp_covid_dis_covid_hours_for,76835,2021-04-28,Среда,22:00,397,357,40,512,42,-115,-157
5632,hosp_covid_dis_covid_hours_for,76841,2021-04-28,Среда,23:00,425,384,41,518,42,-93,-135
5633,hosp_covid_dis_covid_hours_for,76844,2021-04-29,Четверг,01:00,5,4,1,6,0,-1,-1
5634,hosp_covid_dis_covid_hours_for,76845,2021-04-28,Среда,сутки,446,405,41,521,42,-75,-117
5635,hosp_covid_dis_covid_hours_for,76847,2021-04-29,Четверг,02:00,21,20,1,9,0,12,12
5636,hosp_covid_dis_covid_hours_for,76849,2021-04-29,Четверг,03:00,31,30,1,10,0,21,21
5637,hosp_covid_dis_covid_hours_for,76851,2021-04-29,Четверг,04:00,42,41,1,11,0,31,31
5638,hosp_covid_dis_covid_hours_for,76853,2021-04-29,Четверг,05:00,46,45,1,12,0,34,34
5639,hosp_covid_dis_covid_hours_for,76855,2021-04-29,Четверг,06:00,50,49,1,14,0,36,36
5640,hosp_covid_dis_covid_hours_for,76857,2021-04-29,Четверг,07:00,51,50,1,18,0,33,33
5641,hosp_covid_dis_covid_hours_for,76859,2021-04-29,Четверг,08:00,57,56,1,31,6,26,20
5642,hosp_covid_dis_covid_hours_for,76861,2021-04-29,Четверг,09:00,63,62,1,50,12,13,1
5643,hosp_covid_dis_covid_hours_for,76863,2021-04-29,Четверг,10:00,65,64,1,99,15,-34,-49
5644,hosp_covid_dis_covid_hours_for,76865,2021-04-29,Четверг,11:00,68,67,1,160,15,-92,-107
5645,hosp_covid_dis_covid_hours_for,76867,2021-04-29,Четверг,12:00,84,82,2,233,15,-149,-164
5646,hosp_covid_dis_covid_hours_for,76869,2021-04-29,Четверг,13:00,111,105,6,289,22,-178,-200
5647,hosp_covid_dis_covid_hours_for,76871,2021-04-29,Четверг,14:00,152,142,10,345,24,-193,-217
5648,hosp_covid_dis_covid_hours_for,76873,2021-04-29,Четверг,15:00,203,187,16,404,26,-201,-227
5649,hosp_covid_dis_covid_hours_for,76875,2021-04-29,Четверг,16:00,240,219,21,454,27,-214,-241
5650,hosp_covid_dis_covid_hours_for,76877,2021-04-29,Четверг,17:00,270,241,29,464,28,-194,-222
5651,hosp_covid_dis_covid_hours_for,76879,2021-04-29,Четверг,18:00,302,268,34,479,28,-177,-205
5652,hosp_covid_dis_covid_hours_for,76881,2021-04-29,Четверг,19:00,333,293,40,485,29,-152,-181
5653,hosp_covid_dis_covid_hours_for,76883,2021-04-29,Четверг,20:00,357,314,43,495,29,-138,-167
5654,hosp_covid_dis_covid_hours_for,76885,2021-04-29,Четверг,21:00,383,340,43,502,29,-119,-148
5655,hosp_covid_dis_covid_hours_for,76887,2021-04-29,Четверг,22:00,412,363,49,504,30,-92,-122
5656,hosp_covid_dis_covid_hours_for,76893,2021-04-29,Четверг,23:00,434,385,49,505,30,-71,-101
5657,hosp_covid_dis_covid_hours_for,76896,2021-04-30,Пятница,01:00,7,7,0,1,0,6,6
5658,hosp_covid_dis_covid_hours_for,76897,2021-04-29,Четверг,сутки,467,418,49,507,30,-40,-70
5659,hosp_covid_dis_covid_hours_for,76899,2021-04-30,Пятница,02:00,22,22,0,2,0,20,20
5660,hosp_covid_dis_covid_hours_for,76901,2021-04-30,Пятница,03:00,38,38,0,5,0,33,33
5661,hosp_covid_dis_covid_hours_for,76903,2021-04-30,Пятница,04:00,50,50,0,6,0,44,44
5662,hosp_covid_dis_covid_hours_for,76905,2021-04-30,Пятница,05:00,56,56,0,6,0,50,50
5663,hosp_covid_dis_covid_hours_for,76907,2021-04-30,Пятница,06:00,61,61,0,7,0,54,54
5664,hosp_covid_dis_covid_hours_for,76909,2021-04-30,Пятница,07:00,62,62,0,15,5,47,42
5665,hosp_covid_dis_covid_hours_for,76911,2021-04-30,Пятница,08:00,66,66,0,28,8,38,30
5666,hosp_covid_dis_covid_hours_for,76913,2021-04-30,Пятница,09:00,74,74,0,72,13,2,-11
5667,hosp_covid_dis_covid_hours_for,76915,2021-04-30,Пятница,10:00,85,85,0,128,20,-43,-63
5668,hosp_covid_dis_covid_hours_for,76917,2021-04-30,Пятница,11:00,100,99,1,226,26,-126,-152
5669,hosp_covid_dis_covid_hours_for,76919,2021-04-30,Пятница,12:00,113,111,2,308,30,-195,-225
5670,hosp_covid_dis_covid_hours_for,76921,2021-04-30,Пятница,13:00,146,143,3,398,38,-252,-290
5671,hosp_covid_dis_covid_hours_for,76923,2021-04-30,Пятница,14:00,186,179,7,471,38,-285,-323
5672,hosp_covid_dis_covid_hours_for,76925,2021-04-30,Пятница,15:00,231,218,13,538,38,-307,-345
5673,hosp_covid_dis_covid_hours_for,76927,2021-04-30,Пятница,16:00,280,263,17,602,44,-322,-366
5674,hosp_covid_dis_covid_hours_for,76929,2021-04-30,Пятница,17:00,324,301,23,636,50,-312,-362
5675,hosp_covid_dis_covid_hours_for,76931,2021-04-30,Пятница,18:00,366,338,28,660,51,-294,-345
5676,hosp_covid_dis_covid_hours_for,76933,2021-04-30,Пятница,19:00,409,379,30,688,52,-279,-331
5677,hosp_covid_dis_covid_hours_for,76935,2021-04-30,Пятница,20:00,442,410,32,694,52,-252,-304
5678,hosp_covid_dis_covid_hours_for,76937,2021-04-30,Пятница,21:00,475,440,35,698,52,-223,-275
5679,hosp_covid_dis_covid_hours_for,76939,2021-04-30,Пятница,22:00,499,458,41,698,52,-199,-251
5680,hosp_covid_dis_covid_hours_for,76945,2021-04-30,Пятница,23:00,522,480,42,704,52,-182,-234
5681,hosp_covid_dis_covid_hours_for,76948,2021-05-01,Суббота,01:00,11,11,0,6,0,5,5
5682,hosp_covid_dis_covid_hours_for,76949,2021-04-30,Пятница,сутки,553,510,43,707,52,-154,-206
5683,hosp_covid_dis_covid_hours_for,76951,2021-05-01,Суббота,02:00,26,26,0,8,0,18,18
5684,hosp_covid_dis_covid_hours_for,76953,2021-05-01,Суббота,03:00,41,41,0,9,0,32,32
5685,hosp_covid_dis_covid_hours_for,76955,2021-05-01,Суббота,04:00,50,50,0,9,0,41,41
5686,hosp_covid_dis_covid_hours_for,76957,2021-05-01,Суббота,05:00,57,57,0,10,0,47,47
5687,hosp_covid_dis_covid_hours_for,76959,2021-05-01,Суббота,06:00,60,60,0,10,0,50,50
5688,hosp_covid_dis_covid_hours_for,76961,2021-05-01,Суббота,07:00,62,62,0,12,1,50,49
5689,hosp_covid_dis_covid_hours_for,76963,2021-05-01,Суббота,08:00,65,65,0,16,2,49,47
5690,hosp_covid_dis_covid_hours_for,76965,2021-05-01,Суббота,09:00,70,70,0,33,5,37,32
5691,hosp_covid_dis_covid_hours_for,76967,2021-05-01,Суббота,10:00,80,79,1,66,10,14,4
5692,hosp_covid_dis_covid_hours_for,76969,2021-05-01,Суббота,11:00,90,88,2,111,16,-21,-37
5693,hosp_covid_dis_covid_hours_for,76971,2021-05-01,Суббота,12:00,107,102,5,173,23,-66,-89
5694,hosp_covid_dis_covid_hours_for,76973,2021-05-01,Суббота,13:00,129,121,8,216,25,-87,-112
5695,hosp_covid_dis_covid_hours_for,76975,2021-05-01,Суббота,14:00,148,139,9,242,25,-94,-119
5696,hosp_covid_dis_covid_hours_for,76977,2021-05-01,Суббота,15:00,171,159,12,257,26,-86,-112
5697,hosp_covid_dis_covid_hours_for,76979,2021-05-01,Суббота,16:00,195,179,16,279,30,-84,-114
5698,hosp_covid_dis_covid_hours_for,76981,2021-05-01,Суббота,17:00,217,198,19,295,30,-78,-108
5699,hosp_covid_dis_covid_hours_for,76983,2021-05-01,Суббота,18:00,244,222,22,306,34,-62,-96
5700,hosp_covid_dis_covid_hours_for,76985,2021-05-01,Суббота,19:00,272,250,22,323,34,-51,-85
5701,hosp_covid_dis_covid_hours_for,76987,2021-05-01,Суббота,20:00,299,277,22,335,34,-36,-70
5702,hosp_covid_dis_covid_hours_for,76989,2021-05-01,Суббота,21:00,319,297,22,338,34,-19,-53
5703,hosp_covid_dis_covid_hours_for,76991,2021-05-01,Суббота,22:00,341,317,24,342,36,-1,-37
5704,hosp_covid_dis_covid_hours_for,76997,2021-05-01,Суббота,23:00,358,333,25,344,36,14,-22
5705,hosp_covid_dis_covid_hours_for,77000,2021-05-02,Воскресенье,01:00,4,4,0,2,0,2,2
5706,hosp_covid_dis_covid_hours_for,77001,2021-05-01,Суббота,сутки,377,349,28,348,36,29,-7
5707,hosp_covid_dis_covid_hours_for,77003,2021-05-02,Воскресенье,02:00,17,17,0,3,0,14,14
5708,hosp_covid_dis_covid_hours_for,77005,2021-05-02,Воскресенье,03:00,28,28,0,6,0,22,22
5709,hosp_covid_dis_covid_hours_for,77007,2021-05-02,Воскресенье,04:00,37,37,0,6,0,31,31
5710,hosp_covid_dis_covid_hours_for,77009,2021-05-02,Воскресенье,05:00,38,38,0,6,0,32,32
5711,hosp_covid_dis_covid_hours_for,77011,2021-05-02,Воскресенье,06:00,43,43,0,8,0,35,35
5712,hosp_covid_dis_covid_hours_for,77013,2021-05-02,Воскресенье,07:00,45,45,0,9,4,36,32
5713,hosp_covid_dis_covid_hours_for,77015,2021-05-02,Воскресенье,08:00,50,50,0,18,6,32,26
5714,hosp_covid_dis_covid_hours_for,77017,2021-05-02,Воскресенье,09:00,55,55,0,39,10,16,6
5715,hosp_covid_dis_covid_hours_for,77019,2021-05-02,Воскресенье,10:00,60,60,0,85,14,-25,-39
5716,hosp_covid_dis_covid_hours_for,77021,2021-05-02,Воскресенье,11:00,70,70,0,113,15,-43,-58
5717,hosp_covid_dis_covid_hours_for,77023,2021-05-02,Воскресенье,12:00,80,79,1,146,15,-66,-81
5718,hosp_covid_dis_covid_hours_for,77025,2021-05-02,Воскресенье,13:00,93,91,2,173,20,-80,-100
5719,hosp_covid_dis_covid_hours_for,77027,2021-05-02,Воскресенье,14:00,116,113,3,190,28,-74,-102
5720,hosp_covid_dis_covid_hours_for,77029,2021-05-02,Воскресенье,15:00,144,136,8,206,30,-62,-92
5721,hosp_covid_dis_covid_hours_for,77031,2021-05-02,Воскресенье,16:00,166,154,12,218,31,-52,-83
5722,hosp_covid_dis_covid_hours_for,77033,2021-05-02,Воскресенье,17:00,191,176,15,225,34,-34,-68
5723,hosp_covid_dis_covid_hours_for,77035,2021-05-02,Воскресенье,18:00,212,197,15,226,34,-14,-48
5724,hosp_covid_dis_covid_hours_for,77037,2021-05-02,Воскресенье,19:00,231,215,16,230,34,1,-33
5725,hosp_covid_dis_covid_hours_for,77039,2021-05-02,Воскресенье,20:00,246,229,17,232,34,14,-20
5726,hosp_covid_dis_covid_hours_for,77041,2021-05-02,Воскресенье,21:00,265,247,18,232,34,33,-1
5727,hosp_covid_dis_covid_hours_for,77043,2021-05-02,Воскресенье,22:00,271,253,18,240,34,31,-3
5728,hosp_covid_dis_covid_hours_for,77049,2021-05-02,Воскресенье,23:00,288,269,19,241,34,47,13
5729,hosp_covid_dis_covid_hours_for,77052,2021-05-03,Понедельник,01:00,9,9,0,10,0,-1,-1
5730,hosp_covid_dis_covid_hours_for,77053,2021-05-02,Воскресенье,сутки,312,293,19,241,34,71,37
5731,hosp_covid_dis_covid_hours_for,77055,2021-05-03,Понедельник,02:00,16,16,0,10,1,6,5
5732,hosp_covid_dis_covid_hours_for,77057,2021-05-03,Понедельник,03:00,32,32,0,10,1,22,21
5733,hosp_covid_dis_covid_hours_for,77059,2021-05-03,Понедельник,04:00,37,37,0,10,1,27,26
5734,hosp_covid_dis_covid_hours_for,77061,2021-05-03,Понедельник,05:00,39,39,0,10,1,29,28
5735,hosp_covid_dis_covid_hours_for,77063,2021-05-03,Понедельник,06:00,40,40,0,10,1,30,29
5736,hosp_covid_dis_covid_hours_for,77065,2021-05-03,Понедельник,07:00,42,42,0,14,1,28,27
5737,hosp_covid_dis_covid_hours_for,77067,2021-05-03,Понедельник,08:00,44,44,0,25,4,19,15
5738,hosp_covid_dis_covid_hours_for,77069,2021-05-03,Понедельник,09:00,45,45,0,52,13,-7,-20
5739,hosp_covid_dis_covid_hours_for,77071,2021-05-03,Понедельник,10:00,53,53,0,87,15,-34,-49
5740,hosp_covid_dis_covid_hours_for,77073,2021-05-03,Понедельник,11:00,62,62,0,114,19,-52,-71
5741,hosp_covid_dis_covid_hours_for,77075,2021-05-03,Понедельник,12:00,79,78,1,156,30,-77,-107
5742,hosp_covid_dis_covid_hours_for,77077,2021-05-03,Понедельник,13:00,108,104,4,202,35,-94,-129
5743,hosp_covid_dis_covid_hours_for,77079,2021-05-03,Понедельник,14:00,142,135,7,256,36,-114,-150
5744,hosp_covid_dis_covid_hours_for,77081,2021-05-03,Понедельник,15:00,170,163,7,278,37,-108,-145
5745,hosp_covid_dis_covid_hours_for,77083,2021-05-03,Понедельник,16:00,202,193,9,288,38,-86,-124
5746,hosp_covid_dis_covid_hours_for,77085,2021-05-03,Понедельник,17:00,225,214,11,289,38,-64,-102
5747,hosp_covid_dis_covid_hours_for,77087,2021-05-03,Понедельник,18:00,255,240,15,296,39,-41,-80
5748,hosp_covid_dis_covid_hours_for,77089,2021-05-03,Понедельник,19:00,292,273,19,300,39,-8,-47
5749,hosp_covid_dis_covid_hours_for,77091,2021-05-03,Понедельник,20:00,328,302,26,302,39,26,-13
5750,hosp_covid_dis_covid_hours_for,77093,2021-05-03,Понедельник,21:00,369,338,31,305,39,64,25
5751,hosp_covid_dis_covid_hours_for,77095,2021-05-03,Понедельник,22:00,396,364,32,308,39,88,49
5752,hosp_covid_dis_covid_hours_for,77101,2021-05-03,Понедельник,23:00,411,379,32,314,39,97,58
5753,hosp_covid_dis_covid_hours_for,77104,2021-05-04,Вторник,01:00,8,8,0,3,0,5,5
5754,hosp_covid_dis_covid_hours_for,77105,2021-05-03,Понедельник,сутки,429,397,32,319,39,110,71
5755,hosp_covid_dis_covid_hours_for,77107,2021-05-04,Вторник,02:00,24,24,0,3,0,21,21
5756,hosp_covid_dis_covid_hours_for,77109,2021-05-04,Вторник,03:00,37,37,0,4,0,33,33
5757,hosp_covid_dis_covid_hours_for,77111,2021-05-04,Вторник,04:00,51,51,0,4,0,47,47
5758,hosp_covid_dis_covid_hours_for,77113,2021-05-04,Вторник,05:00,55,55,0,4,0,51,51
5759,hosp_covid_dis_covid_hours_for,77115,2021-05-04,Вторник,06:00,58,58,0,6,0,52,52
5760,hosp_covid_dis_covid_hours_for,77117,2021-05-04,Вторник,07:00,60,60,0,15,0,45,45
5761,hosp_covid_dis_covid_hours_for,77119,2021-05-04,Вторник,08:00,67,67,0,27,6,40,34
5762,hosp_covid_dis_covid_hours_for,77121,2021-05-04,Вторник,09:00,70,70,0,42,6,28,22
5763,hosp_covid_dis_covid_hours_for,77123,2021-05-04,Вторник,10:00,75,75,0,90,12,-15,-27
5764,hosp_covid_dis_covid_hours_for,77125,2021-05-04,Вторник,11:00,88,88,0,168,13,-80,-93
5765,hosp_covid_dis_covid_hours_for,77127,2021-05-04,Вторник,12:00,105,105,0,213,22,-108,-130
5766,hosp_covid_dis_covid_hours_for,77129,2021-05-04,Вторник,13:00,128,126,2,311,27,-183,-210
5767,hosp_covid_dis_covid_hours_for,77131,2021-05-04,Вторник,14:00,159,155,4,380,27,-221,-248
5768,hosp_covid_dis_covid_hours_for,77133,2021-05-04,Вторник,15:00,191,181,10,431,30,-240,-270
5769,hosp_covid_dis_covid_hours_for,77135,2021-05-04,Вторник,16:00,228,215,13,523,38,-295,-333
5770,hosp_covid_dis_covid_hours_for,77137,2021-05-04,Вторник,17:00,257,238,19,556,38,-299,-337
5771,hosp_covid_dis_covid_hours_for,77139,2021-05-04,Вторник,18:00,291,267,24,575,38,-284,-322
5772,hosp_covid_dis_covid_hours_for,77141,2021-05-04,Вторник,19:00,332,304,28,582,38,-250,-288
5773,hosp_covid_dis_covid_hours_for,77143,2021-05-04,Вторник,20:00,373,343,30,588,38,-215,-253
5774,hosp_covid_dis_covid_hours_for,77145,2021-05-04,Вторник,21:00,400,368,32,590,38,-190,-228
5775,hosp_covid_dis_covid_hours_for,77147,2021-05-04,Вторник,22:00,425,392,33,595,39,-170,-209
5776,hosp_covid_dis_covid_hours_for,77153,2021-05-04,Вторник,23:00,455,418,37,597,39,-142,-181
5777,hosp_covid_dis_covid_hours_for,77156,2021-05-05,Среда,01:00,12,12,0,3,0,9,9
5778,hosp_covid_dis_covid_hours_for,77157,2021-05-04,Вторник,сутки,481,442,39,601,39,-120,-159
5779,hosp_covid_dis_covid_hours_for,77159,2021-05-05,Среда,02:00,27,27,0,7,0,20,20
5780,hosp_covid_dis_covid_hours_for,77161,2021-05-05,Среда,03:00,41,41,0,7,0,34,34
5781,hosp_covid_dis_covid_hours_for,77163,2021-05-05,Среда,04:00,52,52,0,7,0,45,45
5782,hosp_covid_dis_covid_hours_for,77165,2021-05-05,Среда,05:00,55,55,0,7,0,48,48
5783,hosp_covid_dis_covid_hours_for,77167,2021-05-05,Среда,06:00,57,57,0,8,0,49,49
5784,hosp_covid_dis_covid_hours_for,77169,2021-05-05,Среда,07:00,60,60,0,11,1,49,48
5785,hosp_covid_dis_covid_hours_for,77171,2021-05-05,Среда,08:00,67,67,0,19,12,48,36
5786,hosp_covid_dis_covid_hours_for,77173,2021-05-05,Среда,09:00,68,68,0,54,17,14,-3
5787,hosp_covid_dis_covid_hours_for,77175,2021-05-05,Среда,10:00,75,74,1,124,23,-49,-72
5788,hosp_covid_dis_covid_hours_for,77177,2021-05-05,Среда,11:00,82,80,2,187,28,-105,-133
5789,hosp_covid_dis_covid_hours_for,77179,2021-05-05,Среда,12:00,109,104,5,261,37,-152,-189
5790,hosp_covid_dis_covid_hours_for,77181,2021-05-05,Среда,13:00,133,124,9,341,39,-208,-247
5791,hosp_covid_dis_covid_hours_for,77183,2021-05-05,Среда,14:00,156,143,13,374,43,-218,-261
5792,hosp_covid_dis_covid_hours_for,77185,2021-05-05,Среда,15:00,190,172,18,415,43,-225,-268
5793,hosp_covid_dis_covid_hours_for,77187,2021-05-05,Среда,16:00,230,208,22,439,43,-209,-252
5794,hosp_covid_dis_covid_hours_for,77189,2021-05-05,Среда,17:00,273,245,28,447,43,-174,-217
5795,hosp_covid_dis_covid_hours_for,77191,2021-05-05,Среда,18:00,315,278,37,458,44,-143,-187
5796,hosp_covid_dis_covid_hours_for,77193,2021-05-05,Среда,19:00,356,311,45,465,44,-109,-153
5797,hosp_covid_dis_covid_hours_for,77195,2021-05-05,Среда,20:00,400,349,51,470,44,-70,-114
5798,hosp_covid_dis_covid_hours_for,77197,2021-05-05,Среда,21:00,428,372,56,473,44,-45,-89
5799,hosp_covid_dis_covid_hours_for,77199,2021-05-05,Среда,22:01,457,399,58,474,46,-17,-63
5800,hosp_covid_dis_covid_hours_for,77205,2021-05-05,Среда,23:00,459,400,59,474,46,-15,-61
5801,hosp_covid_dis_covid_hours_for,77208,2021-05-06,Четверг,01:00,8,8,0,2,0,6,6
5802,hosp_covid_dis_covid_hours_for,77211,2021-05-06,Четверг,02:00,22,22,0,4,0,18,18
5803,hosp_covid_dis_covid_hours_for,77213,2021-05-06,Четверг,03:00,28,28,0,8,0,20,20
5804,hosp_covid_dis_covid_hours_for,77215,2021-05-06,Четверг,04:00,40,40,0,9,0,31,31
5805,hosp_covid_dis_covid_hours_for,77217,2021-05-06,Четверг,05:00,50,50,0,9,0,41,41
5806,hosp_covid_dis_covid_hours_for,77219,2021-05-06,Четверг,06:00,54,54,0,9,0,45,45
5807,hosp_covid_dis_covid_hours_for,77221,2021-05-06,Четверг,07:00,56,56,0,14,0,42,42
5808,hosp_covid_dis_covid_hours_for,77223,2021-05-06,Четверг,08:00,58,58,0,25,6,33,27
5809,hosp_covid_dis_covid_hours_for,77229,2021-05-06,Четверг,09:00,63,63,0,53,9,10,1
5810,hosp_covid_dis_covid_hours_for,77230,2021-05-06,Четверг,09:00,63,63,0,53,26,10,-16
5811,hosp_covid_dis_covid_hours_for,77232,2021-05-06,Четверг,16:23,246,225,21,410,33,-164,-197
5812,hosp_covid_dis_covid_hours_for,77234,2021-05-06,Четверг,16:56,275,251,24,422,36,-147,-183
5813,hosp_covid_dis_covid_hours_for,77236,2021-05-06,Четверг,17:00,276,251,25,426,36,-150,-186
5814,hosp_covid_dis_covid_hours_for,77237,2021-05-05,Среда,сутки,459,400,59,474,46,-15,-61
5815,hosp_covid_dis_covid_hours_for,77241,2021-05-06,Четверг,18:00,313,286,27,436,39,-123,-162
5816,hosp_covid_dis_covid_hours_for,77243,2021-05-06,Четверг,19:00,352,319,33,443,39,-91,-130
5817,hosp_covid_dis_covid_hours_for,77245,2021-05-06,Четверг,20:00,393,357,36,449,40,-56,-96
5818,hosp_covid_dis_covid_hours_for,77247,2021-05-06,Четверг,21:00,425,386,39,456,40,-31,-71
5819,hosp_covid_dis_covid_hours_for,77249,2021-05-06,Четверг,22:00,452,412,40,458,40,-6,-46
5820,hosp_covid_dis_covid_hours_for,77255,2021-05-06,Четверг,23:00,489,444,45,463,40,26,-14
5821,hosp_covid_dis_covid_hours_for,77258,2021-05-07,Пятница,01:00,12,12,0,0,0,12,12
5822,hosp_covid_dis_covid_hours_for,77259,2021-05-06,Четверг,сутки,521,475,46,466,40,55,15
5823,hosp_covid_dis_covid_hours_for,77261,2021-05-07,Пятница,02:00,26,26,0,3,0,23,23
5824,hosp_covid_dis_covid_hours_for,77263,2021-05-07,Пятница,03:00,39,39,0,7,0,32,32
5825,hosp_covid_dis_covid_hours_for,77265,2021-05-07,Пятница,04:00,54,54,0,9,0,45,45
5826,hosp_covid_dis_covid_hours_for,77267,2021-05-07,Пятница,05:00,63,63,0,10,0,53,53
5827,hosp_covid_dis_covid_hours_for,77269,2021-05-07,Пятница,06:00,66,65,1,11,0,55,55
5828,hosp_covid_dis_covid_hours_for,77271,2021-05-07,Пятница,07:00,67,66,1,15,0,52,52
5829,hosp_covid_dis_covid_hours_for,77273,2021-05-07,Пятница,08:00,71,70,1,23,2,48,46
5830,hosp_covid_dis_covid_hours_for,77275,2021-05-07,Пятница,09:00,74,73,1,65,10,9,-1
5831,hosp_covid_dis_covid_hours_for,77277,2021-05-07,Пятница,10:00,77,76,1,124,15,-47,-62
5832,hosp_covid_dis_covid_hours_for,77279,2021-05-07,Пятница,11:00,88,85,3,213,15,-125,-140
5833,hosp_covid_dis_covid_hours_for,77281,2021-05-07,Пятница,12:00,107,101,6,315,19,-208,-227
5834,hosp_covid_dis_covid_hours_for,77283,2021-05-07,Пятница,13:00,128,121,7,410,27,-282,-309
5835,hosp_covid_dis_covid_hours_for,77285,2021-05-07,Пятница,14:00,156,148,8,475,34,-319,-353
5836,hosp_covid_dis_covid_hours_for,77287,2021-05-07,Пятница,15:00,191,178,13,522,34,-331,-365
5837,hosp_covid_dis_covid_hours_for,77289,2021-05-07,Пятница,16:00,238,214,24,554,42,-316,-358
5838,hosp_covid_dis_covid_hours_for,77291,2021-05-07,Пятница,17:00,274,244,30,579,45,-305,-350
5839,hosp_covid_dis_covid_hours_for,77293,2021-05-07,Пятница,18:00,330,297,33,587,45,-257,-302
5840,hosp_covid_dis_covid_hours_for,77295,2021-05-07,Пятница,19:00,376,337,39,600,45,-224,-269
5841,hosp_covid_dis_covid_hours_for,77297,2021-05-07,Пятница,20:00,423,375,48,649,45,-226,-271
5842,hosp_covid_dis_covid_hours_for,77299,2021-05-07,Пятница,21:00,478,428,50,690,47,-212,-259
5843,hosp_covid_dis_covid_hours_for,77301,2021-05-07,Пятница,22:00,509,454,55,694,47,-185,-232
5844,hosp_covid_dis_covid_hours_for,77307,2021-05-07,Пятница,23:00,526,471,55,696,47,-170,-217
5845,hosp_covid_dis_covid_hours_for,77310,2021-05-08,Суббота,01:00,14,14,0,0,0,14,14
5846,hosp_covid_dis_covid_hours_for,77311,2021-05-07,Пятница,сутки,547,492,55,701,47,-154,-201
5847,hosp_covid_dis_covid_hours_for,77313,2021-05-08,Суббота,02:00,27,27,0,2,0,25,25
5848,hosp_covid_dis_covid_hours_for,77315,2021-05-08,Суббота,03:00,46,46,0,4,0,42,42
5849,hosp_covid_dis_covid_hours_for,77317,2021-05-08,Суббота,04:00,64,64,0,9,0,55,55
5850,hosp_covid_dis_covid_hours_for,77319,2021-05-08,Суббота,05:00,74,74,0,10,0,64,64
5851,hosp_covid_dis_covid_hours_for,77321,2021-05-08,Суббота,06:00,79,79,0,10,0,69,69
5852,hosp_covid_dis_covid_hours_for,77323,2021-05-08,Суббота,07:00,86,86,0,13,0,73,73
5853,hosp_covid_dis_covid_hours_for,77325,2021-05-08,Суббота,08:00,95,91,4,17,5,78,73
5854,hosp_covid_dis_covid_hours_for,77327,2021-05-08,Суббота,09:00,101,97,4,48,12,53,41
5855,hosp_covid_dis_covid_hours_for,77329,2021-05-08,Суббота,10:00,106,102,4,79,18,27,9
5856,hosp_covid_dis_covid_hours_for,77331,2021-05-08,Суббота,11:00,117,113,4,128,20,-11,-31
5857,hosp_covid_dis_covid_hours_for,77333,2021-05-08,Суббота,12:00,134,127,7,176,27,-42,-69
5858,hosp_covid_dis_covid_hours_for,77335,2021-05-08,Суббота,13:00,158,149,9,231,33,-73,-106
5859,hosp_covid_dis_covid_hours_for,77337,2021-05-08,Суббота,14:00,183,171,12,261,36,-78,-114
5860,hosp_covid_dis_covid_hours_for,77339,2021-05-08,Суббота,15:00,215,193,22,291,39,-76,-115
5861,hosp_covid_dis_covid_hours_for,77341,2021-05-08,Суббота,16:00,257,233,24,309,40,-52,-92
5862,hosp_covid_dis_covid_hours_for,77343,2021-05-08,Суббота,17:00,285,257,28,320,40,-35,-75
5863,hosp_covid_dis_covid_hours_for,77345,2021-05-08,Суббота,18:00,319,288,31,333,41,-14,-55
5864,hosp_covid_dis_covid_hours_for,77347,2021-05-08,Суббота,19:00,345,311,34,339,41,6,-35
5865,hosp_covid_dis_covid_hours_for,77349,2021-05-08,Суббота,20:00,376,340,36,358,41,18,-23
5866,hosp_covid_dis_covid_hours_for,77351,2021-05-08,Суббота,21:00,414,373,41,362,41,52,11
5867,hosp_covid_dis_covid_hours_for,77353,2021-05-08,Суббота,22:00,432,390,42,363,41,69,28
5868,hosp_covid_dis_covid_hours_for,77359,2021-05-08,Суббота,23:00,461,419,42,363,41,98,57
5869,hosp_covid_dis_covid_hours_for,77362,2021-05-09,Воскресенье,01:00,13,13,0,0,0,13,13
5870,hosp_covid_dis_covid_hours_for,77363,2021-05-08,Суббота,сутки,481,439,42,367,41,114,73
5871,hosp_covid_dis_covid_hours_for,77365,2021-05-09,Воскресенье,02:00,28,28,0,1,0,27,27
5872,hosp_covid_dis_covid_hours_for,77367,2021-05-09,Воскресенье,03:00,42,42,0,2,0,40,40
5873,hosp_covid_dis_covid_hours_for,77369,2021-05-09,Воскресенье,04:00,53,53,0,2,0,51,51
5874,hosp_covid_dis_covid_hours_for,77371,2021-05-09,Воскресенье,05:00,56,56,0,4,0,52,52
5875,hosp_covid_dis_covid_hours_for,77373,2021-05-09,Воскресенье,06:00,59,59,0,5,0,54,54
5876,hosp_covid_dis_covid_hours_for,77375,2021-05-09,Воскресенье,07:00,65,65,0,13,0,52,52
5877,hosp_covid_dis_covid_hours_for,77377,2021-05-09,Воскресенье,08:00,73,73,0,17,2,56,54
5878,hosp_covid_dis_covid_hours_for,77379,2021-05-09,Воскресенье,09:00,74,74,0,32,11,42,31
5879,hosp_covid_dis_covid_hours_for,77381,2021-05-09,Воскресенье,10:00,78,78,0,66,20,12,-8
5880,hosp_covid_dis_covid_hours_for,77383,2021-05-09,Воскресенье,11:00,90,88,2,109,26,-19,-45
5881,hosp_covid_dis_covid_hours_for,77385,2021-05-09,Воскресенье,12:00,106,104,2,162,36,-56,-92
5882,hosp_covid_dis_covid_hours_for,77387,2021-05-09,Воскресенье,13:00,128,124,4,211,40,-83,-123
5883,hosp_covid_dis_covid_hours_for,77389,2021-05-09,Воскресенье,14:00,155,150,5,239,42,-84,-126
5884,hosp_covid_dis_covid_hours_for,77391,2021-05-09,Воскресенье,15:00,187,181,6,259,42,-72,-114
5885,hosp_covid_dis_covid_hours_for,77393,2021-05-09,Воскресенье,16:00,214,207,7,269,43,-55,-98
5886,hosp_covid_dis_covid_hours_for,77395,2021-05-09,Воскресенье,17:00,241,232,9,287,43,-46,-89
5887,hosp_covid_dis_covid_hours_for,77397,2021-05-09,Воскресенье,18:00,277,266,11,295,43,-18,-61
5888,hosp_covid_dis_covid_hours_for,77399,2021-05-09,Воскресенье,19:00,311,299,12,300,43,11,-32
5889,hosp_covid_dis_covid_hours_for,77401,2021-05-09,Воскресенье,20:00,343,330,13,308,43,35,-8
5890,hosp_covid_dis_covid_hours_for,77403,2021-05-09,Воскресенье,21:00,370,357,13,304,43,66,23
5891,hosp_covid_dis_covid_hours_for,77405,2021-05-09,Воскресенье,22:00,394,381,13,306,43,88,45
5892,hosp_covid_dis_covid_hours_for,77411,2021-05-09,Воскресенье,23:00,420,406,14,314,43,106,63
5893,hosp_covid_dis_covid_hours_for,77414,2021-05-10,Понедельник,01:00,15,15,0,0,0,15,15
5894,hosp_covid_dis_covid_hours_for,77415,2021-05-09,Воскресенье,сутки,444,428,16,315,43,129,86
5895,hosp_covid_dis_covid_hours_for,77417,2021-05-10,Понедельник,05:48,78,78,0,4,0,74,74
5896,hosp_covid_dis_covid_hours_for,77419,2021-05-10,Понедельник,06:00,80,80,0,4,0,76,76
5897,hosp_covid_dis_covid_hours_for,77421,2021-05-10,Понедельник,07:00,93,93,0,9,0,84,84
5898,hosp_covid_dis_covid_hours_for,77423,2021-05-10,Понедельник,08:00,99,99,0,16,2,83,81
5899,hosp_covid_dis_covid_hours_for,77425,2021-05-10,Понедельник,09:00,105,105,0,50,13,55,42
5900,hosp_covid_dis_covid_hours_for,77427,2021-05-10,Понедельник,10:00,110,110,0,95,17,15,-2
5901,hosp_covid_dis_covid_hours_for,77429,2021-05-10,Понедельник,11:00,116,116,0,135,17,-19,-36
5902,hosp_covid_dis_covid_hours_for,77431,2021-05-10,Понедельник,12:00,136,133,3,180,24,-44,-68
5903,hosp_covid_dis_covid_hours_for,77433,2021-05-10,Понедельник,13:00,165,161,4,238,35,-73,-108
5904,hosp_covid_dis_covid_hours_for,77435,2021-05-10,Понедельник,14:00,195,187,8,265,34,-70,-104
5905,hosp_covid_dis_covid_hours_for,77437,2021-05-10,Понедельник,15:00,234,224,10,305,34,-71,-105
5906,hosp_covid_dis_covid_hours_for,77439,2021-05-10,Понедельник,16:00,278,264,14,317,37,-39,-76
5907,hosp_covid_dis_covid_hours_for,77441,2021-05-10,Понедельник,17:00,322,302,20,325,37,-3,-40
5908,hosp_covid_dis_covid_hours_for,77443,2021-05-10,Понедельник,18:00,353,330,23,335,40,18,-22
5909,hosp_covid_dis_covid_hours_for,77445,2021-05-10,Понедельник,19:00,390,363,27,344,41,46,5
5910,hosp_covid_dis_covid_hours_for,77447,2021-05-10,Понедельник,20:00,426,396,30,348,41,78,37
5911,hosp_covid_dis_covid_hours_for,77449,2021-05-10,Понедельник,21:00,458,424,34,351,41,107,66
5912,hosp_covid_dis_covid_hours_for,77451,2021-05-10,Понедельник,22:00,482,447,35,352,42,130,88
5913,hosp_covid_dis_covid_hours_for,77457,2021-05-10,Понедельник,23:00,515,474,41,355,42,160,118
5914,hosp_covid_dis_covid_hours_for,77460,2021-05-11,Вторник,01:00,14,11,3,0,0,14,14
5915,hosp_covid_dis_covid_hours_for,77461,2021-05-10,Понедельник,сутки,542,500,42,357,42,185,143
5916,hosp_covid_dis_covid_hours_for,77463,2021-05-11,Вторник,05:48,73,69,4,8,1,65,64
5917,hosp_covid_dis_covid_hours_for,77465,2021-05-11,Вторник,06:00,74,70,4,8,1,66,65
5918,hosp_covid_dis_covid_hours_for,77467,2021-05-11,Вторник,07:00,78,74,4,15,1,63,62
5919,hosp_covid_dis_covid_hours_for,77469,2021-05-11,Вторник,08:00,82,78,4,36,9,46,37
5920,hosp_covid_dis_covid_hours_for,77471,2021-05-11,Вторник,09:00,92,88,4,56,19,36,17
5921,hosp_covid_dis_covid_hours_for,77473,2021-05-11,Вторник,11:00,105,100,5,177,26,-72,-98
5922,hosp_covid_dis_covid_hours_for,77475,2021-05-11,Вторник,12:00,127,119,8,244,35,-117,-152
5923,hosp_covid_dis_covid_hours_for,77477,2021-05-11,Вторник,13:00,156,147,9,331,42,-175,-217
5924,hosp_covid_dis_covid_hours_for,77479,2021-05-11,Вторник,14:00,192,179,13,419,50,-227,-277
5925,hosp_covid_dis_covid_hours_for,77481,2021-05-11,Вторник,15:00,220,202,18,476,51,-256,-307
5926,hosp_covid_dis_covid_hours_for,77483,2021-05-11,Вторник,16:00,256,233,23,523,53,-267,-320
5927,hosp_covid_dis_covid_hours_for,77485,2021-05-11,Вторник,17:00,289,261,28,538,56,-249,-305
5928,hosp_covid_dis_covid_hours_for,77487,2021-05-11,Вторник,18:00,322,289,33,553,56,-231,-287
5929,hosp_covid_dis_covid_hours_for,77489,2021-05-11,Вторник,19:00,359,320,39,562,56,-203,-259
5930,hosp_covid_dis_covid_hours_for,77491,2021-05-11,Вторник,20:00,396,351,45,567,56,-171,-227
5931,hosp_covid_dis_covid_hours_for,77493,2021-05-11,Вторник,21:00,433,381,52,575,58,-142,-200
5932,hosp_covid_dis_covid_hours_for,77495,2021-05-11,Вторник,22:00,467,407,60,579,59,-112,-171
5933,hosp_covid_dis_covid_hours_for,77501,2021-05-11,Вторник,23:00,503,439,64,581,59,-78,-137
5934,hosp_covid_dis_covid_hours_for,77504,2021-05-12,Среда,01:00,19,19,0,4,0,15,15
5935,hosp_covid_dis_covid_hours_for,77505,2021-05-11,Вторник,сутки,533,466,67,585,59,-52,-111
5936,hosp_covid_dis_covid_hours_for,77507,2021-05-12,Среда,02:00,39,38,1,7,0,32,32
5937,hosp_covid_dis_covid_hours_for,77509,2021-05-12,Среда,03:00,58,57,1,9,0,49,49
5938,hosp_covid_dis_covid_hours_for,77511,2021-05-12,Среда,04:00,80,79,1,9,0,71,71
5939,hosp_covid_dis_covid_hours_for,77513,2021-05-12,Среда,05:00,93,92,1,9,0,84,84
5940,hosp_covid_dis_covid_hours_for,77515,2021-05-12,Среда,06:00,103,102,1,11,0,92,92
5941,hosp_covid_dis_covid_hours_for,77517,2021-05-12,Среда,07:00,113,112,1,16,1,97,96
5942,hosp_covid_dis_covid_hours_for,77519,2021-05-12,Среда,08:00,119,118,1,21,8,98,90
5943,hosp_covid_dis_covid_hours_for,77521,2021-05-12,Среда,09:00,123,121,2,34,9,89,80
5944,hosp_covid_dis_covid_hours_for,77523,2021-05-12,Среда,10:00,159,157,2,86,11,73,62
5945,hosp_covid_dis_covid_hours_for,77525,2021-05-12,Среда,11:00,167,164,3,163,14,4,-10
5946,hosp_covid_dis_covid_hours_for,77527,2021-05-12,Среда,12:00,188,184,4,246,17,-58,-75
5947,hosp_covid_dis_covid_hours_for,77529,2021-05-12,Среда,13:00,213,209,4,317,18,-104,-122
5948,hosp_covid_dis_covid_hours_for,77531,2021-05-12,Среда,14:00,244,233,11,360,29,-116,-145
5949,hosp_covid_dis_covid_hours_for,77533,2021-05-12,Среда,15:00,288,273,15,400,38,-112,-150
5950,hosp_covid_dis_covid_hours_for,77535,2021-05-12,Среда,16:00,332,313,19,452,40,-120,-160
5951,hosp_covid_dis_covid_hours_for,77537,2021-05-12,Среда,17:00,373,350,23,495,41,-122,-163
5952,hosp_covid_dis_covid_hours_for,77539,2021-05-12,Среда,18:00,416,388,28,522,42,-106,-148
5953,hosp_covid_dis_covid_hours_for,77541,2021-05-12,Среда,19:00,448,418,30,534,45,-86,-131
5954,hosp_covid_dis_covid_hours_for,77543,2021-05-12,Среда,20:00,489,454,35,543,45,-54,-99
5955,hosp_covid_dis_covid_hours_for,77545,2021-05-12,Среда,21:00,518,481,37,546,45,-28,-73
5956,hosp_covid_dis_covid_hours_for,77547,2021-05-12,Среда,22:00,550,510,40,550,45,0,-45
5957,hosp_covid_dis_covid_hours_for,77553,2021-05-12,Среда,23:00,581,538,43,554,45,27,-18
5958,hosp_covid_dis_covid_hours_for,77556,2021-05-13,Четверг,01:00,11,11,0,1,0,10,10
5959,hosp_covid_dis_covid_hours_for,77557,2021-05-12,Среда,сутки,616,571,45,569,47,47,0
5960,hosp_covid_dis_covid_hours_for,77559,2021-05-13,Четверг,02:00,34,33,1,3,0,31,31
5961,hosp_covid_dis_covid_hours_for,77561,2021-05-13,Четверг,03:00,48,47,1,4,0,44,44
5962,hosp_covid_dis_covid_hours_for,77563,2021-05-13,Четверг,04:00,63,62,1,11,0,52,52
5963,hosp_covid_dis_covid_hours_for,77565,2021-05-13,Четверг,05:00,74,73,1,11,0,63,63
5964,hosp_covid_dis_covid_hours_for,77567,2021-05-13,Четверг,06:00,94,93,1,11,0,83,83
5965,hosp_covid_dis_covid_hours_for,77569,2021-05-13,Четверг,07:00,104,103,1,18,0,86,86
5966,hosp_covid_dis_covid_hours_for,77571,2021-05-13,Четверг,08:00,111,109,2,20,6,91,85
5967,hosp_covid_dis_covid_hours_for,77573,2021-05-13,Четверг,09:00,136,133,3,42,12,94,82
5968,hosp_covid_dis_covid_hours_for,77575,2021-05-13,Четверг,10:00,143,139,4,77,15,66,51
5969,hosp_covid_dis_covid_hours_for,77577,2021-05-13,Четверг,11:00,158,153,5,153,15,5,-10
5970,hosp_covid_dis_covid_hours_for,77579,2021-05-13,Четверг,12:00,180,171,9,243,20,-63,-83
5971,hosp_covid_dis_covid_hours_for,77581,2021-05-13,Четверг,13:00,210,200,10,311,25,-101,-126
5972,hosp_covid_dis_covid_hours_for,77583,2021-05-13,Четверг,14:00,247,234,13,367,28,-120,-148
5973,hosp_covid_dis_covid_hours_for,77585,2021-05-13,Четверг,15:00,286,266,20,405,36,-119,-155
5974,hosp_covid_dis_covid_hours_for,77587,2021-05-13,Четверг,16:00,319,297,22,453,40,-134,-174
5975,hosp_covid_dis_covid_hours_for,77589,2021-05-13,Четверг,17:00,360,331,29,487,40,-127,-167
5976,hosp_covid_dis_covid_hours_for,77591,2021-05-13,Четверг,18:00,412,375,37,510,40,-98,-138
5977,hosp_covid_dis_covid_hours_for,77593,2021-05-13,Четверг,19:00,452,412,40,528,41,-76,-117
5978,hosp_covid_dis_covid_hours_for,77595,2021-05-13,Четверг,20:00,496,446,50,537,42,-41,-83
5979,hosp_covid_dis_covid_hours_for,77597,2021-05-13,Четверг,21:00,541,485,56,541,42,0,-42
5980,hosp_covid_dis_covid_hours_for,77599,2021-05-13,Четверг,22:00,574,516,58,549,42,25,-17
5981,hosp_covid_dis_covid_hours_for,77605,2021-05-13,Четверг,23:00,604,542,62,554,42,50,8
5982,hosp_covid_dis_covid_hours_for,77608,2021-05-14,Пятница,01:00,16,16,0,2,0,14,14
5983,hosp_covid_dis_covid_hours_for,77609,2021-05-13,Четверг,сутки,620,557,63,558,42,62,20
5984,hosp_covid_dis_covid_hours_for,77611,2021-05-14,Пятница,02:00,30,30,0,3,0,27,27
5985,hosp_covid_dis_covid_hours_for,77613,2021-05-14,Пятница,03:00,44,44,0,4,0,40,40
5986,hosp_covid_dis_covid_hours_for,77615,2021-05-14,Пятница,04:00,64,64,0,4,0,60,60
5987,hosp_covid_dis_covid_hours_for,77617,2021-05-14,Пятница,05:00,80,80,0,5,0,75,75
5988,hosp_covid_dis_covid_hours_for,77619,2021-05-14,Пятница,06:00,89,89,0,5,0,84,84
5989,hosp_covid_dis_covid_hours_for,77621,2021-05-14,Пятница,07:00,97,97,0,11,0,86,86
5990,hosp_covid_dis_covid_hours_for,77623,2021-05-14,Пятница,08:00,101,101,0,25,3,76,73
5991,hosp_covid_dis_covid_hours_for,77625,2021-05-14,Пятница,09:00,104,104,0,47,5,57,52
5992,hosp_covid_dis_covid_hours_for,77627,2021-05-14,Пятница,10:00,108,107,1,101,7,7,0
5993,hosp_covid_dis_covid_hours_for,77629,2021-05-14,Пятница,11:00,120,118,2,194,13,-74,-87
5994,hosp_covid_dis_covid_hours_for,77631,2021-05-14,Пятница,12:00,149,146,3,278,15,-129,-144
5995,hosp_covid_dis_covid_hours_for,77633,2021-05-14,Пятница,13:00,180,176,4,378,28,-198,-226
5996,hosp_covid_dis_covid_hours_for,77635,2021-05-14,Пятница,14:00,216,206,10,450,39,-234,-273
5997,hosp_covid_dis_covid_hours_for,77637,2021-05-14,Пятница,15:00,252,240,12,496,42,-244,-286
5998,hosp_covid_dis_covid_hours_for,77639,2021-05-14,Пятница,16:00,303,282,21,574,43,-271,-314
5999,hosp_covid_dis_covid_hours_for,77641,2021-05-14,Пятница,17:00,350,323,27,587,60,-237,-297
6000,hosp_covid_dis_covid_hours_for,77643,2021-05-14,Пятница,18:00,396,361,35,599,60,-203,-263
6001,hosp_covid_dis_covid_hours_for,77645,2021-05-14,Пятница,19:00,446,404,42,640,62,-194,-256
6002,hosp_covid_dis_covid_hours_for,77647,2021-05-14,Пятница,20:00,497,446,51,646,63,-149,-212
6003,hosp_covid_dis_covid_hours_for,77649,2021-05-14,Пятница,21:00,532,477,55,652,63,-120,-183
6004,hosp_covid_dis_covid_hours_for,77651,2021-05-14,Пятница,22:00,561,500,61,658,64,-97,-161
6005,hosp_covid_dis_covid_hours_for,77657,2021-05-14,Пятница,23:00,603,537,66,659,64,-56,-120
6006,hosp_covid_dis_covid_hours_for,77660,2021-05-15,Суббота,01:00,13,12,1,5,0,8,8
6007,hosp_covid_dis_covid_hours_for,77661,2021-05-14,Пятница,сутки,647,578,69,663,69,-16,-85
6008,hosp_covid_dis_covid_hours_for,77663,2021-05-15,Суббота,02:00,36,35,1,6,0,30,30
6009,hosp_covid_dis_covid_hours_for,77665,2021-05-15,Суббота,03:00,55,53,2,6,0,49,49
6010,hosp_covid_dis_covid_hours_for,77667,2021-05-15,Суббота,04:00,75,73,2,6,0,69,69
6011,hosp_covid_dis_covid_hours_for,77669,2021-05-15,Суббота,05:00,96,94,2,7,0,89,89
6012,hosp_covid_dis_covid_hours_for,77671,2021-05-15,Суббота,06:00,108,106,2,9,0,99,99
6013,hosp_covid_dis_covid_hours_for,77673,2021-05-15,Суббота,07:00,111,109,2,9,1,102,101
6014,hosp_covid_dis_covid_hours_for,77675,2021-05-15,Суббота,08:00,118,116,2,22,3,96,93
6015,hosp_covid_dis_covid_hours_for,77677,2021-05-15,Суббота,09:00,124,122,2,58,9,66,57
6016,hosp_covid_dis_covid_hours_for,77679,2021-05-15,Суббота,10:00,132,129,3,98,20,34,14
6017,hosp_covid_dis_covid_hours_for,77681,2021-05-15,Суббота,11:00,147,142,5,164,23,-17,-40
6018,hosp_covid_dis_covid_hours_for,77683,2021-05-15,Суббота,12:00,167,161,6,240,43,-73,-116
6019,hosp_covid_dis_covid_hours_for,77685,2021-05-15,Суббота,13:00,199,192,7,298,48,-99,-147
6020,hosp_covid_dis_covid_hours_for,77687,2021-05-15,Суббота,14:00,232,222,10,307,55,-75,-130
6021,hosp_covid_dis_covid_hours_for,77689,2021-05-15,Суббота,15:00,262,250,12,328,64,-66,-130
6022,hosp_covid_dis_covid_hours_for,77691,2021-05-15,Суббота,16:00,307,292,15,347,67,-40,-107
6023,hosp_covid_dis_covid_hours_for,77693,2021-05-15,Суббота,17:00,347,325,22,372,67,-25,-92
6024,hosp_covid_dis_covid_hours_for,77695,2021-05-15,Суббота,18:00,390,364,26,380,68,10,-58
6025,hosp_covid_dis_covid_hours_for,77697,2021-05-15,Суббота,19:00,426,398,28,387,68,39,-29
6026,hosp_covid_dis_covid_hours_for,77699,2021-05-15,Суббота,20:00,467,435,32,391,68,76,8
6027,hosp_covid_dis_covid_hours_for,77701,2021-05-15,Суббота,21:00,499,462,37,397,68,102,34
6028,hosp_covid_dis_covid_hours_for,77703,2021-05-15,Суббота,22:00,529,490,39,405,69,124,55
6029,hosp_covid_dis_covid_hours_for,77709,2021-05-15,Суббота,23:00,555,515,40,406,69,149,80
6030,hosp_covid_dis_covid_hours_for,77712,2021-05-16,Воскресенье,01:00,9,9,0,4,0,5,5
6031,hosp_covid_dis_covid_hours_for,77713,2021-05-15,Суббота,сутки,577,536,41,407,69,170,101
6032,hosp_covid_dis_covid_hours_for,77715,2021-05-16,Воскресенье,02:00,29,29,0,5,1,24,23
6033,hosp_covid_dis_covid_hours_for,77717,2021-05-16,Воскресенье,03:00,42,42,0,6,5,36,31
6034,hosp_covid_dis_covid_hours_for,77719,2021-05-16,Воскресенье,04:00,62,61,1,6,10,56,46
6035,hosp_covid_dis_covid_hours_for,77721,2021-05-16,Воскресенье,05:00,70,69,1,7,10,63,53
6036,hosp_covid_dis_covid_hours_for,77723,2021-05-16,Воскресенье,06:00,74,73,1,10,10,64,54
6037,hosp_covid_dis_covid_hours_for,77725,2021-05-16,Воскресенье,07:00,82,81,1,13,11,69,58
6038,hosp_covid_dis_covid_hours_for,77727,2021-05-16,Воскресенье,08:00,87,86,1,19,17,68,51
6039,hosp_covid_dis_covid_hours_for,77729,2021-05-16,Воскресенье,09:00,90,89,1,36,19,54,35
6040,hosp_covid_dis_covid_hours_for,77731,2021-05-16,Воскресенье,10:00,93,92,1,68,26,25,-1
6041,hosp_covid_dis_covid_hours_for,77733,2021-05-16,Воскресенье,11:00,105,103,2,126,25,-21,-46
6042,hosp_covid_dis_covid_hours_for,77735,2021-05-16,Воскресенье,12:00,125,123,2,162,31,-37,-68
6043,hosp_covid_dis_covid_hours_for,77737,2021-05-16,Воскресенье,13:00,153,150,3,197,38,-44,-82
6044,hosp_covid_dis_covid_hours_for,77739,2021-05-16,Воскресенье,14:00,172,168,4,214,49,-42,-91
6045,hosp_covid_dis_covid_hours_for,77741,2021-05-16,Воскресенье,15:00,199,193,6,236,50,-37,-87
6046,hosp_covid_dis_covid_hours_for,77743,2021-05-16,Воскресенье,16:00,230,221,9,276,54,-46,-100
6047,hosp_covid_dis_covid_hours_for,77745,2021-05-16,Воскресенье,17:00,254,243,11,285,55,-31,-86
6048,hosp_covid_dis_covid_hours_for,77747,2021-05-16,Воскресенье,18:00,285,273,12,302,55,-17,-72
6049,hosp_covid_dis_covid_hours_for,77749,2021-05-16,Воскресенье,19:00,303,287,16,311,59,-8,-67
6050,hosp_covid_dis_covid_hours_for,77751,2021-05-16,Воскресенье,20:00,327,310,17,318,60,9,-51
6051,hosp_covid_dis_covid_hours_for,77753,2021-05-16,Воскресенье,21:00,356,337,19,326,62,30,-32
6052,hosp_covid_dis_covid_hours_for,77755,2021-05-16,Воскресенье,22:00,380,358,22,328,62,52,-10
6053,hosp_covid_dis_covid_hours_for,77761,2021-05-16,Воскресенье,23:00,398,375,23,330,62,68,6
6054,hosp_covid_dis_covid_hours_for,77764,2021-05-17,Понедельник,01:00,11,11,0,9,0,2,2
6055,hosp_covid_dis_covid_hours_for,77765,2021-05-16,Воскресенье,сутки,423,399,24,331,62,92,30
6056,hosp_covid_dis_covid_hours_for,77767,2021-05-17,Понедельник,02:00,36,36,0,10,0,26,26
6057,hosp_covid_dis_covid_hours_for,77769,2021-05-17,Понедельник,03:00,44,44,0,11,0,33,33
6058,hosp_covid_dis_covid_hours_for,77771,2021-05-17,Понедельник,04:00,52,52,0,18,0,34,34
6059,hosp_covid_dis_covid_hours_for,77773,2021-05-17,Понедельник,05:00,61,61,0,18,0,43,43
6060,hosp_covid_dis_covid_hours_for,77775,2021-05-17,Понедельник,06:00,67,67,0,19,0,48,48
6061,hosp_covid_dis_covid_hours_for,77777,2021-05-17,Понедельник,07:00,70,70,0,22,0,48,48
6062,hosp_covid_dis_covid_hours_for,77779,2021-05-17,Понедельник,08:00,76,76,0,29,3,47,44
6063,hosp_covid_dis_covid_hours_for,77781,2021-05-17,Понедельник,09:00,79,79,0,37,7,42,35
6064,hosp_covid_dis_covid_hours_for,77783,2021-05-17,Понедельник,10:00,81,81,0,103,9,-22,-31
6065,hosp_covid_dis_covid_hours_for,77785,2021-05-17,Понедельник,11:00,93,91,2,195,10,-102,-112
6066,hosp_covid_dis_covid_hours_for,77787,2021-05-17,Понедельник,12:00,123,115,8,261,12,-138,-150
6067,hosp_covid_dis_covid_hours_for,77789,2021-05-17,Понедельник,13:00,151,142,9,346,12,-195,-207
6068,hosp_covid_dis_covid_hours_for,77791,2021-05-17,Понедельник,14:00,191,180,11,403,19,-212,-231
6069,hosp_covid_dis_covid_hours_for,77793,2021-05-17,Понедельник,15:00,235,218,17,453,36,-218,-254
6070,hosp_covid_dis_covid_hours_for,77795,2021-05-17,Понедельник,16:00,281,262,19,504,44,-223,-267
6071,hosp_covid_dis_covid_hours_for,77797,2021-05-17,Понедельник,17:00,321,297,24,551,46,-230,-276
6072,hosp_covid_dis_covid_hours_for,77799,2021-05-17,Понедельник,18:00,367,339,28,592,45,-225,-270
6073,hosp_covid_dis_covid_hours_for,77801,2021-05-17,Понедельник,19:00,416,385,31,610,47,-194,-241
6074,hosp_covid_dis_covid_hours_for,77803,2021-05-17,Понедельник,20:00,462,427,35,616,50,-154,-204
6075,hosp_covid_dis_covid_hours_for,77805,2021-05-17,Понедельник,21:00,504,462,42,623,52,-119,-171
6076,hosp_covid_dis_covid_hours_for,77807,2021-05-17,Понедельник,22:00,548,495,53,627,54,-79,-133
6077,hosp_covid_dis_covid_hours_for,77813,2021-05-17,Понедельник,23:00,574,519,55,632,60,-58,-118
6078,hosp_covid_dis_covid_hours_for,77816,2021-05-18,Вторник,01:00,10,8,2,12,0,-2,-2
6079,hosp_covid_dis_covid_hours_for,77817,2021-05-17,Понедельник,сутки,615,558,57,636,60,-21,-81
6080,hosp_covid_dis_covid_hours_for,77819,2021-05-18,Вторник,02:00,51,48,3,12,0,39,39
6081,hosp_covid_dis_covid_hours_for,77821,2021-05-18,Вторник,03:00,83,80,3,14,0,69,69
6082,hosp_covid_dis_covid_hours_for,77823,2021-05-18,Вторник,04:00,108,105,3,14,0,94,94
6083,hosp_covid_dis_covid_hours_for,77825,2021-05-18,Вторник,05:00,123,120,3,15,3,108,105
6084,hosp_covid_dis_covid_hours_for,77827,2021-05-18,Вторник,06:00,139,136,3,15,3,124,121
6085,hosp_covid_dis_covid_hours_for,77829,2021-05-18,Вторник,07:00,147,144,3,23,11,124,113
6086,hosp_covid_dis_covid_hours_for,77831,2021-05-18,Вторник,08:00,149,146,3,35,13,114,101
6087,hosp_covid_dis_covid_hours_for,77833,2021-05-18,Вторник,09:00,157,154,3,58,28,99,71
6088,hosp_covid_dis_covid_hours_for,77835,2021-05-18,Вторник,10:00,164,161,3,126,32,38,6
6089,hosp_covid_dis_covid_hours_for,77837,2021-05-18,Вторник,11:00,174,171,3,221,42,-47,-89
6090,hosp_covid_dis_covid_hours_for,77839,2021-05-18,Вторник,12:00,197,192,5,289,46,-92,-138
6091,hosp_covid_dis_covid_hours_for,77841,2021-05-18,Вторник,13:00,223,216,7,399,53,-176,-229
6092,hosp_covid_dis_covid_hours_for,77843,2021-05-18,Вторник,14:00,250,239,11,460,59,-210,-269
6093,hosp_covid_dis_covid_hours_for,77845,2021-05-18,Вторник,15:00,289,271,18,527,65,-238,-303
6094,hosp_covid_dis_covid_hours_for,77847,2021-05-18,Вторник,16:00,326,303,23,588,69,-262,-331
6095,hosp_covid_dis_covid_hours_for,77849,2021-05-18,Вторник,17:00,367,335,32,623,70,-256,-326
6096,hosp_covid_dis_covid_hours_for,77851,2021-05-18,Вторник,18:00,404,366,38,641,70,-237,-307
6097,hosp_covid_dis_covid_hours_for,77853,2021-05-18,Вторник,19:00,446,397,49,648,70,-202,-272
6098,hosp_covid_dis_covid_hours_for,77855,2021-05-18,Вторник,20:00,485,431,54,655,71,-170,-241
6099,hosp_covid_dis_covid_hours_for,77857,2021-05-18,Вторник,21:00,513,455,58,659,73,-146,-219
6100,hosp_covid_dis_covid_hours_for,77859,2021-05-18,Вторник,22:00,541,483,58,664,73,-123,-196
6101,hosp_covid_dis_covid_hours_for,77865,2021-05-18,Вторник,23:00,568,506,62,667,73,-99,-172
6102,hosp_covid_dis_covid_hours_for,77868,2021-05-19,Среда,01:00,13,13,0,6,0,7,7
6103,hosp_covid_dis_covid_hours_for,77869,2021-05-18,Вторник,сутки,597,530,67,673,74,-76,-150
6104,hosp_covid_dis_covid_hours_for,77871,2021-05-19,Среда,02:00,31,30,1,10,0,21,21
6105,hosp_covid_dis_covid_hours_for,77873,2021-05-19,Среда,03:00,51,50,1,10,0,41,41
6106,hosp_covid_dis_covid_hours_for,77875,2021-05-19,Среда,04:00,70,69,1,10,5,60,55
6107,hosp_covid_dis_covid_hours_for,77877,2021-05-19,Среда,05:00,84,83,1,10,11,74,63
6108,hosp_covid_dis_covid_hours_for,77879,2021-05-19,Среда,06:00,90,89,1,11,11,79,68
6109,hosp_covid_dis_covid_hours_for,77881,2021-05-19,Среда,07:00,99,98,1,16,11,83,72
6110,hosp_covid_dis_covid_hours_for,77883,2021-05-19,Среда,08:00,103,102,1,26,18,77,59
6111,hosp_covid_dis_covid_hours_for,77885,2021-05-19,Среда,09:00,116,113,3,54,29,62,33
6112,hosp_covid_dis_covid_hours_for,77887,2021-05-19,Среда,10:00,135,131,4,101,34,34,0
6113,hosp_covid_dis_covid_hours_for,77889,2021-05-19,Среда,11:00,152,146,6,195,38,-43,-81
6114,hosp_covid_dis_covid_hours_for,77891,2021-05-19,Среда,12:00,180,174,6,310,45,-130,-175
6115,hosp_covid_dis_covid_hours_for,77893,2021-05-19,Среда,13:00,207,199,8,402,50,-195,-245
6116,hosp_covid_dis_covid_hours_for,77895,2021-05-19,Среда,14:00,240,230,10,465,51,-225,-276
6117,hosp_covid_dis_covid_hours_for,77897,2021-05-19,Среда,15:00,281,264,17,517,58,-236,-294
6118,hosp_covid_dis_covid_hours_for,77899,2021-05-19,Среда,16:00,320,301,19,542,65,-222,-287
6119,hosp_covid_dis_covid_hours_for,77901,2021-05-19,Среда,17:00,353,332,21,569,67,-216,-283
6120,hosp_covid_dis_covid_hours_for,77903,2021-05-19,Среда,18:00,391,367,24,597,70,-206,-276
6121,hosp_covid_dis_covid_hours_for,77905,2021-05-19,Среда,19:00,431,403,28,614,71,-183,-254
6122,hosp_covid_dis_covid_hours_for,77907,2021-05-19,Среда,20:00,465,434,31,620,74,-155,-229
6123,hosp_covid_dis_covid_hours_for,77909,2021-05-19,Среда,21:00,509,477,32,624,74,-115,-189
6124,hosp_covid_dis_covid_hours_for,77911,2021-05-19,Среда,22:00,545,510,35,630,76,-85,-161
6125,hosp_covid_dis_covid_hours_for,77917,2021-05-19,Среда,23:00,550,515,35,630,76,-80,-156
6126,hosp_covid_dis_covid_hours_for,77920,2021-05-20,Четверг,01:00,10,10,0,4,0,6,6
6127,hosp_covid_dis_covid_hours_for,77921,2021-05-19,Среда,сутки,583,544,39,633,76,-50,-126
6128,hosp_covid_dis_covid_hours_for,77923,2021-05-20,Четверг,02:00,25,24,1,4,0,21,21
6129,hosp_covid_dis_covid_hours_for,77925,2021-05-20,Четверг,03:00,33,32,1,5,0,28,28
6130,hosp_covid_dis_covid_hours_for,77927,2021-05-20,Четверг,04:00,45,44,1,7,0,38,38
6131,hosp_covid_dis_covid_hours_for,77929,2021-05-20,Четверг,05:00,54,53,1,8,0,46,46
6132,hosp_covid_dis_covid_hours_for,77931,2021-05-20,Четверг,06:00,61,60,1,12,0,49,49
6133,hosp_covid_dis_covid_hours_for,77933,2021-05-20,Четверг,07:00,65,64,1,16,2,49,47
6134,hosp_covid_dis_covid_hours_for,77935,2021-05-20,Четверг,08:00,71,70,1,24,8,47,39
6135,hosp_covid_dis_covid_hours_for,77937,2021-05-20,Четверг,09:00,85,84,1,44,8,41,33
6136,hosp_covid_dis_covid_hours_for,77939,2021-05-20,Четверг,10:00,88,87,1,106,16,-18,-34
6137,hosp_covid_dis_covid_hours_for,77941,2021-05-20,Четверг,11:00,111,106,5,169,20,-58,-78
6138,hosp_covid_dis_covid_hours_for,77943,2021-05-20,Четверг,12:00,126,121,5,257,31,-131,-162
6139,hosp_covid_dis_covid_hours_for,77945,2021-05-20,Четверг,13:00,146,140,6,354,38,-208,-246
6140,hosp_covid_dis_covid_hours_for,77947,2021-05-20,Четверг,14:00,181,170,11,413,45,-232,-277
6141,hosp_covid_dis_covid_hours_for,77949,2021-05-20,Четверг,15:00,207,194,13,477,56,-270,-326
6142,hosp_covid_dis_covid_hours_for,77951,2021-05-20,Четверг,16:00,238,222,16,514,58,-276,-334
6143,hosp_covid_dis_covid_hours_for,77953,2021-05-20,Четверг,17:00,268,249,19,538,58,-270,-328
6144,hosp_covid_dis_covid_hours_for,77955,2021-05-20,Четверг,18:00,294,272,22,552,62,-258,-320
6145,hosp_covid_dis_covid_hours_for,77957,2021-05-20,Четверг,19:00,320,293,27,570,70,-250,-320
6146,hosp_covid_dis_covid_hours_for,77959,2021-05-20,Четверг,20:00,362,329,33,581,71,-219,-290
6147,hosp_covid_dis_covid_hours_for,77961,2021-05-20,Четверг,21:00,394,360,34,586,72,-192,-264
6148,hosp_covid_dis_covid_hours_for,77963,2021-05-20,Четверг,22:00,435,398,37,593,72,-158,-230
6149,hosp_covid_dis_covid_hours_for,77969,2021-05-20,Четверг,23:00,466,424,42,594,74,-128,-202
6150,hosp_covid_dis_covid_hours_for,77972,2021-05-21,Пятница,01:00,12,10,2,3,0,9,9
6151,hosp_covid_dis_covid_hours_for,77973,2021-05-20,Четверг,сутки,492,448,44,597,75,-105,-180
6152,hosp_covid_dis_covid_hours_for,77975,2021-05-21,Пятница,02:00,25,23,2,4,1,21,20
6153,hosp_covid_dis_covid_hours_for,77977,2021-05-21,Пятница,03:00,41,39,2,4,3,37,34
6154,hosp_covid_dis_covid_hours_for,77979,2021-05-21,Пятница,04:00,55,53,2,6,3,49,46
6155,hosp_covid_dis_covid_hours_for,77981,2021-05-21,Пятница,05:00,61,59,2,6,3,55,52
6156,hosp_covid_dis_covid_hours_for,77983,2021-05-21,Пятница,06:00,65,62,3,7,3,58,55
6157,hosp_covid_dis_covid_hours_for,77985,2021-05-21,Пятница,07:00,67,64,3,8,3,59,56
6158,hosp_covid_dis_covid_hours_for,77987,2021-05-21,Пятница,08:00,70,66,4,16,9,54,45
6159,hosp_covid_dis_covid_hours_for,77989,2021-05-21,Пятница,09:00,86,82,4,61,15,25,10
6160,hosp_covid_dis_covid_hours_for,77991,2021-05-21,Пятница,10:00,95,91,4,119,16,-24,-40
6161,hosp_covid_dis_covid_hours_for,77993,2021-05-21,Пятница,11:00,111,106,5,215,20,-104,-124
6162,hosp_covid_dis_covid_hours_for,77995,2021-05-21,Пятница,12:00,139,132,7,325,28,-186,-214
6163,hosp_covid_dis_covid_hours_for,77997,2021-05-21,Пятница,13:00,178,167,11,405,37,-227,-264
6164,hosp_covid_dis_covid_hours_for,77999,2021-05-21,Пятница,14:00,211,196,15,499,39,-288,-327
6165,hosp_covid_dis_covid_hours_for,78001,2021-05-21,Пятница,15:00,258,237,21,556,41,-298,-339
6166,hosp_covid_dis_covid_hours_for,78003,2021-05-21,Пятница,16:00,297,273,24,605,46,-308,-354
6167,hosp_covid_dis_covid_hours_for,78005,2021-05-21,Пятница,17:00,335,301,34,627,46,-292,-338
6168,hosp_covid_dis_covid_hours_for,78007,2021-05-21,Пятница,18:00,365,329,36,634,48,-269,-317
6169,hosp_covid_dis_covid_hours_for,78009,2021-05-21,Пятница,19:01,405,367,38,643,57,-238,-295
6170,hosp_covid_dis_covid_hours_for,78011,2021-05-21,Пятница,20:00,438,398,40,655,59,-217,-276
6171,hosp_covid_dis_covid_hours_for,78013,2021-05-21,Пятница,21:00,478,435,43,658,59,-180,-239
6172,hosp_covid_dis_covid_hours_for,78015,2021-05-21,Пятница,22:00,501,454,47,662,60,-161,-221
6173,hosp_covid_dis_covid_hours_for,78021,2021-05-21,Пятница,23:00,530,483,47,663,60,-133,-193
6174,hosp_covid_dis_covid_hours_for,78024,2021-05-22,Суббота,01:00,15,14,1,8,0,7,7
6175,hosp_covid_dis_covid_hours_for,78025,2021-05-21,Пятница,сутки,558,509,49,668,61,-110,-171
6176,hosp_covid_dis_covid_hours_for,78027,2021-05-22,Суббота,02:00,40,37,3,8,1,32,31
6177,hosp_covid_dis_covid_hours_for,78029,2021-05-22,Суббота,03:00,53,49,4,10,1,43,42
6178,hosp_covid_dis_covid_hours_for,78031,2021-05-22,Суббота,04:00,67,63,4,10,1,57,56
6179,hosp_covid_dis_covid_hours_for,78033,2021-05-22,Суббота,05:00,81,77,4,11,1,70,69
6180,hosp_covid_dis_covid_hours_for,78035,2021-05-22,Суббота,06:00,85,81,4,12,1,73,72
6181,hosp_covid_dis_covid_hours_for,78037,2021-05-22,Суббота,07:00,87,83,4,13,1,74,73
6182,hosp_covid_dis_covid_hours_for,78039,2021-05-22,Суббота,08:00,88,84,4,28,8,60,52
6183,hosp_covid_dis_covid_hours_for,78041,2021-05-22,Суббота,09:00,89,85,4,55,12,34,22
6184,hosp_covid_dis_covid_hours_for,78043,2021-05-22,Суббота,10:00,93,89,4,97,13,-4,-17
6185,hosp_covid_dis_covid_hours_for,78045,2021-05-22,Суббота,11:00,102,97,5,148,21,-46,-67
6186,hosp_covid_dis_covid_hours_for,78047,2021-05-22,Суббота,12:00,116,110,6,206,31,-90,-121
6187,hosp_covid_dis_covid_hours_for,78049,2021-05-22,Суббота,13:00,142,133,9,259,35,-117,-152
6188,hosp_covid_dis_covid_hours_for,78051,2021-05-22,Суббота,14:00,174,163,11,312,36,-138,-174
6189,hosp_covid_dis_covid_hours_for,78053,2021-05-22,Суббота,15:00,210,196,14,336,39,-126,-165
6190,hosp_covid_dis_covid_hours_for,78055,2021-05-22,Суббота,16:00,231,213,18,349,39,-118,-157
6191,hosp_covid_dis_covid_hours_for,78057,2021-05-22,Суббота,17:00,257,235,22,360,39,-103,-142
6192,hosp_covid_dis_covid_hours_for,78059,2021-05-22,Суббота,18:00,295,265,30,366,40,-71,-111
6193,hosp_covid_dis_covid_hours_for,78061,2021-05-22,Суббота,19:00,325,292,33,377,41,-52,-93
6194,hosp_covid_dis_covid_hours_for,78063,2021-05-22,Суббота,20:00,339,303,36,393,44,-54,-98
6195,hosp_covid_dis_covid_hours_for,78065,2021-05-22,Суббота,21:00,362,325,37,402,45,-40,-85
6196,hosp_covid_dis_covid_hours_for,78067,2021-05-22,Суббота,22:00,380,342,38,409,47,-29,-76
6197,hosp_covid_dis_covid_hours_for,78073,2021-05-22,Суббота,23:00,408,367,41,419,47,-11,-58
6198,hosp_covid_dis_covid_hours_for,78076,2021-05-23,Воскресенье,01:00,11,11,0,0,0,11,11
6199,hosp_covid_dis_covid_hours_for,78077,2021-05-22,Суббота,сутки,431,389,42,423,47,8,-39
6200,hosp_covid_dis_covid_hours_for,78079,2021-05-23,Воскресенье,02:00,33,33,0,1,0,32,32
6201,hosp_covid_dis_covid_hours_for,78081,2021-05-23,Воскресенье,03:00,46,45,1,1,0,45,45
6202,hosp_covid_dis_covid_hours_for,78083,2021-05-23,Воскресенье,04:00,51,50,1,2,0,49,49
6203,hosp_covid_dis_covid_hours_for,78085,2021-05-23,Воскресенье,05:00,54,53,1,2,0,52,52
6204,hosp_covid_dis_covid_hours_for,78087,2021-05-23,Воскресенье,06:00,58,57,1,4,0,54,54
6205,hosp_covid_dis_covid_hours_for,78089,2021-05-23,Воскресенье,07:00,62,61,1,11,0,51,51
6206,hosp_covid_dis_covid_hours_for,78091,2021-05-23,Воскресенье,08:00,69,68,1,22,2,47,45
6207,hosp_covid_dis_covid_hours_for,78093,2021-05-23,Воскресенье,09:00,74,73,1,53,6,21,15
6208,hosp_covid_dis_covid_hours_for,78095,2021-05-23,Воскресенье,10:00,80,79,1,88,9,-8,-17
6209,hosp_covid_dis_covid_hours_for,78097,2021-05-23,Воскресенье,11:00,86,84,2,114,15,-28,-43
6210,hosp_covid_dis_covid_hours_for,78099,2021-05-23,Воскресенье,12:00,106,102,4,156,17,-50,-67
6211,hosp_covid_dis_covid_hours_for,78101,2021-05-23,Воскресенье,13:00,135,130,5,220,23,-85,-108
6212,hosp_covid_dis_covid_hours_for,78103,2021-05-23,Воскресенье,14:00,157,150,7,237,25,-80,-105
6213,hosp_covid_dis_covid_hours_for,78105,2021-05-23,Воскресенье,15:00,177,167,10,253,26,-76,-102
6214,hosp_covid_dis_covid_hours_for,78107,2021-05-23,Воскресенье,16:00,206,195,11,259,26,-53,-79
6215,hosp_covid_dis_covid_hours_for,78109,2021-05-23,Воскресенье,17:00,224,211,13,266,29,-42,-71
6216,hosp_covid_dis_covid_hours_for,78111,2021-05-23,Воскресенье,18:00,249,230,19,274,29,-25,-54
6217,hosp_covid_dis_covid_hours_for,78113,2021-05-23,Воскресенье,19:00,269,248,21,290,33,-21,-54
6218,hosp_covid_dis_covid_hours_for,78115,2021-05-23,Воскресенье,20:00,285,261,24,299,33,-14,-47
6219,hosp_covid_dis_covid_hours_for,78117,2021-05-23,Воскресенье,21:00,317,288,29,302,33,15,-18
6220,hosp_covid_dis_covid_hours_for,78119,2021-05-23,Воскресенье,22:00,342,311,31,306,33,36,3
6221,hosp_covid_dis_covid_hours_for,78125,2021-05-23,Воскресенье,23:00,365,331,34,308,34,57,23
6222,hosp_covid_dis_covid_hours_for,78128,2021-05-24,Понедельник,01:00,13,13,0,9,0,4,4
6223,hosp_covid_dis_covid_hours_for,78129,2021-05-23,Воскресенье,сутки,389,354,35,312,34,77,43
6224,hosp_covid_dis_covid_hours_for,78131,2021-05-24,Понедельник,02:00,31,31,0,9,0,22,22
6225,hosp_covid_dis_covid_hours_for,78133,2021-05-24,Понедельник,03:00,47,47,0,9,0,38,38
6226,hosp_covid_dis_covid_hours_for,78135,2021-05-24,Понедельник,04:00,62,62,0,9,0,53,53
6227,hosp_covid_dis_covid_hours_for,78137,2021-05-24,Понедельник,05:00,67,67,0,10,0,57,57
6228,hosp_covid_dis_covid_hours_for,78139,2021-05-24,Понедельник,06:00,72,72,0,11,1,61,60
6229,hosp_covid_dis_covid_hours_for,78141,2021-05-24,Понедельник,07:00,73,73,0,15,6,58,52
6230,hosp_covid_dis_covid_hours_for,78143,2021-05-24,Понедельник,08:00,75,75,0,22,6,53,47
6231,hosp_covid_dis_covid_hours_for,78145,2021-05-24,Понедельник,09:00,79,79,0,47,11,32,21
6232,hosp_covid_dis_covid_hours_for,78147,2021-05-24,Понедельник,10:00,83,83,0,103,11,-20,-31
6233,hosp_covid_dis_covid_hours_for,78149,2021-05-24,Понедельник,11:00,97,97,0,174,16,-77,-93
6234,hosp_covid_dis_covid_hours_for,78151,2021-05-24,Понедельник,12:00,115,113,2,252,19,-137,-156
6235,hosp_covid_dis_covid_hours_for,78153,2021-05-24,Понедельник,13:00,146,142,4,332,22,-186,-208
6236,hosp_covid_dis_covid_hours_for,78155,2021-05-24,Понедельник,14:00,196,188,8,426,30,-230,-260
6237,hosp_covid_dis_covid_hours_for,78157,2021-05-24,Понедельник,15:00,243,227,16,493,33,-250,-283
6238,hosp_covid_dis_covid_hours_for,78159,2021-05-24,Понедельник,16:00,273,256,17,525,34,-252,-286
6239,hosp_covid_dis_covid_hours_for,78161,2021-05-24,Понедельник,17:00,307,285,22,549,34,-242,-276
6240,hosp_covid_dis_covid_hours_for,78163,2021-05-24,Понедельник,18:00,347,319,28,579,36,-232,-268
6241,hosp_covid_dis_covid_hours_for,78165,2021-05-24,Понедельник,19:00,390,356,34,606,39,-216,-255
6242,hosp_covid_dis_covid_hours_for,78167,2021-05-24,Понедельник,20:00,436,395,41,614,40,-178,-218
6243,hosp_covid_dis_covid_hours_for,78169,2021-05-24,Понедельник,21:00,478,431,47,618,40,-140,-180
6244,hosp_covid_dis_covid_hours_for,78171,2021-05-24,Понедельник,22:00,512,461,51,623,40,-111,-151
6245,hosp_covid_dis_covid_hours_for,78177,2021-05-24,Понедельник,23:00,534,481,53,628,40,-94,-134
6246,hosp_covid_dis_covid_hours_for,78180,2021-05-25,Вторник,01:00,15,14,1,8,0,7,7
6247,hosp_covid_dis_covid_hours_for,78181,2021-05-24,Понедельник,сутки,568,514,54,631,40,-63,-103
6248,hosp_covid_dis_covid_hours_for,78183,2021-05-25,Вторник,02:00,34,32,2,9,0,25,25
6249,hosp_covid_dis_covid_hours_for,78185,2021-05-25,Вторник,03:00,51,49,2,9,0,42,42
6250,hosp_covid_dis_covid_hours_for,78187,2021-05-25,Вторник,04:00,65,61,4,10,0,55,55
6251,hosp_covid_dis_covid_hours_for,78189,2021-05-25,Вторник,05:00,76,71,5,10,0,66,66
6252,hosp_covid_dis_covid_hours_for,78191,2021-05-25,Вторник,06:00,88,83,5,10,1,78,77
6253,hosp_covid_dis_covid_hours_for,78193,2021-05-25,Вторник,07:00,95,90,5,14,2,81,79
6254,hosp_covid_dis_covid_hours_for,78195,2021-05-25,Вторник,08:00,101,95,6,32,8,69,61
6255,hosp_covid_dis_covid_hours_for,78197,2021-05-25,Вторник,09:00,106,100,6,47,16,59,43
6256,hosp_covid_dis_covid_hours_for,78199,2021-05-25,Вторник,10:00,118,111,7,127,24,-9,-33
6257,hosp_covid_dis_covid_hours_for,78201,2021-05-25,Вторник,11:00,132,124,8,199,27,-67,-94
6258,hosp_covid_dis_covid_hours_for,78203,2021-05-25,Вторник,12:00,161,152,9,269,31,-108,-139
6259,hosp_covid_dis_covid_hours_for,78205,2021-05-25,Вторник,13:00,196,184,12,365,41,-169,-210
6260,hosp_covid_dis_covid_hours_for,78207,2021-05-25,Вторник,14:00,222,205,17,469,48,-247,-295
6261,hosp_covid_dis_covid_hours_for,78209,2021-05-25,Вторник,15:00,255,232,23,528,52,-273,-325
6262,hosp_covid_dis_covid_hours_for,78211,2021-05-25,Вторник,16:00,291,265,26,565,53,-274,-327
6263,hosp_covid_dis_covid_hours_for,78213,2021-05-25,Вторник,17:00,322,294,28,615,54,-293,-347
6264,hosp_covid_dis_covid_hours_for,78215,2021-05-25,Вторник,18:00,358,325,33,628,55,-270,-325
6265,hosp_covid_dis_covid_hours_for,78217,2021-05-25,Вторник,19:00,400,361,39,637,55,-237,-292
6266,hosp_covid_dis_covid_hours_for,78219,2021-05-25,Вторник,20:00,437,388,49,639,56,-202,-258
6267,hosp_covid_dis_covid_hours_for,78221,2021-05-25,Вторник,21:00,460,411,49,650,56,-190,-246
6268,hosp_covid_dis_covid_hours_for,78223,2021-05-25,Вторник,22:00,497,443,54,651,56,-154,-210
6269,hosp_covid_dis_covid_hours_for,78229,2021-05-25,Вторник,23:00,526,469,57,655,57,-129,-186
6270,hosp_covid_dis_covid_hours_for,78232,2021-05-26,Среда,01:00,12,12,0,3,0,9,9
6271,hosp_covid_dis_covid_hours_for,78233,2021-05-25,Вторник,сутки,551,492,59,657,57,-106,-163
6272,hosp_covid_dis_covid_hours_for,78235,2021-05-26,Среда,02:00,21,21,0,4,1,17,16
6273,hosp_covid_dis_covid_hours_for,78237,2021-05-26,Среда,03:00,32,32,0,4,1,28,27
6274,hosp_covid_dis_covid_hours_for,78239,2021-05-26,Среда,04:00,37,37,0,4,1,33,32
6275,hosp_covid_dis_covid_hours_for,78241,2021-05-26,Среда,05:00,44,44,0,4,1,40,39
6276,hosp_covid_dis_covid_hours_for,78243,2021-05-26,Среда,06:00,49,49,0,4,1,45,44
6277,hosp_covid_dis_covid_hours_for,78245,2021-05-26,Среда,07:00,51,51,0,8,1,43,42
6278,hosp_covid_dis_covid_hours_for,78247,2021-05-26,Среда,08:00,53,53,0,17,11,36,25
6279,hosp_covid_dis_covid_hours_for,78249,2021-05-26,Среда,09:00,58,58,0,43,24,15,-9
6280,hosp_covid_dis_covid_hours_for,78251,2021-05-26,Среда,10:00,69,69,0,98,26,-29,-55
6281,hosp_covid_dis_covid_hours_for,78253,2021-05-26,Среда,11:00,82,82,0,186,33,-104,-137
6282,hosp_covid_dis_covid_hours_for,78255,2021-05-26,Среда,12:00,102,99,3,270,40,-168,-208
6283,hosp_covid_dis_covid_hours_for,78257,2021-05-26,Среда,13:00,135,132,3,328,46,-193,-239
6284,hosp_covid_dis_covid_hours_for,78259,2021-05-26,Среда,14:00,173,166,7,403,52,-230,-282
6285,hosp_covid_dis_covid_hours_for,78261,2021-05-26,Среда,15:00,208,192,16,446,52,-238,-290
6286,hosp_covid_dis_covid_hours_for,78263,2021-05-26,Среда,16:00,248,228,20,493,52,-245,-297
6287,hosp_covid_dis_covid_hours_for,78265,2021-05-26,Среда,17:00,285,257,28,523,54,-238,-292
6288,hosp_covid_dis_covid_hours_for,78267,2021-05-26,Среда,18:00,323,286,37,550,55,-227,-282
6289,hosp_covid_dis_covid_hours_for,78269,2021-05-26,Среда,19:00,355,315,40,558,56,-203,-259
6290,hosp_covid_dis_covid_hours_for,78271,2021-05-26,Среда,20:00,386,343,43,561,56,-175,-231
6291,hosp_covid_dis_covid_hours_for,78273,2021-05-26,Среда,21:00,418,369,49,564,56,-146,-202
6292,hosp_covid_dis_covid_hours_for,78275,2021-05-26,Среда,22:00,434,384,50,568,57,-134,-191
6293,hosp_covid_dis_covid_hours_for,78281,2021-05-26,Среда,23:00,461,408,53,572,57,-111,-168
6294,hosp_covid_dis_covid_hours_for,78284,2021-05-27,Четверг,01:00,9,9,0,8,0,1,1
6295,hosp_covid_dis_covid_hours_for,78285,2021-05-26,Среда,сутки,480,424,56,579,57,-99,-156
6296,hosp_covid_dis_covid_hours_for,78287,2021-05-27,Четверг,02:00,23,23,0,9,0,14,14
6297,hosp_covid_dis_covid_hours_for,78289,2021-05-27,Четверг,03:00,31,31,0,9,0,22,22
6298,hosp_covid_dis_covid_hours_for,78291,2021-05-27,Четверг,04:00,33,33,0,9,0,24,24
6299,hosp_covid_dis_covid_hours_for,78293,2021-05-27,Четверг,05:00,37,37,0,10,0,27,27
6300,hosp_covid_dis_covid_hours_for,78295,2021-05-27,Четверг,06:00,40,40,0,13,0,27,27
6301,hosp_covid_dis_covid_hours_for,78297,2021-05-27,Четверг,07:00,43,43,0,20,0,23,23
6302,hosp_covid_dis_covid_hours_for,78299,2021-05-27,Четверг,08:00,44,44,0,27,11,17,6
6303,hosp_covid_dis_covid_hours_for,78301,2021-05-27,Четверг,09:00,62,62,0,53,21,9,-12
6304,hosp_covid_dis_covid_hours_for,78303,2021-05-27,Четверг,10:00,70,70,0,103,27,-33,-60
6305,hosp_covid_dis_covid_hours_for,78305,2021-05-27,Четверг,11:00,85,84,1,166,36,-81,-117
6306,hosp_covid_dis_covid_hours_for,78307,2021-05-27,Четверг,12:00,109,107,2,246,41,-137,-178
6307,hosp_covid_dis_covid_hours_for,78309,2021-05-27,Четверг,13:00,135,127,8,333,42,-198,-240
6308,hosp_covid_dis_covid_hours_for,78311,2021-05-27,Четверг,14:00,168,153,15,401,53,-233,-286
6309,hosp_covid_dis_covid_hours_for,78313,2021-05-27,Четверг,15:00,205,186,19,441,55,-236,-291
6310,hosp_covid_dis_covid_hours_for,78315,2021-05-27,Четверг,16:00,249,221,28,497,55,-248,-303
6311,hosp_covid_dis_covid_hours_for,78317,2021-05-27,Четверг,17:00,284,251,33,527,55,-243,-298
6312,hosp_covid_dis_covid_hours_for,78319,2021-05-27,Четверг,18:00,322,285,37,541,57,-219,-276
6313,hosp_covid_dis_covid_hours_for,78321,2021-05-27,Четверг,19:00,360,319,41,552,57,-192,-249
6314,hosp_covid_dis_covid_hours_for,78323,2021-05-27,Четверг,20:00,391,348,43,560,57,-169,-226
6315,hosp_covid_dis_covid_hours_for,78325,2021-05-27,Четверг,21:00,428,379,49,560,57,-132,-189
6316,hosp_covid_dis_covid_hours_for,78327,2021-05-27,Четверг,22:00,453,401,52,562,58,-109,-167
6317,hosp_covid_dis_covid_hours_for,78333,2021-05-27,Четверг,23:00,459,407,52,562,58,-103,-161
6318,hosp_covid_dis_covid_hours_for,78336,2021-05-28,Пятница,01:00,0,0,0,0,0,0,0
6319,hosp_covid_dis_covid_hours_for,78337,2021-05-27,Четверг,сутки,459,407,52,562,58,-103,-161
6320,hosp_covid_dis_covid_hours_for,78339,2021-05-28,Пятница,02:00,25,25,0,0,0,25,25
6321,hosp_covid_dis_covid_hours_for,78341,2021-05-28,Пятница,03:00,36,36,0,1,1,35,34
6322,hosp_covid_dis_covid_hours_for,78343,2021-05-28,Пятница,04:00,47,46,1,1,4,46,42
6323,hosp_covid_dis_covid_hours_for,78345,2021-05-28,Пятница,05:00,56,55,1,3,4,53,49
6324,hosp_covid_dis_covid_hours_for,78347,2021-05-28,Пятница,06:00,61,60,1,9,4,52,48
6325,hosp_covid_dis_covid_hours_for,78349,2021-05-28,Пятница,07:00,64,63,1,19,5,45,40
6326,hosp_covid_dis_covid_hours_for,78351,2021-05-28,Пятница,08:00,66,65,1,29,9,37,28
6327,hosp_covid_dis_covid_hours_for,78353,2021-05-28,Пятница,09:00,73,72,1,47,16,26,10
6328,hosp_covid_dis_covid_hours_for,78355,2021-05-28,Пятница,10:00,79,78,1,109,19,-30,-49
6329,hosp_covid_dis_covid_hours_for,78357,2021-05-28,Пятница,11:00,90,88,2,192,25,-102,-127
6330,hosp_covid_dis_covid_hours_for,78359,2021-05-28,Пятница,12:00,109,104,5,286,26,-177,-203
6331,hosp_covid_dis_covid_hours_for,78361,2021-05-28,Пятница,13:00,133,126,7,341,34,-208,-242
6332,hosp_covid_dis_covid_hours_for,78363,2021-05-28,Пятница,14:00,168,155,13,430,39,-262,-301
6333,hosp_covid_dis_covid_hours_for,78365,2021-05-28,Пятница,15:00,214,197,17,519,40,-305,-345
6334,hosp_covid_dis_covid_hours_for,78367,2021-05-28,Пятница,16:00,254,234,20,578,44,-324,-368
6335,hosp_covid_dis_covid_hours_for,78369,2021-05-28,Пятница,17:00,291,268,23,619,45,-328,-373
6336,hosp_covid_dis_covid_hours_for,78371,2021-05-28,Пятница,18:00,338,310,28,646,46,-308,-354
6337,hosp_covid_dis_covid_hours_for,78373,2021-05-28,Пятница,19:00,391,357,34,674,46,-283,-329
6338,hosp_covid_dis_covid_hours_for,78375,2021-05-28,Пятница,20:00,437,401,36,687,46,-250,-296
6339,hosp_covid_dis_covid_hours_for,78377,2021-05-28,Пятница,21:00,464,428,36,689,46,-225,-271
6340,hosp_covid_dis_covid_hours_for,78379,2021-05-28,Пятница,22:00,497,459,38,693,48,-196,-244
6341,hosp_covid_dis_covid_hours_for,78385,2021-05-28,Пятница,23:00,519,478,41,694,48,-175,-223
6342,hosp_covid_dis_covid_hours_for,78388,2021-05-29,Суббота,01:00,16,14,2,2,0,14,14
6343,hosp_covid_dis_covid_hours_for,78389,2021-05-28,Пятница,сутки,540,498,42,699,50,-159,-209
6344,hosp_covid_dis_covid_hours_for,78391,2021-05-29,Суббота,02:00,36,34,2,2,0,34,34
6345,hosp_covid_dis_covid_hours_for,78393,2021-05-29,Суббота,03:00,46,44,2,5,0,41,41
6346,hosp_covid_dis_covid_hours_for,78395,2021-05-29,Суббота,04:00,55,53,2,5,0,50,50
6347,hosp_covid_dis_covid_hours_for,78397,2021-05-29,Суббота,05:00,63,61,2,5,1,58,57
6348,hosp_covid_dis_covid_hours_for,78399,2021-05-29,Суббота,06:00,68,66,2,7,1,61,60
6349,hosp_covid_dis_covid_hours_for,78401,2021-05-29,Суббота,07:00,70,68,2,8,7,62,55
6350,hosp_covid_dis_covid_hours_for,78403,2021-05-29,Суббота,08:00,76,74,2,21,7,55,48
6351,hosp_covid_dis_covid_hours_for,78405,2021-05-29,Суббота,09:00,83,81,2,47,13,36,23
6352,hosp_covid_dis_covid_hours_for,78407,2021-05-29,Суббота,10:00,86,84,2,94,20,-8,-28
6353,hosp_covid_dis_covid_hours_for,78409,2021-05-29,Суббота,11:00,100,98,2,141,24,-41,-65
6354,hosp_covid_dis_covid_hours_for,78411,2021-05-29,Суббота,12:00,123,119,4,179,35,-56,-91
6355,hosp_covid_dis_covid_hours_for,78413,2021-05-29,Суббота,13:00,147,140,7,239,42,-92,-134
6356,hosp_covid_dis_covid_hours_for,78415,2021-05-29,Суббота,14:00,170,162,8,265,47,-95,-142
6357,hosp_covid_dis_covid_hours_for,78417,2021-05-29,Суббота,15:00,201,193,8,303,51,-102,-153
6358,hosp_covid_dis_covid_hours_for,78419,2021-05-29,Суббота,16:00,235,224,11,311,52,-76,-128
6359,hosp_covid_dis_covid_hours_for,78421,2021-05-29,Суббота,17:00,264,249,15,315,52,-51,-103
6360,hosp_covid_dis_covid_hours_for,78423,2021-05-29,Суббота,18:00,292,274,18,324,52,-32,-84
6361,hosp_covid_dis_covid_hours_for,78425,2021-05-29,Суббота,19:00,323,302,21,327,52,-4,-56
6362,hosp_covid_dis_covid_hours_for,78427,2021-05-29,Суббота,20:00,352,330,22,332,52,20,-32
6363,hosp_covid_dis_covid_hours_for,78429,2021-05-29,Суббота,21:00,371,345,26,334,52,37,-15
6364,hosp_covid_dis_covid_hours_for,78431,2021-05-29,Суббота,22:00,391,363,28,336,52,55,3
6365,hosp_covid_dis_covid_hours_for,78437,2021-05-29,Суббота,23:00,410,378,32,337,54,73,19
6366,hosp_covid_dis_covid_hours_for,78440,2021-05-30,Воскресенье,01:00,11,11,0,3,0,8,8
6367,hosp_covid_dis_covid_hours_for,78441,2021-05-29,Суббота,сутки,429,395,34,340,56,89,33
6368,hosp_covid_dis_covid_hours_for,78443,2021-05-30,Воскресенье,02:00,22,22,0,3,0,19,19
6369,hosp_covid_dis_covid_hours_for,78445,2021-05-30,Воскресенье,03:00,28,28,0,3,0,25,25
6370,hosp_covid_dis_covid_hours_for,78447,2021-05-30,Воскресенье,04:00,36,36,0,4,0,32,32
6371,hosp_covid_dis_covid_hours_for,78449,2021-05-30,Воскресенье,05:00,37,37,0,5,0,32,32
6372,hosp_covid_dis_covid_hours_for,78451,2021-05-30,Воскресенье,06:00,40,40,0,6,0,34,34
6373,hosp_covid_dis_covid_hours_for,78453,2021-05-30,Воскресенье,07:00,43,43,0,9,1,34,33
6374,hosp_covid_dis_covid_hours_for,78455,2021-05-30,Воскресенье,08:00,44,44,0,18,2,26,24
6375,hosp_covid_dis_covid_hours_for,78457,2021-05-30,Воскресенье,09:00,45,45,0,41,9,4,-5
6376,hosp_covid_dis_covid_hours_for,78459,2021-05-30,Воскресенье,10:00,49,49,0,69,12,-20,-32
6377,hosp_covid_dis_covid_hours_for,78461,2021-05-30,Воскресенье,11:00,58,55,3,116,15,-58,-73
6378,hosp_covid_dis_covid_hours_for,78463,2021-05-30,Воскресенье,12:00,78,69,9,155,18,-77,-95
6379,hosp_covid_dis_covid_hours_for,78465,2021-05-30,Воскресенье,13:00,100,89,11,177,24,-77,-101
6380,hosp_covid_dis_covid_hours_for,78467,2021-05-30,Воскресенье,14:00,127,114,13,202,28,-75,-103
6381,hosp_covid_dis_covid_hours_for,78469,2021-05-30,Воскресенье,15:00,157,144,13,225,30,-68,-98
6382,hosp_covid_dis_covid_hours_for,78471,2021-05-30,Воскресенье,16:00,183,168,15,234,33,-51,-84
6383,hosp_covid_dis_covid_hours_for,78473,2021-05-30,Воскресенье,17:00,208,193,15,249,34,-41,-75
6384,hosp_covid_dis_covid_hours_for,78475,2021-05-30,Воскресенье,18:00,227,207,20,253,36,-26,-62
6385,hosp_covid_dis_covid_hours_for,78477,2021-05-30,Воскресенье,19:00,253,232,21,263,37,-10,-47
6386,hosp_covid_dis_covid_hours_for,78479,2021-05-30,Воскресенье,20:00,282,257,25,278,40,4,-36
6387,hosp_covid_dis_covid_hours_for,78481,2021-05-30,Воскресенье,21:00,297,271,26,283,40,14,-26
6388,hosp_covid_dis_covid_hours_for,78483,2021-05-30,Воскресенье,22:00,314,288,26,285,40,29,-11
6389,hosp_covid_dis_covid_hours_for,78489,2021-05-30,Воскресенье,23:00,338,310,28,288,40,50,10
6390,hosp_covid_dis_covid_hours_for,78492,2021-05-31,Понедельник,01:00,14,14,0,2,0,12,12
6391,hosp_covid_dis_covid_hours_for,78493,2021-05-30,Воскресенье,сутки,353,324,29,291,40,62,22
6392,hosp_covid_dis_covid_hours_for,78495,2021-05-31,Понедельник,02:00,27,27,0,3,0,24,24
6393,hosp_covid_dis_covid_hours_for,78497,2021-05-31,Понедельник,03:00,36,36,0,3,1,33,32
6394,hosp_covid_dis_covid_hours_for,78499,2021-05-31,Понедельник,04:00,44,44,0,3,1,41,40
6395,hosp_covid_dis_covid_hours_for,78501,2021-05-31,Понедельник,05:00,47,47,0,4,1,43,42
6396,hosp_covid_dis_covid_hours_for,78503,2021-05-31,Понедельник,06:00,51,51,0,5,1,46,45
6397,hosp_covid_dis_covid_hours_for,78505,2021-05-31,Понедельник,07:00,54,54,0,9,2,45,43
6398,hosp_covid_dis_covid_hours_for,78507,2021-05-31,Понедельник,08:00,58,58,0,12,9,46,37
6399,hosp_covid_dis_covid_hours_for,78509,2021-05-31,Понедельник,09:00,63,62,1,35,16,28,12
6400,hosp_covid_dis_covid_hours_for,78511,2021-05-31,Понедельник,10:00,72,70,2,98,17,-26,-43
6401,hosp_covid_dis_covid_hours_for,78513,2021-05-31,Понедельник,11:00,84,81,3,209,23,-125,-148
6402,hosp_covid_dis_covid_hours_for,78515,2021-05-31,Понедельник,12:00,109,102,7,299,27,-190,-217
6403,hosp_covid_dis_covid_hours_for,78517,2021-05-31,Понедельник,13:00,140,130,10,370,30,-230,-260
6404,hosp_covid_dis_covid_hours_for,78519,2021-05-31,Понедельник,14:00,182,169,13,454,35,-272,-307
6405,hosp_covid_dis_covid_hours_for,78521,2021-05-31,Понедельник,15:00,228,212,16,513,38,-285,-323
6406,hosp_covid_dis_covid_hours_for,78523,2021-05-31,Понедельник,16:00,268,250,18,555,41,-287,-328
6407,hosp_covid_dis_covid_hours_for,78525,2021-05-31,Понедельник,17:00,317,293,24,583,47,-266,-313
6408,hosp_covid_dis_covid_hours_for,78527,2021-05-31,Понедельник,18:00,356,325,31,612,52,-256,-308
6409,hosp_covid_dis_covid_hours_for,78529,2021-05-31,Понедельник,19:00,402,360,42,668,52,-266,-318
6410,hosp_covid_dis_covid_hours_for,78531,2021-05-31,Понедельник,20:00,439,392,47,680,55,-241,-296
6411,hosp_covid_dis_covid_hours_for,78533,2021-05-31,Понедельник,21:00,475,420,55,687,55,-212,-267
6412,hosp_covid_dis_covid_hours_for,78535,2021-05-31,Понедельник,22:00,505,446,59,688,56,-183,-239
6413,hosp_covid_dis_covid_hours_for,78541,2021-05-31,Понедельник,23:00,535,473,62,697,57,-162,-219
6414,hosp_covid_dis_covid_hours_for,78544,2021-06-01,Вторник,01:00,12,11,1,5,0,7,7
6415,hosp_covid_dis_covid_hours_for,78545,2021-05-31,Понедельник,сутки,572,509,63,698,58,-126,-184
6416,hosp_covid_dis_covid_hours_for,78547,2021-06-01,Вторник,02:00,35,34,1,9,1,26,25
6417,hosp_covid_dis_covid_hours_for,78549,2021-06-01,Вторник,03:00,55,54,1,10,2,45,43
6418,hosp_covid_dis_covid_hours_for,78551,2021-06-01,Вторник,04:00,74,73,1,15,6,59,53
6419,hosp_covid_dis_covid_hours_for,78553,2021-06-01,Вторник,05:00,84,83,1,16,6,68,62
6420,hosp_covid_dis_covid_hours_for,78555,2021-06-01,Вторник,06:00,90,89,1,16,7,74,67
6421,hosp_covid_dis_covid_hours_for,78557,2021-06-01,Вторник,07:00,96,95,1,20,7,76,69
6422,hosp_covid_dis_covid_hours_for,78559,2021-06-01,Вторник,08:00,100,98,2,28,9,72,63
6423,hosp_covid_dis_covid_hours_for,78561,2021-06-01,Вторник,09:00,109,107,2,50,15,59,44
6424,hosp_covid_dis_covid_hours_for,78563,2021-06-01,Вторник,10:00,117,113,4,106,22,11,-11
6425,hosp_covid_dis_covid_hours_for,78565,2021-06-01,Вторник,11:00,130,125,5,180,36,-50,-86
6426,hosp_covid_dis_covid_hours_for,78567,2021-06-01,Вторник,12:00,153,144,9,261,51,-108,-159
6427,hosp_covid_dis_covid_hours_for,78569,2021-06-01,Вторник,13:00,190,180,10,335,59,-145,-204
6428,hosp_covid_dis_covid_hours_for,78571,2021-06-01,Вторник,14:00,234,219,15,405,66,-171,-237
6429,hosp_covid_dis_covid_hours_for,78573,2021-06-01,Вторник,15:00,273,248,25,461,69,-188,-257
6430,hosp_covid_dis_covid_hours_for,78575,2021-06-01,Вторник,16:00,313,286,27,495,71,-182,-253
6431,hosp_covid_dis_covid_hours_for,78577,2021-06-01,Вторник,17:00,357,315,42,525,71,-168,-239
6432,hosp_covid_dis_covid_hours_for,78579,2021-06-01,Вторник,18:00,396,348,48,547,71,-151,-222
6433,hosp_covid_dis_covid_hours_for,78581,2021-06-01,Вторник,19:00,444,383,61,560,71,-116,-187
6434,hosp_covid_dis_covid_hours_for,78583,2021-06-01,Вторник,20:00,482,417,65,563,71,-81,-152
6435,hosp_covid_dis_covid_hours_for,78585,2021-06-01,Вторник,21:00,509,441,68,569,71,-60,-131
6436,hosp_covid_dis_covid_hours_for,78587,2021-06-01,Вторник,22:00,545,475,70,572,73,-27,-100
6437,hosp_covid_dis_covid_hours_for,78593,2021-06-01,Вторник,23:00,581,508,73,575,73,6,-67
6438,hosp_covid_dis_covid_hours_for,78596,2021-06-02,Среда,01:00,17,17,0,5,0,12,12
6439,hosp_covid_dis_covid_hours_for,78597,2021-06-01,Вторник,сутки,614,535,79,576,74,38,-36
6440,hosp_covid_dis_covid_hours_for,78599,2021-06-02,Среда,02:00,36,36,0,5,0,31,31
6441,hosp_covid_dis_covid_hours_for,78601,2021-06-02,Среда,03:00,49,49,0,5,0,44,44
6442,hosp_covid_dis_covid_hours_for,78603,2021-06-02,Среда,04:00,63,63,0,6,0,57,57
6443,hosp_covid_dis_covid_hours_for,78605,2021-06-02,Среда,05:00,69,69,0,9,0,60,60
6444,hosp_covid_dis_covid_hours_for,78607,2021-06-02,Среда,06:00,75,75,0,9,0,66,66
6445,hosp_covid_dis_covid_hours_for,78609,2021-06-02,Среда,07:00,78,78,0,12,3,66,63
6446,hosp_covid_dis_covid_hours_for,78611,2021-06-02,Среда,08:00,89,89,0,18,8,71,63
6447,hosp_covid_dis_covid_hours_for,78613,2021-06-02,Среда,09:00,96,95,1,49,17,47,30
6448,hosp_covid_dis_covid_hours_for,78615,2021-06-02,Среда,10:00,97,96,1,88,19,9,-10
6449,hosp_covid_dis_covid_hours_for,78617,2021-06-02,Среда,11:00,114,111,3,165,23,-51,-74
6450,hosp_covid_dis_covid_hours_for,78619,2021-06-02,Среда,12:00,139,136,3,242,27,-103,-130
6451,hosp_covid_dis_covid_hours_for,78621,2021-06-02,Среда,13:00,160,157,3,329,30,-169,-199
6452,hosp_covid_dis_covid_hours_for,78623,2021-06-02,Среда,14:00,198,190,8,390,38,-192,-230
6453,hosp_covid_dis_covid_hours_for,78625,2021-06-02,Среда,15:00,237,225,12,442,48,-205,-253
6454,hosp_covid_dis_covid_hours_for,78627,2021-06-02,Среда,16:00,277,258,19,493,48,-216,-264
6455,hosp_covid_dis_covid_hours_for,78629,2021-06-02,Среда,17:00,321,301,20,522,52,-201,-253
6456,hosp_covid_dis_covid_hours_for,78631,2021-06-02,Среда,18:00,354,332,22,534,56,-180,-236
6457,hosp_covid_dis_covid_hours_for,78633,2021-06-02,Среда,19:00,402,375,27,539,61,-137,-198
6458,hosp_covid_dis_covid_hours_for,78635,2021-06-02,Среда,20:00,440,406,34,541,64,-101,-165
6459,hosp_covid_dis_covid_hours_for,78637,2021-06-02,Среда,21:00,488,449,39,545,64,-57,-121
6460,hosp_covid_dis_covid_hours_for,78639,2021-06-02,Среда,22:01,525,483,42,546,64,-21,-85
6461,hosp_covid_dis_covid_hours_for,78645,2021-06-02,Среда,23:00,559,513,46,549,65,10,-55
6462,hosp_covid_dis_covid_hours_for,78648,2021-06-03,Четверг,01:00,16,16,0,5,1,11,10
6463,hosp_covid_dis_covid_hours_for,78649,2021-06-02,Среда,сутки,590,540,50,553,66,37,-29
6464,hosp_covid_dis_covid_hours_for,78651,2021-06-03,Четверг,02:00,31,31,0,6,1,25,24
6465,hosp_covid_dis_covid_hours_for,78653,2021-06-03,Четверг,03:00,55,55,0,6,1,49,48
6466,hosp_covid_dis_covid_hours_for,78655,2021-06-03,Четверг,04:00,73,73,0,7,1,66,65
6467,hosp_covid_dis_covid_hours_for,78657,2021-06-03,Четверг,05:00,81,81,0,9,1,72,71
6468,hosp_covid_dis_covid_hours_for,78659,2021-06-03,Четверг,06:00,84,84,0,9,1,75,74
6469,hosp_covid_dis_covid_hours_for,78661,2021-06-03,Четверг,07:00,89,89,0,15,1,74,73
6470,hosp_covid_dis_covid_hours_for,78663,2021-06-03,Четверг,08:00,92,92,0,21,4,71,67
6471,hosp_covid_dis_covid_hours_for,78665,2021-06-03,Четверг,09:00,94,93,1,33,14,61,47
6472,hosp_covid_dis_covid_hours_for,78667,2021-06-03,Четверг,10:00,97,96,1,103,20,-6,-26
6473,hosp_covid_dis_covid_hours_for,78669,2021-06-03,Четверг,11:00,120,118,2,167,27,-47,-74
6474,hosp_covid_dis_covid_hours_for,78671,2021-06-03,Четверг,12:00,146,141,5,263,28,-117,-145
6475,hosp_covid_dis_covid_hours_for,78673,2021-06-03,Четверг,13:00,167,162,5,340,32,-173,-205
6476,hosp_covid_dis_covid_hours_for,78675,2021-06-03,Четверг,14:00,209,201,8,414,40,-205,-245
6477,hosp_covid_dis_covid_hours_for,78677,2021-06-03,Четверг,15:00,253,239,14,452,47,-199,-246
6478,hosp_covid_dis_covid_hours_for,78679,2021-06-03,Четверг,16:00,289,268,21,494,48,-205,-253
6479,hosp_covid_dis_covid_hours_for,78681,2021-06-03,Четверг,17:00,334,304,30,521,48,-187,-235
6480,hosp_covid_dis_covid_hours_for,78683,2021-06-03,Четверг,18:00,383,345,38,544,50,-161,-211
6481,hosp_covid_dis_covid_hours_for,78685,2021-06-03,Четверг,19:00,430,387,43,557,50,-127,-177
6482,hosp_covid_dis_covid_hours_for,78687,2021-06-03,Четверг,20:00,472,423,49,562,53,-90,-143
6483,hosp_covid_dis_covid_hours_for,78689,2021-06-03,Четверг,21:00,493,441,52,568,54,-75,-129
6484,hosp_covid_dis_covid_hours_for,78691,2021-06-03,Четверг,22:00,534,476,58,569,55,-35,-90
6485,hosp_covid_dis_covid_hours_for,78697,2021-06-03,Четверг,23:00,555,494,61,573,56,-18,-74
6486,hosp_covid_dis_covid_hours_for,78700,2021-06-04,Пятница,01:00,17,17,0,1,0,16,16
6487,hosp_covid_dis_covid_hours_for,78701,2021-06-03,Четверг,сутки,577,514,63,581,57,-4,-61
6488,hosp_covid_dis_covid_hours_for,78703,2021-06-04,Пятница,02:00,32,32,0,3,0,29,29
6489,hosp_covid_dis_covid_hours_for,78705,2021-06-04,Пятница,03:00,50,49,1,4,2,46,44
6490,hosp_covid_dis_covid_hours_for,78707,2021-06-04,Пятница,04:00,69,68,1,7,2,62,60
6491,hosp_covid_dis_covid_hours_for,78709,2021-06-04,Пятница,05:00,81,80,1,7,2,74,72
6492,hosp_covid_dis_covid_hours_for,78711,2021-06-04,Пятница,06:00,85,84,1,8,2,77,75
6493,hosp_covid_dis_covid_hours_for,78713,2021-06-04,Пятница,07:00,91,90,1,11,2,80,78
6494,hosp_covid_dis_covid_hours_for,78715,2021-06-04,Пятница,08:00,106,105,1,30,5,76,71
6495,hosp_covid_dis_covid_hours_for,78717,2021-06-04,Пятница,09:00,119,118,1,77,10,42,32
6496,hosp_covid_dis_covid_hours_for,78719,2021-06-04,Пятница,10:00,125,122,3,114,16,11,-5
6497,hosp_covid_dis_covid_hours_for,78721,2021-06-04,Пятница,11:00,142,136,6,194,18,-52,-70
6498,hosp_covid_dis_covid_hours_for,78723,2021-06-04,Пятница,12:00,159,151,8,281,28,-122,-150
6499,hosp_covid_dis_covid_hours_for,78725,2021-06-04,Пятница,13:00,205,196,9,385,39,-180,-219
6500,hosp_covid_dis_covid_hours_for,78727,2021-06-04,Пятница,14:00,245,231,14,460,41,-215,-256
6501,hosp_covid_dis_covid_hours_for,78729,2021-06-04,Пятница,15:00,291,270,21,510,44,-219,-263
6502,hosp_covid_dis_covid_hours_for,78731,2021-06-04,Пятница,16:00,332,308,24,552,44,-220,-264
6503,hosp_covid_dis_covid_hours_for,78733,2021-06-04,Пятница,17:00,379,348,31,586,44,-207,-251
6504,hosp_covid_dis_covid_hours_for,78735,2021-06-04,Пятница,18:00,419,384,35,608,45,-189,-234
6505,hosp_covid_dis_covid_hours_for,78737,2021-06-04,Пятница,19:00,459,417,42,616,46,-157,-203
6506,hosp_covid_dis_covid_hours_for,78739,2021-06-04,Пятница,20:00,510,458,52,626,51,-116,-167
6507,hosp_covid_dis_covid_hours_for,78741,2021-06-04,Пятница,21:00,549,492,57,631,51,-82,-133
6508,hosp_covid_dis_covid_hours_for,78743,2021-06-04,Пятница,22:00,584,521,63,634,52,-50,-102
6509,hosp_covid_dis_covid_hours_for,78749,2021-06-04,Пятница,23:00,604,539,65,635,52,-31,-83
6510,hosp_covid_dis_covid_hours_for,78752,2021-06-05,Суббота,01:00,16,16,0,1,0,15,15
6511,hosp_covid_dis_covid_hours_for,78753,2021-06-04,Пятница,сутки,646,580,66,637,53,9,-44
6512,hosp_covid_dis_covid_hours_for,78755,2021-06-05,Суббота,02:00,38,38,0,3,1,35,34
6513,hosp_covid_dis_covid_hours_for,78757,2021-06-05,Суббота,03:00,75,75,0,5,1,70,69
6514,hosp_covid_dis_covid_hours_for,78759,2021-06-05,Суббота,04:00,90,90,0,5,1,85,84
6515,hosp_covid_dis_covid_hours_for,78761,2021-06-05,Суббота,05:00,105,104,1,7,1,98,97
6516,hosp_covid_dis_covid_hours_for,78763,2021-06-05,Суббота,06:00,117,116,1,7,2,110,108
6517,hosp_covid_dis_covid_hours_for,78765,2021-06-05,Суббота,07:00,132,131,1,10,3,122,119
6518,hosp_covid_dis_covid_hours_for,78767,2021-06-05,Суббота,08:00,137,137,0,21,10,116,106
6519,hosp_covid_dis_covid_hours_for,78769,2021-06-05,Суббота,09:00,141,141,0,41,14,100,86
6520,hosp_covid_dis_covid_hours_for,78771,2021-06-05,Суббота,10:00,147,147,0,95,21,52,31
6521,hosp_covid_dis_covid_hours_for,78773,2021-06-05,Суббота,11:00,160,157,3,131,27,29,2
6522,hosp_covid_dis_covid_hours_for,78775,2021-06-05,Суббота,12:00,180,176,4,190,33,-10,-43
6523,hosp_covid_dis_covid_hours_for,78777,2021-06-05,Суббота,13:00,211,207,4,220,35,-9,-44
6524,hosp_covid_dis_covid_hours_for,78779,2021-06-05,Суббота,14:00,241,234,7,251,37,-10,-47
6525,hosp_covid_dis_covid_hours_for,78781,2021-06-05,Суббота,15:00,279,270,9,288,38,-9,-47
6526,hosp_covid_dis_covid_hours_for,78783,2021-06-05,Суббота,16:00,312,300,12,303,39,9,-30
6527,hosp_covid_dis_covid_hours_for,78785,2021-06-05,Суббота,17:00,343,323,20,314,39,29,-10
6528,hosp_covid_dis_covid_hours_for,78787,2021-06-05,Суббота,18:00,374,351,23,315,41,59,18
6529,hosp_covid_dis_covid_hours_for,78789,2021-06-05,Суббота,19:00,399,373,26,319,44,80,36
6530,hosp_covid_dis_covid_hours_for,78791,2021-06-05,Суббота,20:00,436,404,32,326,45,110,65
6531,hosp_covid_dis_covid_hours_for,78793,2021-06-05,Суббота,21:00,464,431,33,333,46,131,85
6532,hosp_covid_dis_covid_hours_for,78795,2021-06-05,Суббота,22:00,497,460,37,335,46,162,116
6533,hosp_covid_dis_covid_hours_for,78801,2021-06-05,Суббота,23:00,520,477,43,337,47,183,136
6534,hosp_covid_dis_covid_hours_for,78804,2021-06-06,Воскресенье,01:00,15,15,0,4,0,11,11
6535,hosp_covid_dis_covid_hours_for,78805,2021-06-05,Суббота,сутки,556,510,46,344,49,212,163
6536,hosp_covid_dis_covid_hours_for,78807,2021-06-06,Воскресенье,02:00,33,33,0,4,0,29,29
6537,hosp_covid_dis_covid_hours_for,78809,2021-06-06,Воскресенье,03:00,53,53,0,7,0,46,46
6538,hosp_covid_dis_covid_hours_for,78811,2021-06-06,Воскресенье,04:00,62,62,0,7,0,55,55
6539,hosp_covid_dis_covid_hours_for,78813,2021-06-06,Воскресенье,05:00,73,73,0,7,1,66,65
6540,hosp_covid_dis_covid_hours_for,78815,2021-06-06,Воскресенье,06:00,86,86,0,8,1,78,77
6541,hosp_covid_dis_covid_hours_for,78817,2021-06-06,Воскресенье,07:00,98,97,1,12,1,86,85
6542,hosp_covid_dis_covid_hours_for,78819,2021-06-06,Воскресенье,08:00,109,107,2,24,6,85,79
6543,hosp_covid_dis_covid_hours_for,78821,2021-06-06,Воскресенье,09:00,112,110,2,40,12,72,60
6544,hosp_covid_dis_covid_hours_for,78823,2021-06-06,Воскресенье,10:00,118,116,2,76,13,42,29
6545,hosp_covid_dis_covid_hours_for,78825,2021-06-06,Воскресенье,11:00,129,125,4,116,13,13,0
6546,hosp_covid_dis_covid_hours_for,78827,2021-06-06,Воскресенье,12:00,154,148,6,157,26,-3,-29
6547,hosp_covid_dis_covid_hours_for,78829,2021-06-06,Воскресенье,13:00,187,179,8,194,29,-7,-36
6548,hosp_covid_dis_covid_hours_for,78831,2021-06-06,Воскресенье,14:00,214,206,8,224,34,-10,-44
6549,hosp_covid_dis_covid_hours_for,78833,2021-06-06,Воскресенье,15:00,250,240,10,233,36,17,-19
6550,hosp_covid_dis_covid_hours_for,78835,2021-06-06,Воскресенье,16:00,270,258,12,242,37,28,-9
6551,hosp_covid_dis_covid_hours_for,78837,2021-06-06,Воскресенье,17:00,303,286,17,248,40,55,15
6552,hosp_covid_dis_covid_hours_for,78839,2021-06-06,Воскресенье,18:00,334,311,23,252,41,82,41
6553,hosp_covid_dis_covid_hours_for,78841,2021-06-06,Воскресенье,19:00,378,351,27,264,41,114,73
6554,hosp_covid_dis_covid_hours_for,78843,2021-06-06,Воскресенье,20:00,415,386,29,268,43,147,104
6555,hosp_covid_dis_covid_hours_for,78845,2021-06-06,Воскресенье,21:00,452,420,32,271,44,181,137
6556,hosp_covid_dis_covid_hours_for,78847,2021-06-06,Воскресенье,22:00,485,450,35,276,46,209,163
6557,hosp_covid_dis_covid_hours_for,78853,2021-06-06,Воскресенье,23:00,509,473,36,278,47,231,184
6558,hosp_covid_dis_covid_hours_for,78856,2021-06-07,Понедельник,01:00,15,15,0,1,0,14,14
6559,hosp_covid_dis_covid_hours_for,78857,2021-06-06,Воскресенье,сутки,536,500,36,278,47,258,211
6560,hosp_covid_dis_covid_hours_for,78859,2021-06-07,Понедельник,02:00,34,33,1,2,0,32,32
6561,hosp_covid_dis_covid_hours_for,78861,2021-06-07,Понедельник,03:00,50,49,1,5,1,45,44
6562,hosp_covid_dis_covid_hours_for,78863,2021-06-07,Понедельник,04:00,65,64,1,5,2,60,58
6563,hosp_covid_dis_covid_hours_for,78865,2021-06-07,Понедельник,05:00,86,85,1,5,3,81,78
6564,hosp_covid_dis_covid_hours_for,78867,2021-06-07,Понедельник,06:00,96,95,1,6,4,90,86
6565,hosp_covid_dis_covid_hours_for,78869,2021-06-07,Понедельник,07:00,105,104,1,12,4,93,89
6566,hosp_covid_dis_covid_hours_for,78871,2021-06-07,Понедельник,08:00,111,110,1,20,8,91,83
6567,hosp_covid_dis_covid_hours_for,78873,2021-06-07,Понедельник,09:00,114,112,2,37,10,77,67
6568,hosp_covid_dis_covid_hours_for,78875,2021-06-07,Понедельник,10:00,122,120,2,93,14,29,15
6569,hosp_covid_dis_covid_hours_for,78877,2021-06-07,Понедельник,11:00,132,129,3,184,19,-52,-71
6570,hosp_covid_dis_covid_hours_for,78879,2021-06-07,Понедельник,12:00,156,150,6,259,23,-103,-126
6571,hosp_covid_dis_covid_hours_for,78881,2021-06-07,Понедельник,13:00,183,172,11,325,27,-142,-169
6572,hosp_covid_dis_covid_hours_for,78883,2021-06-07,Понедельник,14:00,230,214,16,395,35,-165,-200
6573,hosp_covid_dis_covid_hours_for,78885,2021-06-07,Понедельник,15:00,276,256,20,481,38,-205,-243
6574,hosp_covid_dis_covid_hours_for,78887,2021-06-07,Понедельник,16:00,324,296,28,547,40,-223,-263
6575,hosp_covid_dis_covid_hours_for,78889,2021-06-07,Понедельник,17:00,375,338,37,570,45,-195,-240
6576,hosp_covid_dis_covid_hours_for,78891,2021-06-07,Понедельник,18:00,429,387,42,610,47,-181,-228
6577,hosp_covid_dis_covid_hours_for,78893,2021-06-07,Понедельник,19:00,481,432,49,631,48,-150,-198
6578,hosp_covid_dis_covid_hours_for,78895,2021-06-07,Понедельник,20:00,537,477,60,636,48,-99,-147
6579,hosp_covid_dis_covid_hours_for,78897,2021-06-07,Понедельник,21:00,587,519,68,642,48,-55,-103
6580,hosp_covid_dis_covid_hours_for,78899,2021-06-07,Понедельник,22:00,624,553,71,649,48,-25,-73
6581,hosp_covid_dis_covid_hours_for,78905,2021-06-07,Понедельник,23:00,673,596,77,654,49,19,-30
6582,hosp_covid_dis_covid_hours_for,78908,2021-06-08,Вторник,01:00,25,25,0,0,1,25,24
6583,hosp_covid_dis_covid_hours_for,78909,2021-06-07,Понедельник,сутки,716,639,77,659,49,57,8
6584,hosp_covid_dis_covid_hours_for,78911,2021-06-08,Вторник,02:00,41,40,1,0,1,41,40
6585,hosp_covid_dis_covid_hours_for,78913,2021-06-08,Вторник,03:00,73,72,1,0,2,73,71
6586,hosp_covid_dis_covid_hours_for,78915,2021-06-08,Вторник,04:00,99,98,1,1,2,98,96
6587,hosp_covid_dis_covid_hours_for,78917,2021-06-08,Вторник,05:00,123,122,1,2,2,121,119
6588,hosp_covid_dis_covid_hours_for,78919,2021-06-08,Вторник,06:00,146,145,1,2,2,144,142
6589,hosp_covid_dis_covid_hours_for,78921,2021-06-08,Вторник,07:00,158,157,1,4,2,154,152
6590,hosp_covid_dis_covid_hours_for,78923,2021-06-08,Вторник,08:00,165,164,1,23,9,142,133
6591,hosp_covid_dis_covid_hours_for,78925,2021-06-08,Вторник,09:00,176,175,1,60,12,116,104
6592,hosp_covid_dis_covid_hours_for,78927,2021-06-08,Вторник,10:00,189,188,1,121,14,68,54
6593,hosp_covid_dis_covid_hours_for,78929,2021-06-08,Вторник,11:00,210,208,2,203,23,7,-16
6594,hosp_covid_dis_covid_hours_for,78931,2021-06-08,Вторник,12:00,240,236,4,296,26,-56,-82
6595,hosp_covid_dis_covid_hours_for,78933,2021-06-08,Вторник,13:00,278,271,7,393,37,-115,-152
6596,hosp_covid_dis_covid_hours_for,78935,2021-06-08,Вторник,14:00,318,310,8,472,40,-154,-194
6597,hosp_covid_dis_covid_hours_for,78937,2021-06-08,Вторник,15:00,395,378,17,537,46,-142,-188
6598,hosp_covid_dis_covid_hours_for,78939,2021-06-08,Вторник,16:00,448,425,23,576,49,-128,-177
6599,hosp_covid_dis_covid_hours_for,78941,2021-06-08,Вторник,17:00,488,459,29,606,52,-118,-170
6600,hosp_covid_dis_covid_hours_for,78943,2021-06-08,Вторник,18:00,534,492,42,646,55,-112,-167
6601,hosp_covid_dis_covid_hours_for,78945,2021-06-08,Вторник,19:00,580,526,54,679,57,-99,-156
6602,hosp_covid_dis_covid_hours_for,78947,2021-06-08,Вторник,20:00,643,580,63,703,58,-60,-118
6603,hosp_covid_dis_covid_hours_for,78949,2021-06-08,Вторник,21:00,683,616,67,707,59,-24,-83
6604,hosp_covid_dis_covid_hours_for,78951,2021-06-08,Вторник,22:00,728,656,72,712,59,16,-43
6605,hosp_covid_dis_covid_hours_for,78957,2021-06-08,Вторник,23:00,767,691,76,714,59,53,-6
6606,hosp_covid_dis_covid_hours_for,78960,2021-06-09,Среда,01:00,23,22,1,5,0,18,18
6607,hosp_covid_dis_covid_hours_for,78961,2021-06-08,Вторник,сутки,799,719,80,718,62,81,19
6608,hosp_covid_dis_covid_hours_for,78963,2021-06-09,Среда,02:00,58,57,1,5,0,53,53
6609,hosp_covid_dis_covid_hours_for,78965,2021-06-09,Среда,03:00,91,90,1,7,0,84,84
6610,hosp_covid_dis_covid_hours_for,78967,2021-06-09,Среда,04:00,120,116,4,7,0,113,113
6611,hosp_covid_dis_covid_hours_for,78969,2021-06-09,Среда,05:00,137,133,4,9,0,128,128
6612,hosp_covid_dis_covid_hours_for,78971,2021-06-09,Среда,06:00,154,150,4,9,0,145,145
6613,hosp_covid_dis_covid_hours_for,78973,2021-06-09,Среда,07:00,167,163,4,11,0,156,156
6614,hosp_covid_dis_covid_hours_for,78975,2021-06-09,Среда,08:00,182,178,4,17,0,165,165
6615,hosp_covid_dis_covid_hours_for,78977,2021-06-09,Среда,09:00,186,182,4,60,13,126,113
6616,hosp_covid_dis_covid_hours_for,78979,2021-06-09,Среда,10:00,199,194,5,129,22,70,48
6617,hosp_covid_dis_covid_hours_for,78981,2021-06-09,Среда,11:00,215,208,7,201,33,14,-19
6618,hosp_covid_dis_covid_hours_for,78983,2021-06-09,Среда,12:00,248,239,9,284,41,-36,-77
6619,hosp_covid_dis_covid_hours_for,78985,2021-06-09,Среда,13:00,295,281,14,410,52,-115,-167
6620,hosp_covid_dis_covid_hours_for,78987,2021-06-09,Среда,14:00,356,338,18,475,57,-119,-176
6621,hosp_covid_dis_covid_hours_for,78989,2021-06-09,Среда,15:00,415,391,24,556,59,-141,-200
6622,hosp_covid_dis_covid_hours_for,78991,2021-06-09,Среда,16:00,457,424,33,594,60,-137,-197
6623,hosp_covid_dis_covid_hours_for,78993,2021-06-09,Среда,17:00,510,470,40,621,62,-111,-173
6624,hosp_covid_dis_covid_hours_for,78995,2021-06-09,Среда,18:00,562,514,48,641,65,-79,-144
6625,hosp_covid_dis_covid_hours_for,78997,2021-06-09,Среда,19:00,626,573,53,656,67,-30,-97
6626,hosp_covid_dis_covid_hours_for,78999,2021-06-09,Среда,20:00,679,617,62,661,68,18,-50
6627,hosp_covid_dis_covid_hours_for,79001,2021-06-09,Среда,21:00,731,662,69,664,68,67,-1
6628,hosp_covid_dis_covid_hours_for,79003,2021-06-09,Среда,22:00,762,692,70,666,72,96,24
6629,hosp_covid_dis_covid_hours_for,79009,2021-06-09,Среда,23:00,801,727,74,670,72,131,59
6630,hosp_covid_dis_covid_hours_for,79012,2021-06-10,Четверг,01:00,17,17,0,2,0,15,15
6631,hosp_covid_dis_covid_hours_for,79013,2021-06-09,Среда,сутки,829,753,76,674,72,155,83
6632,hosp_covid_dis_covid_hours_for,79015,2021-06-10,Четверг,02:00,45,44,1,6,0,39,39
6633,hosp_covid_dis_covid_hours_for,79017,2021-06-10,Четверг,03:00,70,69,1,6,0,64,64
6634,hosp_covid_dis_covid_hours_for,79019,2021-06-10,Четверг,04:00,97,96,1,9,0,88,88
6635,hosp_covid_dis_covid_hours_for,79021,2021-06-10,Четверг,05:00,116,115,1,11,0,105,105
6636,hosp_covid_dis_covid_hours_for,79023,2021-06-10,Четверг,06:00,128,127,1,12,2,116,114
6637,hosp_covid_dis_covid_hours_for,79025,2021-06-10,Четверг,07:00,138,137,1,20,3,118,115
6638,hosp_covid_dis_covid_hours_for,79027,2021-06-10,Четверг,08:00,148,147,1,28,7,120,113
6639,hosp_covid_dis_covid_hours_for,79029,2021-06-10,Четверг,09:00,166,165,1,62,14,104,90
6640,hosp_covid_dis_covid_hours_for,79031,2021-06-10,Четверг,10:00,184,182,2,116,16,68,52
6641,hosp_covid_dis_covid_hours_for,79033,2021-06-10,Четверг,11:00,213,209,4,194,22,19,-3
6642,hosp_covid_dis_covid_hours_for,79035,2021-06-10,Четверг,12:00,243,235,8,299,33,-56,-89
6643,hosp_covid_dis_covid_hours_for,79037,2021-06-10,Четверг,13:00,280,270,10,390,45,-110,-155
6644,hosp_covid_dis_covid_hours_for,79039,2021-06-10,Четверг,14:00,336,316,20,484,53,-148,-201
6645,hosp_covid_dis_covid_hours_for,79041,2021-06-10,Четверг,15:00,386,362,24,535,61,-149,-210
6646,hosp_covid_dis_covid_hours_for,79043,2021-06-10,Четверг,16:00,431,400,31,586,64,-155,-219
6647,hosp_covid_dis_covid_hours_for,79045,2021-06-10,Четверг,17:00,498,462,36,627,75,-129,-204
6648,hosp_covid_dis_covid_hours_for,79047,2021-06-10,Четверг,18:00,553,506,47,647,82,-94,-176
6649,hosp_covid_dis_covid_hours_for,79049,2021-06-10,Четверг,19:00,590,536,54,660,94,-70,-164
6650,hosp_covid_dis_covid_hours_for,79051,2021-06-10,Четверг,20:00,638,581,57,664,97,-26,-123
6651,hosp_covid_dis_covid_hours_for,79053,2021-06-10,Четверг,21:00,689,629,60,672,98,17,-81
6652,hosp_covid_dis_covid_hours_for,79055,2021-06-10,Четверг,22:00,722,659,63,675,98,47,-51
6653,hosp_covid_dis_covid_hours_for,79061,2021-06-10,Четверг,23:00,760,694,66,677,102,83,-19
6654,hosp_covid_dis_covid_hours_for,79064,2021-06-11,Пятница,01:00,20,20,0,3,1,17,16
6655,hosp_covid_dis_covid_hours_for,79065,2021-06-10,Четверг,сутки,811,738,73,679,106,132,26
6656,hosp_covid_dis_covid_hours_for,79067,2021-06-11,Пятница,02:00,48,48,0,4,2,44,42
6657,hosp_covid_dis_covid_hours_for,79069,2021-06-11,Пятница,03:00,68,67,1,5,3,63,60
6658,hosp_covid_dis_covid_hours_for,79071,2021-06-11,Пятница,04:00,94,93,1,6,3,88,85
6659,hosp_covid_dis_covid_hours_for,79073,2021-06-11,Пятница,05:00,110,109,1,6,3,104,101
6660,hosp_covid_dis_covid_hours_for,79075,2021-06-11,Пятница,06:00,123,122,1,6,3,117,114
6661,hosp_covid_dis_covid_hours_for,79077,2021-06-11,Пятница,07:00,135,134,1,10,3,125,122
6662,hosp_covid_dis_covid_hours_for,79079,2021-06-11,Пятница,08:00,155,154,1,25,7,130,123
6663,hosp_covid_dis_covid_hours_for,79081,2021-06-11,Пятница,09:00,182,180,2,67,11,115,104
6664,hosp_covid_dis_covid_hours_for,79083,2021-06-11,Пятница,10:00,195,190,5,130,12,65,53
6665,hosp_covid_dis_covid_hours_for,79085,2021-06-11,Пятница,11:00,214,207,7,228,21,-14,-35
6666,hosp_covid_dis_covid_hours_for,79087,2021-06-11,Пятница,12:00,263,254,9,306,26,-43,-69
6667,hosp_covid_dis_covid_hours_for,79089,2021-06-11,Пятница,13:00,314,298,16,406,39,-92,-131
6668,hosp_covid_dis_covid_hours_for,79091,2021-06-11,Пятница,14:00,370,349,21,490,52,-120,-172
6669,hosp_covid_dis_covid_hours_for,79093,2021-06-11,Пятница,15:00,424,396,28,614,61,-190,-251
6670,hosp_covid_dis_covid_hours_for,79095,2021-06-11,Пятница,16:00,485,449,36,711,67,-226,-293
6671,hosp_covid_dis_covid_hours_for,79097,2021-06-11,Пятница,17:00,533,489,44,737,70,-204,-274
6672,hosp_covid_dis_covid_hours_for,79099,2021-06-11,Пятница,18:00,578,527,51,791,96,-213,-309
6673,hosp_covid_dis_covid_hours_for,79101,2021-06-11,Пятница,19:00,640,577,63,812,108,-172,-280
6674,hosp_covid_dis_covid_hours_for,79103,2021-06-11,Пятница,20:00,688,612,76,825,112,-137,-249
6675,hosp_covid_dis_covid_hours_for,79105,2021-06-11,Пятница,21:00,735,654,81,832,112,-97,-209
6676,hosp_covid_dis_covid_hours_for,79107,2021-06-11,Пятница,22:00,792,705,87,837,117,-45,-162
6677,hosp_covid_dis_covid_hours_for,79113,2021-06-11,Пятница,23:00,844,747,97,841,118,3,-115
6678,hosp_covid_dis_covid_hours_for,79116,2021-06-12,Суббота,01:00,22,22,0,6,0,16,16
6679,hosp_covid_dis_covid_hours_for,79117,2021-06-11,Пятница,сутки,893,795,98,848,119,45,-74
6680,hosp_covid_dis_covid_hours_for,79119,2021-06-12,Суббота,02:00,60,59,1,8,1,52,51
6681,hosp_covid_dis_covid_hours_for,79121,2021-06-12,Суббота,03:00,91,89,2,11,1,80,79
6682,hosp_covid_dis_covid_hours_for,79123,2021-06-12,Суббота,04:00,119,117,2,12,2,107,105
6683,hosp_covid_dis_covid_hours_for,79125,2021-06-12,Суббота,05:00,145,143,2,14,2,131,129
6684,hosp_covid_dis_covid_hours_for,79127,2021-06-12,Суббота,06:00,159,157,2,16,3,143,140
6685,hosp_covid_dis_covid_hours_for,79129,2021-06-12,Суббота,07:00,170,168,2,24,3,146,143
6686,hosp_covid_dis_covid_hours_for,79131,2021-06-12,Суббота,08:00,181,179,2,39,8,142,134
6687,hosp_covid_dis_covid_hours_for,79133,2021-06-12,Суббота,09:00,211,209,2,59,14,152,138
6688,hosp_covid_dis_covid_hours_for,79135,2021-06-12,Суббота,10:00,223,219,4,115,19,108,89
6689,hosp_covid_dis_covid_hours_for,79137,2021-06-12,Суббота,11:00,244,237,7,190,31,54,23
6690,hosp_covid_dis_covid_hours_for,79139,2021-06-12,Суббота,12:00,292,282,10,276,34,16,-18
6691,hosp_covid_dis_covid_hours_for,79141,2021-06-12,Суббота,13:00,333,319,14,354,51,-21,-72
6692,hosp_covid_dis_covid_hours_for,79143,2021-06-12,Суббота,14:00,374,356,18,422,69,-48,-117
6693,hosp_covid_dis_covid_hours_for,79145,2021-06-12,Суббота,15:00,418,400,18,471,76,-53,-129
6694,hosp_covid_dis_covid_hours_for,79147,2021-06-12,Суббота,16:00,472,445,27,503,88,-31,-119
6695,hosp_covid_dis_covid_hours_for,79149,2021-06-12,Суббота,17:00,521,490,31,517,90,4,-86
6696,hosp_covid_dis_covid_hours_for,79151,2021-06-12,Суббота,18:00,572,532,40,527,90,45,-45
6697,hosp_covid_dis_covid_hours_for,79153,2021-06-12,Суббота,19:00,626,579,47,548,97,78,-19
6698,hosp_covid_dis_covid_hours_for,79155,2021-06-12,Суббота,20:00,683,629,54,562,100,121,21
6699,hosp_covid_dis_covid_hours_for,79157,2021-06-12,Суббота,21:00,725,665,60,567,103,158,55
6700,hosp_covid_dis_covid_hours_for,79159,2021-06-12,Суббота,22:00,762,697,65,573,112,189,77
6701,hosp_covid_dis_covid_hours_for,79165,2021-06-12,Суббота,23:00,812,746,66,574,112,238,126
6702,hosp_covid_dis_covid_hours_for,79168,2021-06-13,Воскресенье,01:00,15,15,0,2,0,13,13
6703,hosp_covid_dis_covid_hours_for,79169,2021-06-12,Суббота,сутки,848,778,70,578,113,270,157
6704,hosp_covid_dis_covid_hours_for,79171,2021-06-13,Воскресенье,02:00,46,46,0,5,0,41,41
6705,hosp_covid_dis_covid_hours_for,79173,2021-06-13,Воскресенье,03:00,78,77,1,10,0,68,68
6706,hosp_covid_dis_covid_hours_for,79175,2021-06-13,Воскресенье,04:00,105,104,1,12,0,93,93
6707,hosp_covid_dis_covid_hours_for,79177,2021-06-13,Воскресенье,05:00,128,127,1,12,0,116,116
6708,hosp_covid_dis_covid_hours_for,79179,2021-06-13,Воскресенье,06:00,144,143,1,13,0,131,131
6709,hosp_covid_dis_covid_hours_for,79181,2021-06-13,Воскресенье,07:00,160,159,1,25,0,135,135
6710,hosp_covid_dis_covid_hours_for,79183,2021-06-13,Воскресенье,08:00,171,170,1,31,5,140,135
6711,hosp_covid_dis_covid_hours_for,79185,2021-06-13,Воскресенье,09:00,188,187,1,65,10,123,113
6712,hosp_covid_dis_covid_hours_for,79187,2021-06-13,Воскресенье,10:00,201,200,1,132,15,69,54
6713,hosp_covid_dis_covid_hours_for,79189,2021-06-13,Воскресенье,11:00,220,218,2,197,25,23,-2
6714,hosp_covid_dis_covid_hours_for,79191,2021-06-13,Воскресенье,12:00,251,249,2,281,30,-30,-60
6715,hosp_covid_dis_covid_hours_for,79193,2021-06-13,Воскресенье,13:00,297,289,8,348,41,-51,-92
6716,hosp_covid_dis_covid_hours_for,79195,2021-06-13,Воскресенье,14:00,342,331,11,391,61,-49,-110
6717,hosp_covid_dis_covid_hours_for,79197,2021-06-13,Воскресенье,15:00,391,373,18,447,64,-56,-120
6718,hosp_covid_dis_covid_hours_for,79199,2021-06-13,Воскресенье,16:00,436,414,22,475,68,-39,-107
6719,hosp_covid_dis_covid_hours_for,79201,2021-06-13,Воскресенье,17:00,498,469,29,499,78,-1,-79
6720,hosp_covid_dis_covid_hours_for,79203,2021-06-13,Воскресенье,18:00,561,526,35,522,88,39,-49
6721,hosp_covid_dis_covid_hours_for,79205,2021-06-13,Воскресенье,19:00,628,587,41,535,101,93,-8
6722,hosp_covid_dis_covid_hours_for,79207,2021-06-13,Воскресенье,20:00,674,628,46,546,109,128,19
6723,hosp_covid_dis_covid_hours_for,79209,2021-06-13,Воскресенье,21:00,720,668,52,555,112,165,53
6724,hosp_covid_dis_covid_hours_for,79211,2021-06-13,Воскресенье,22:00,758,699,59,557,113,201,88
6725,hosp_covid_dis_covid_hours_for,79217,2021-06-13,Воскресенье,23:00,796,734,62,561,115,235,120
6726,hosp_covid_dis_covid_hours_for,79220,2021-06-14,Понедельник,01:00,23,23,0,0,0,23,23
6727,hosp_covid_dis_covid_hours_for,79221,2021-06-13,Воскресенье,сутки,835,771,64,567,118,268,150
6728,hosp_covid_dis_covid_hours_for,79223,2021-06-14,Понедельник,02:00,67,65,2,4,0,63,63
6729,hosp_covid_dis_covid_hours_for,79225,2021-06-14,Понедельник,03:00,98,96,2,6,0,92,92
6730,hosp_covid_dis_covid_hours_for,79227,2021-06-14,Понедельник,04:00,133,131,2,6,1,127,126
6731,hosp_covid_dis_covid_hours_for,79229,2021-06-14,Понедельник,05:00,164,162,2,7,2,157,155
6732,hosp_covid_dis_covid_hours_for,79231,2021-06-14,Понедельник,06:00,185,183,2,10,3,175,172
6733,hosp_covid_dis_covid_hours_for,79233,2021-06-14,Понедельник,07:00,207,205,2,17,4,190,186
6734,hosp_covid_dis_covid_hours_for,79235,2021-06-14,Понедельник,08:00,230,228,2,27,9,203,194
6735,hosp_covid_dis_covid_hours_for,79237,2021-06-14,Понедельник,09:00,248,246,2,68,15,180,165
6736,hosp_covid_dis_covid_hours_for,79239,2021-06-14,Понедельник,10:00,262,260,2,123,19,139,120
6737,hosp_covid_dis_covid_hours_for,79241,2021-06-14,Понедельник,11:00,276,273,3,193,32,83,51
6738,hosp_covid_dis_covid_hours_for,79243,2021-06-14,Понедельник,12:00,302,294,8,285,53,17,-36
6739,hosp_covid_dis_covid_hours_for,79245,2021-06-14,Понедельник,13:00,354,344,10,347,58,7,-51
6740,hosp_covid_dis_covid_hours_for,79247,2021-06-14,Понедельник,14:00,399,385,14,427,71,-28,-99
6741,hosp_covid_dis_covid_hours_for,79249,2021-06-14,Понедельник,15:00,445,427,18,514,83,-69,-152
6742,hosp_covid_dis_covid_hours_for,79251,2021-06-14,Понедельник,16:00,495,474,21,555,97,-60,-157
6743,hosp_covid_dis_covid_hours_for,79253,2021-06-14,Понедельник,17:00,540,509,31,583,108,-43,-151
6744,hosp_covid_dis_covid_hours_for,79255,2021-06-14,Понедельник,18:00,583,548,35,596,115,-13,-128
6745,hosp_covid_dis_covid_hours_for,79257,2021-06-14,Понедельник,19:00,642,600,42,610,124,32,-92
6746,hosp_covid_dis_covid_hours_for,79259,2021-06-14,Понедельник,20:00,694,646,48,614,127,80,-47
6747,hosp_covid_dis_covid_hours_for,79261,2021-06-14,Понедельник,21:00,749,697,52,625,133,124,-9
6748,hosp_covid_dis_covid_hours_for,79263,2021-06-14,Понедельник,22:00,778,721,57,628,134,150,16
6749,hosp_covid_dis_covid_hours_for,79269,2021-06-14,Понедельник,23:00,817,756,61,636,135,181,46
6750,hosp_covid_dis_covid_hours_for,79272,2021-06-15,Вторник,01:00,39,39,0,5,0,34,34
6751,hosp_covid_dis_covid_hours_for,79275,2021-06-15,Вторник,02:00,87,86,1,5,0,82,82
6752,hosp_covid_dis_covid_hours_for,79277,2021-06-15,Вторник,03:00,122,119,3,6,0,116,116
6753,hosp_covid_dis_covid_hours_for,79279,2021-06-15,Вторник,04:00,157,154,3,8,0,149,149
6754,hosp_covid_dis_covid_hours_for,79281,2021-06-15,Вторник,05:00,184,181,3,8,0,176,176
6755,hosp_covid_dis_covid_hours_for,79283,2021-06-15,Вторник,06:00,210,207,3,9,0,201,201
6756,hosp_covid_dis_covid_hours_for,79285,2021-06-15,Вторник,07:00,230,227,3,16,0,214,214
6757,hosp_covid_dis_covid_hours_for,79287,2021-06-15,Вторник,08:00,251,247,4,27,5,224,219
6758,hosp_covid_dis_covid_hours_for,79289,2021-06-15,Вторник,09:00,264,260,4,51,7,213,206
6759,hosp_covid_dis_covid_hours_for,79291,2021-06-15,Вторник,10:00,286,280,6,120,14,166,152
6760,hosp_covid_dis_covid_hours_for,79293,2021-06-15,Вторник,11:00,319,311,8,221,21,98,77
6761,hosp_covid_dis_covid_hours_for,79295,2021-06-15,Вторник,12:00,368,358,10,317,32,51,19
6762,hosp_covid_dis_covid_hours_for,79298,2021-06-14,Понедельник,сутки,865,797,68,640,139,225,86
6763,hosp_covid_dis_covid_hours_for,79300,2021-06-15,Вторник,13:00,421,408,13,411,41,10,-31
6764,hosp_covid_dis_covid_hours_for,79302,2021-06-15,Вторник,14:00,470,452,18,510,59,-40,-99
6765,hosp_covid_dis_covid_hours_for,79304,2021-06-15,Вторник,15:00,536,504,32,624,89,-88,-177
6766,hosp_covid_dis_covid_hours_for,79306,2021-06-15,Вторник,16:00,593,551,42,700,100,-107,-207
6767,hosp_covid_dis_covid_hours_for,79308,2021-06-15,Вторник,17:00,655,611,44,753,113,-98,-211
6768,hosp_covid_dis_covid_hours_for,79310,2021-06-15,Вторник,18:00,719,667,52,792,119,-73,-192
6769,hosp_covid_dis_covid_hours_for,79312,2021-06-15,Вторник,19:00,785,722,63,813,130,-28,-158
6770,hosp_covid_dis_covid_hours_for,79314,2021-06-15,Вторник,20:00,859,787,72,829,134,30,-104
6771,hosp_covid_dis_covid_hours_for,79316,2021-06-15,Вторник,21:00,927,837,90,846,136,81,-55
6772,hosp_covid_dis_covid_hours_for,79318,2021-06-15,Вторник,22:00,990,893,97,848,137,142,5
6773,hosp_covid_dis_covid_hours_for,79324,2021-06-15,Вторник,23:00,1033,932,101,850,139,183,44
6774,hosp_covid_dis_covid_hours_for,79327,2021-06-16,Среда,01:00,29,27,2,3,0,26,26
6775,hosp_covid_dis_covid_hours_for,79328,2021-06-15,Вторник,сутки,1090,984,106,852,143,238,95
6776,hosp_covid_dis_covid_hours_for,79330,2021-06-16,Среда,02:00,66,64,2,5,0,61,61
6777,hosp_covid_dis_covid_hours_for,79332,2021-06-16,Среда,03:00,108,106,2,7,1,101,100
6778,hosp_covid_dis_covid_hours_for,79334,2021-06-16,Среда,04:00,143,139,4,7,1,136,135
6779,hosp_covid_dis_covid_hours_for,79336,2021-06-16,Среда,05:00,177,173,4,9,1,168,167
6780,hosp_covid_dis_covid_hours_for,79338,2021-06-16,Среда,06:00,207,202,5,9,2,198,196
6781,hosp_covid_dis_covid_hours_for,79340,2021-06-16,Среда,07:00,241,236,5,14,6,227,221
6782,hosp_covid_dis_covid_hours_for,79342,2021-06-16,Среда,08:00,269,264,5,33,12,236,224
6783,hosp_covid_dis_covid_hours_for,79344,2021-06-16,Среда,09:00,295,289,6,75,15,220,205
6784,hosp_covid_dis_covid_hours_for,79346,2021-06-16,Среда,10:00,366,356,10,140,20,226,206
6785,hosp_covid_dis_covid_hours_for,79348,2021-06-16,Среда,11:00,393,382,11,234,24,159,135
6786,hosp_covid_dis_covid_hours_for,79350,2021-06-16,Среда,12:00,423,410,13,353,45,70,25
6787,hosp_covid_dis_covid_hours_for,79352,2021-06-16,Среда,13:00,489,471,18,454,49,35,-14
6788,hosp_covid_dis_covid_hours_for,79354,2021-06-16,Среда,14:00,550,523,27,581,62,-31,-93
6789,hosp_covid_dis_covid_hours_for,79356,2021-06-16,Среда,15:00,610,576,34,674,71,-64,-135
6790,hosp_covid_dis_covid_hours_for,79358,2021-06-16,Среда,16:00,662,622,40,735,77,-73,-150
6791,hosp_covid_dis_covid_hours_for,79360,2021-06-16,Среда,17:00,721,671,50,806,88,-85,-173
6792,hosp_covid_dis_covid_hours_for,79362,2021-06-16,Среда,18:00,784,727,57,828,102,-44,-146
6793,hosp_covid_dis_covid_hours_for,79364,2021-06-16,Среда,19:00,846,785,61,865,104,-19,-123
6794,hosp_covid_dis_covid_hours_for,79366,2021-06-16,Среда,20:00,916,848,68,883,106,33,-73
6795,hosp_covid_dis_covid_hours_for,79368,2021-06-16,Среда,21:00,975,897,78,890,106,85,-21
6796,hosp_covid_dis_covid_hours_for,79370,2021-06-16,Среда,22:00,1030,946,84,892,108,138,30
6797,hosp_covid_dis_covid_hours_for,79376,2021-06-16,Среда,23:00,1074,982,92,897,113,177,64
6798,hosp_covid_dis_covid_hours_for,79379,2021-06-17,Четверг,01:00,24,24,0,6,0,18,18
6799,hosp_covid_dis_covid_hours_for,79380,2021-06-16,Среда,сутки,1127,1029,98,899,115,228,113
6800,hosp_covid_dis_covid_hours_for,79382,2021-06-17,Четверг,02:00,55,55,0,8,0,47,47
6801,hosp_covid_dis_covid_hours_for,79384,2021-06-17,Четверг,03:00,87,87,0,9,0,78,78
6802,hosp_covid_dis_covid_hours_for,79386,2021-06-17,Четверг,04:00,114,113,1,10,0,104,104
6803,hosp_covid_dis_covid_hours_for,79388,2021-06-17,Четверг,05:00,130,129,1,12,0,118,118
6804,hosp_covid_dis_covid_hours_for,79390,2021-06-17,Четверг,06:00,154,152,2,15,0,139,139
6805,hosp_covid_dis_covid_hours_for,79392,2021-06-17,Четверг,07:00,169,167,2,27,0,142,142
6806,hosp_covid_dis_covid_hours_for,79394,2021-06-17,Четверг,08:00,180,178,2,41,1,139,138
6807,hosp_covid_dis_covid_hours_for,79396,2021-06-17,Четверг,09:00,228,225,3,79,12,149,137
6808,hosp_covid_dis_covid_hours_for,79398,2021-06-17,Четверг,10:00,239,235,4,151,16,88,72
6809,hosp_covid_dis_covid_hours_for,79400,2021-06-17,Четверг,11:00,256,250,6,265,19,-9,-28
6810,hosp_covid_dis_covid_hours_for,79402,2021-06-17,Четверг,12:00,290,281,9,322,27,-32,-59
6811,hosp_covid_dis_covid_hours_for,79404,2021-06-17,Четверг,13:00,330,317,13,436,31,-106,-137
6812,hosp_covid_dis_covid_hours_for,79406,2021-06-17,Четверг,14:00,387,370,17,530,43,-143,-186
6813,hosp_covid_dis_covid_hours_for,79408,2021-06-17,Четверг,15:00,442,417,25,622,56,-180,-236
6814,hosp_covid_dis_covid_hours_for,79410,2021-06-17,Четверг,16:00,503,473,30,686,78,-183,-261
6815,hosp_covid_dis_covid_hours_for,79412,2021-06-17,Четверг,17:00,557,516,41,720,86,-163,-249
6816,hosp_covid_dis_covid_hours_for,79414,2021-06-17,Четверг,18:00,624,577,47,771,96,-147,-243
6817,hosp_covid_dis_covid_hours_for,79416,2021-06-17,Четверг,19:00,695,637,58,795,101,-100,-201
6818,hosp_covid_dis_covid_hours_for,79418,2021-06-17,Четверг,20:00,766,700,66,803,106,-37,-143
6819,hosp_covid_dis_covid_hours_for,79420,2021-06-17,Четверг,21:00,824,757,67,814,106,10,-96
6820,hosp_covid_dis_covid_hours_for,79422,2021-06-17,Четверг,22:00,882,813,69,819,106,63,-43
6821,hosp_covid_dis_covid_hours_for,79428,2021-06-17,Четверг,23:00,926,853,73,828,106,98,-8
6822,hosp_covid_dis_covid_hours_for,79431,2021-06-18,Пятница,01:00,34,34,0,3,0,31,31
6823,hosp_covid_dis_covid_hours_for,79432,2021-06-17,Четверг,сутки,982,903,79,830,108,152,44
6824,hosp_covid_dis_covid_hours_for,79434,2021-06-18,Пятница,02:00,71,71,0,4,2,67,65
6825,hosp_covid_dis_covid_hours_for,79436,2021-06-18,Пятница,03:00,99,99,0,6,6,93,87
6826,hosp_covid_dis_covid_hours_for,79438,2021-06-18,Пятница,04:00,126,126,0,8,6,118,112
6827,hosp_covid_dis_covid_hours_for,79440,2021-06-18,Пятница,05:00,149,149,0,8,7,141,134
6828,hosp_covid_dis_covid_hours_for,79442,2021-06-18,Пятница,06:00,171,171,0,10,7,161,154
6829,hosp_covid_dis_covid_hours_for,79444,2021-06-18,Пятница,07:00,199,199,0,17,7,182,175
6830,hosp_covid_dis_covid_hours_for,79446,2021-06-18,Пятница,08:00,240,240,0,31,12,209,197
6831,hosp_covid_dis_covid_hours_for,79448,2021-06-18,Пятница,09:00,264,263,1,58,16,206,190
6832,hosp_covid_dis_covid_hours_for,79450,2021-06-18,Пятница,10:00,278,274,4,135,19,143,124
6833,hosp_covid_dis_covid_hours_for,79452,2021-06-18,Пятница,11:00,311,305,6,248,20,63,43
6834,hosp_covid_dis_covid_hours_for,79454,2021-06-18,Пятница,12:00,379,370,9,374,32,5,-27
6835,hosp_covid_dis_covid_hours_for,79456,2021-06-18,Пятница,13:00,438,424,14,528,52,-90,-142
6836,hosp_covid_dis_covid_hours_for,79458,2021-06-18,Пятница,14:00,501,478,23,652,57,-151,-208
6837,hosp_covid_dis_covid_hours_for,79460,2021-06-18,Пятница,15:00,561,528,33,757,81,-196,-277
6838,hosp_covid_dis_covid_hours_for,79462,2021-06-18,Пятница,16:00,625,586,39,829,97,-204,-301
6839,hosp_covid_dis_covid_hours_for,79464,2021-06-18,Пятница,17:00,689,640,49,870,100,-181,-281
6840,hosp_covid_dis_covid_hours_for,79466,2021-06-18,Пятница,18:00,754,700,54,902,112,-148,-260
6841,hosp_covid_dis_covid_hours_for,79468,2021-06-18,Пятница,19:00,806,747,59,936,128,-130,-258
6842,hosp_covid_dis_covid_hours_for,79470,2021-06-18,Пятница,20:00,877,803,74,950,132,-73,-205
6843,hosp_covid_dis_covid_hours_for,79472,2021-06-18,Пятница,21:00,953,867,86,956,136,-3,-139
6844,hosp_covid_dis_covid_hours_for,79474,2021-06-18,Пятница,22:00,1010,914,96,966,138,44,-94
6845,hosp_covid_dis_covid_hours_for,79480,2021-06-18,Пятница,23:00,1069,965,104,971,139,98,-41
6846,hosp_covid_dis_covid_hours_for,79483,2021-06-19,Суббота,01:00,28,28,0,3,0,25,25
6847,hosp_covid_dis_covid_hours_for,79484,2021-06-18,Пятница,сутки,1137,1027,110,979,140,158,18
6848,hosp_covid_dis_covid_hours_for,79486,2021-06-19,Суббота,02:00,77,75,2,4,0,73,73
6849,hosp_covid_dis_covid_hours_for,79488,2021-06-19,Суббота,03:00,108,106,2,8,1,100,99
6850,hosp_covid_dis_covid_hours_for,79490,2021-06-19,Суббота,04:00,146,144,2,9,1,137,136
6851,hosp_covid_dis_covid_hours_for,79492,2021-06-19,Суббота,05:00,178,176,2,12,1,166,165
6852,hosp_covid_dis_covid_hours_for,79494,2021-06-19,Суббота,06:00,211,209,2,16,1,195,194
6853,hosp_covid_dis_covid_hours_for,79496,2021-06-19,Суббота,07:00,248,246,2,25,1,223,222
6854,hosp_covid_dis_covid_hours_for,79498,2021-06-19,Суббота,08:00,265,263,2,32,1,233,232
6855,hosp_covid_dis_covid_hours_for,79500,2021-06-19,Суббота,09:00,282,280,2,67,9,215,206
6856,hosp_covid_dis_covid_hours_for,79502,2021-06-19,Суббота,10:00,303,300,3,143,17,160,143
6857,hosp_covid_dis_covid_hours_for,79504,2021-06-19,Суббота,11:00,333,330,3,216,26,117,91
6858,hosp_covid_dis_covid_hours_for,79506,2021-06-19,Суббота,12:00,385,380,5,275,34,110,76
6859,hosp_covid_dis_covid_hours_for,79508,2021-06-19,Суббота,13:00,445,435,10,382,61,63,2
6860,hosp_covid_dis_covid_hours_for,79510,2021-06-19,Суббота,14:00,504,487,17,471,81,33,-48
6861,hosp_covid_dis_covid_hours_for,79512,2021-06-19,Суббота,15:00,561,541,20,542,103,19,-84
6862,hosp_covid_dis_covid_hours_for,79514,2021-06-19,Суббота,16:00,641,619,22,587,112,54,-58
6863,hosp_covid_dis_covid_hours_for,79516,2021-06-19,Суббота,17:00,706,680,26,609,124,97,-27
6864,hosp_covid_dis_covid_hours_for,79518,2021-06-19,Суббота,18:00,777,738,39,618,126,159,33
6865,hosp_covid_dis_covid_hours_for,79520,2021-06-19,Суббота,19:00,829,782,47,631,128,198,70
6866,hosp_covid_dis_covid_hours_for,79522,2021-06-19,Суббота,20:00,881,828,53,643,131,238,107
6867,hosp_covid_dis_covid_hours_for,79524,2021-06-19,Суббота,21:00,924,863,61,660,151,264,113
6868,hosp_covid_dis_covid_hours_for,79526,2021-06-19,Суббота,22:00,980,916,64,668,147,312,165
6869,hosp_covid_dis_covid_hours_for,79532,2021-06-19,Суббота,23:00,1013,945,68,677,148,336,188
6870,hosp_covid_dis_covid_hours_for,79535,2021-06-20,Воскресенье,01:00,23,23,0,0,0,23,23
6871,hosp_covid_dis_covid_hours_for,79536,2021-06-19,Суббота,сутки,1062,991,71,684,149,378,229
6872,hosp_covid_dis_covid_hours_for,79538,2021-06-20,Воскресенье,02:00,58,57,1,3,0,55,55
6873,hosp_covid_dis_covid_hours_for,79540,2021-06-20,Воскресенье,03:00,89,88,1,5,2,84,82
6874,hosp_covid_dis_covid_hours_for,79542,2021-06-20,Воскресенье,04:00,111,110,1,7,2,104,102
6875,hosp_covid_dis_covid_hours_for,79544,2021-06-20,Воскресенье,05:00,137,136,1,8,2,129,127
6876,hosp_covid_dis_covid_hours_for,79546,2021-06-20,Воскресенье,06:00,167,166,1,10,2,157,155
6877,hosp_covid_dis_covid_hours_for,79548,2021-06-20,Воскресенье,07:00,194,193,1,18,3,176,173
6878,hosp_covid_dis_covid_hours_for,79550,2021-06-20,Воскресенье,08:00,215,214,1,32,6,183,177
6879,hosp_covid_dis_covid_hours_for,79552,2021-06-20,Воскресенье,09:00,252,249,3,51,13,201,188
6880,hosp_covid_dis_covid_hours_for,79554,2021-06-20,Воскресенье,10:00,289,285,4,114,17,175,158
6881,hosp_covid_dis_covid_hours_for,79556,2021-06-20,Воскресенье,11:00,320,315,5,203,24,117,93
6882,hosp_covid_dis_covid_hours_for,79558,2021-06-20,Воскресенье,12:00,357,349,8,347,40,10,-30
6883,hosp_covid_dis_covid_hours_for,79560,2021-06-20,Воскресенье,13:00,406,391,15,432,58,-26,-84
6884,hosp_covid_dis_covid_hours_for,79562,2021-06-20,Воскресенье,14:00,452,435,17,517,91,-65,-156
6885,hosp_covid_dis_covid_hours_for,79564,2021-06-20,Воскресенье,15:00,500,477,23,575,106,-75,-181
6886,hosp_covid_dis_covid_hours_for,79566,2021-06-20,Воскресенье,16:00,550,517,33,609,117,-59,-176
6887,hosp_covid_dis_covid_hours_for,79568,2021-06-20,Воскресенье,17:00,603,565,38,640,122,-37,-159
6888,hosp_covid_dis_covid_hours_for,79570,2021-06-20,Воскресенье,18:00,655,610,45,656,124,-1,-125
6889,hosp_covid_dis_covid_hours_for,79572,2021-06-20,Воскресенье,19:00,710,664,46,674,129,36,-93
6890,hosp_covid_dis_covid_hours_for,79574,2021-06-20,Воскресенье,20:00,766,714,52,687,132,79,-53
6891,hosp_covid_dis_covid_hours_for,79576,2021-06-20,Воскресенье,21:00,800,742,58,694,135,106,-29
6892,hosp_covid_dis_covid_hours_for,79578,2021-06-20,Воскресенье,22:00,845,783,62,706,137,139,2
6893,hosp_covid_dis_covid_hours_for,79584,2021-06-20,Воскресенье,23:00,890,824,66,711,139,179,40
6894,hosp_covid_dis_covid_hours_for,79587,2021-06-21,Понедельник,01:00,27,25,2,8,1,19,18
6895,hosp_covid_dis_covid_hours_for,79588,2021-06-20,Воскресенье,сутки,925,857,68,719,141,206,65
6896,hosp_covid_dis_covid_hours_for,79590,2021-06-21,Понедельник,02:00,61,58,3,13,1,48,47
6897,hosp_covid_dis_covid_hours_for,79592,2021-06-21,Понедельник,03:00,88,85,3,13,1,75,74
6898,hosp_covid_dis_covid_hours_for,79594,2021-06-21,Понедельник,04:00,124,121,3,14,1,110,109
6899,hosp_covid_dis_covid_hours_for,79596,2021-06-21,Понедельник,05:00,154,151,3,17,1,137,136
6900,hosp_covid_dis_covid_hours_for,79598,2021-06-21,Понедельник,06:00,174,171,3,17,1,157,156
6901,hosp_covid_dis_covid_hours_for,79600,2021-06-21,Понедельник,07:00,205,202,3,32,5,173,168
6902,hosp_covid_dis_covid_hours_for,79602,2021-06-21,Понедельник,08:00,229,226,3,41,11,188,177
6903,hosp_covid_dis_covid_hours_for,79604,2021-06-21,Понедельник,09:00,247,243,4,65,11,182,171
6904,hosp_covid_dis_covid_hours_for,79606,2021-06-21,Понедельник,10:00,264,259,5,116,18,148,130
6905,hosp_covid_dis_covid_hours_for,79608,2021-06-21,Понедельник,11:00,292,282,10,225,26,67,41
6906,hosp_covid_dis_covid_hours_for,79610,2021-06-21,Понедельник,12:00,333,317,16,380,35,-47,-82
6907,hosp_covid_dis_covid_hours_for,79612,2021-06-21,Понедельник,13:00,376,357,19,501,43,-125,-168
6908,hosp_covid_dis_covid_hours_for,79614,2021-06-21,Понедельник,14:00,432,409,23,607,59,-175,-234
6909,hosp_covid_dis_covid_hours_for,79616,2021-06-21,Понедельник,15:00,499,468,31,726,70,-227,-297
6910,hosp_covid_dis_covid_hours_for,79618,2021-06-21,Понедельник,16:00,577,535,42,827,88,-250,-338
6911,hosp_covid_dis_covid_hours_for,79620,2021-06-21,Понедельник,17:00,649,592,57,872,97,-223,-320
6912,hosp_covid_dis_covid_hours_for,79622,2021-06-21,Понедельник,18:00,719,648,71,956,112,-237,-349
6913,hosp_covid_dis_covid_hours_for,79624,2021-06-21,Понедельник,19:00,793,717,76,997,117,-204,-321
6914,hosp_covid_dis_covid_hours_for,79626,2021-06-21,Понедельник,20:00,874,789,85,1041,120,-167,-287
6915,hosp_covid_dis_covid_hours_for,79628,2021-06-21,Понедельник,21:00,955,864,91,1053,120,-98,-218
6916,hosp_covid_dis_covid_hours_for,79630,2021-06-21,Понедельник,22:00,1025,927,98,1059,121,-34,-155
6917,hosp_covid_dis_covid_hours_for,79636,2021-06-21,Понедельник,23:00,1090,985,105,1066,122,24,-98
6918,hosp_covid_dis_covid_hours_for,79639,2021-06-22,Вторник,01:00,37,36,1,7,1,30,29
6919,hosp_covid_dis_covid_hours_for,79640,2021-06-21,Понедельник,сутки,1156,1047,109,1078,122,78,-44
6920,hosp_covid_dis_covid_hours_for,79642,2021-06-22,Вторник,02:00,81,80,1,7,1,74,73
6921,hosp_covid_dis_covid_hours_for,79644,2021-06-22,Вторник,03:00,130,128,2,8,1,122,121
6922,hosp_covid_dis_covid_hours_for,79646,2021-06-22,Вторник,04:00,160,158,2,10,1,150,149
6923,hosp_covid_dis_covid_hours_for,79648,2021-06-22,Вторник,05:00,188,186,2,11,1,177,176
6924,hosp_covid_dis_covid_hours_for,79650,2021-06-22,Вторник,06:01,218,215,3,13,1,205,204
6925,hosp_covid_dis_covid_hours_for,79652,2021-06-22,Вторник,07:00,241,238,3,20,1,221,220
6926,hosp_covid_dis_covid_hours_for,79654,2021-06-22,Вторник,08:00,279,276,3,31,2,248,246
6927,hosp_covid_dis_covid_hours_for,79656,2021-06-22,Вторник,09:00,332,328,4,74,5,258,253
6928,hosp_covid_dis_covid_hours_for,79658,2021-06-22,Вторник,10:00,350,344,6,152,9,198,189
6929,hosp_covid_dis_covid_hours_for,79660,2021-06-22,Вторник,11:00,385,375,10,262,15,123,108
6930,hosp_covid_dis_covid_hours_for,79662,2021-06-22,Вторник,12:00,428,414,14,360,40,68,28
6931,hosp_covid_dis_covid_hours_for,79664,2021-06-22,Вторник,13:00,489,472,17,495,56,-6,-62
6932,hosp_covid_dis_covid_hours_for,79666,2021-06-22,Вторник,14:01,551,530,21,697,85,-146,-231
6933,hosp_covid_dis_covid_hours_for,79668,2021-06-22,Вторник,15:00,610,582,28,808,105,-198,-303
6934,hosp_covid_dis_covid_hours_for,79670,2021-06-22,Вторник,16:01,676,640,36,915,124,-239,-363
6935,hosp_covid_dis_covid_hours_for,79672,2021-06-22,Вторник,17:00,735,688,47,963,134,-228,-362
6936,hosp_covid_dis_covid_hours_for,79674,2021-06-22,Вторник,18:01,807,752,55,1002,143,-195,-338
6937,hosp_covid_dis_covid_hours_for,79676,2021-06-22,Вторник,19:00,870,810,60,1033,150,-163,-313
6938,hosp_covid_dis_covid_hours_for,79678,2021-06-22,Вторник,20:00,946,876,70,1056,158,-110,-268
6939,hosp_covid_dis_covid_hours_for,79680,2021-06-22,Вторник,21:00,998,925,73,1065,161,-67,-228
6940,hosp_covid_dis_covid_hours_for,79682,2021-06-22,Вторник,22:01,1045,965,80,1071,165,-26,-191
6941,hosp_covid_dis_covid_hours_for,79688,2021-06-22,Вторник,23:00,1093,1006,87,1083,168,10,-158
6942,hosp_covid_dis_covid_hours_for,79691,2021-06-23,Среда,01:00,37,37,0,2,1,35,34
6943,hosp_covid_dis_covid_hours_for,79692,2021-06-22,Вторник,сутки,1141,1051,90,1093,168,48,-120
6944,hosp_covid_dis_covid_hours_for,79694,2021-06-23,Среда,02:00,80,77,3,3,1,77,76
6945,hosp_covid_dis_covid_hours_for,79696,2021-06-23,Среда,03:01,114,111,3,6,2,108,106
6946,hosp_covid_dis_covid_hours_for,79698,2021-06-23,Среда,04:00,146,143,3,13,3,133,130
6947,hosp_covid_dis_covid_hours_for,79700,2021-06-23,Среда,05:01,177,174,3,13,5,164,159
6948,hosp_covid_dis_covid_hours_for,79702,2021-06-23,Среда,06:00,209,204,5,15,7,194,187
6949,hosp_covid_dis_covid_hours_for,79704,2021-06-23,Среда,07:00,238,233,5,27,9,211,202
6950,hosp_covid_dis_covid_hours_for,79706,2021-06-23,Среда,08:00,254,249,5,45,11,209,198
6951,hosp_covid_dis_covid_hours_for,79708,2021-06-23,Среда,09:00,311,304,7,90,13,221,208
6952,hosp_covid_dis_covid_hours_for,79710,2021-06-23,Среда,10:00,342,333,9,171,22,171,149
6953,hosp_covid_dis_covid_hours_for,79712,2021-06-23,Среда,11:00,370,358,12,311,29,59,30
6954,hosp_covid_dis_covid_hours_for,79714,2021-06-23,Среда,12:00,416,400,16,461,49,-45,-94
6955,hosp_covid_dis_covid_hours_for,79716,2021-06-23,Среда,13:00,463,445,18,625,72,-162,-234
6956,hosp_covid_dis_covid_hours_for,79718,2021-06-23,Среда,14:00,528,501,27,774,105,-246,-351
6957,hosp_covid_dis_covid_hours_for,79720,2021-06-23,Среда,15:00,593,561,32,921,115,-328,-443
6958,hosp_covid_dis_covid_hours_for,79722,2021-06-23,Среда,16:00,664,627,37,987,131,-323,-454
6959,hosp_covid_dis_covid_hours_for,79724,2021-06-23,Среда,17:00,730,688,42,1044,145,-314,-459
6960,hosp_covid_dis_covid_hours_for,79726,2021-06-23,Среда,18:00,796,745,51,1062,158,-266,-424
6961,hosp_covid_dis_covid_hours_for,79728,2021-06-23,Среда,19:00,848,789,59,1077,169,-229,-398
6962,hosp_covid_dis_covid_hours_for,79730,2021-06-23,Среда,20:00,913,846,67,1089,175,-176,-351
6963,hosp_covid_dis_covid_hours_for,79732,2021-06-23,Среда,21:00,972,900,72,1093,180,-121,-301
6964,hosp_covid_dis_covid_hours_for,79734,2021-06-23,Среда,22:00,1030,954,76,1104,182,-74,-256
6965,hosp_covid_dis_covid_hours_for,79738,2021-06-23,Среда,23:00,1077,999,78,1111,188,-34,-222
6966,hosp_covid_dis_covid_hours_for,79741,2021-06-24,Четверг,00:47,19,19,0,3,0,16,16
6967,hosp_covid_dis_covid_hours_for,79743,2021-06-24,Четверг,01:00,23,23,0,4,0,19,19
6968,hosp_covid_dis_covid_hours_for,79744,2021-06-23,Среда,сутки,1129,1047,82,1123,192,6,-186
6969,hosp_covid_dis_covid_hours_for,79746,2021-06-24,Четверг,02:06,59,58,1,8,0,51,51
6970,hosp_covid_dis_covid_hours_for,79748,2021-06-24,Четверг,03:00,91,90,1,9,0,82,82
6971,hosp_covid_dis_covid_hours_for,79750,2021-06-24,Четверг,04:00,110,109,1,11,0,99,99
6972,hosp_covid_dis_covid_hours_for,79752,2021-06-24,Четверг,05:00,137,136,1,16,0,121,121
6973,hosp_covid_dis_covid_hours_for,79754,2021-06-24,Четверг,06:00,157,156,1,23,0,134,134
6974,hosp_covid_dis_covid_hours_for,79756,2021-06-24,Четверг,07:00,180,178,2,32,0,148,148
6975,hosp_covid_dis_covid_hours_for,79758,2021-06-24,Четверг,08:00,201,199,2,58,7,143,136
6976,hosp_covid_dis_covid_hours_for,79760,2021-06-24,Четверг,10:16,266,261,5,193,26,73,47
6977,hosp_covid_dis_covid_hours_for,79762,2021-06-24,Четверг,11:00,294,288,6,291,29,3,-26
6978,hosp_covid_dis_covid_hours_for,79764,2021-06-24,Четверг,12:00,337,328,9,419,43,-82,-125
6979,hosp_covid_dis_covid_hours_for,79766,2021-06-24,Четверг,13:00,393,377,16,537,48,-144,-192
6980,hosp_covid_dis_covid_hours_for,79768,2021-06-24,Четверг,14:00,439,418,21,656,76,-217,-293
6981,hosp_covid_dis_covid_hours_for,79770,2021-06-24,Четверг,15:00,500,471,29,730,98,-230,-328
6982,hosp_covid_dis_covid_hours_for,79772,2021-06-24,Четверг,16:00,545,509,36,813,114,-268,-382
6983,hosp_covid_dis_covid_hours_for,79774,2021-06-24,Четверг,17:00,608,565,43,880,129,-272,-401
6984,hosp_covid_dis_covid_hours_for,79776,2021-06-24,Четверг,18:00,663,615,48,926,143,-263,-406
6985,hosp_covid_dis_covid_hours_for,79778,2021-06-24,Четверг,19:00,726,669,57,953,150,-227,-377
6986,hosp_covid_dis_covid_hours_for,79780,2021-06-24,Четверг,20:00,784,720,64,983,164,-199,-363
6987,hosp_covid_dis_covid_hours_for,79782,2021-06-24,Четверг,21:00,845,773,72,988,166,-143,-309
6988,hosp_covid_dis_covid_hours_for,79784,2021-06-24,Четверг,22:00,893,812,81,992,167,-99,-266
6989,hosp_covid_dis_covid_hours_for,79790,2021-06-24,Четверг,23:00,942,856,86,998,167,-56,-223
6990,hosp_covid_dis_covid_hours_for,79793,2021-06-25,Пятница,01:00,21,21,0,3,0,18,18
6991,hosp_covid_dis_covid_hours_for,79794,2021-06-24,Четверг,сутки,995,902,93,1011,168,-16,-184
6992,hosp_covid_dis_covid_hours_for,79796,2021-06-25,Пятница,02:00,58,53,5,6,0,52,52
6993,hosp_covid_dis_covid_hours_for,79798,2021-06-25,Пятница,03:00,80,73,7,9,2,71,69
6994,hosp_covid_dis_covid_hours_for,79800,2021-06-25,Пятница,04:00,125,113,12,13,2,112,110
6995,hosp_covid_dis_covid_hours_for,79802,2021-06-25,Пятница,05:00,158,145,13,15,2,143,141
6996,hosp_covid_dis_covid_hours_for,79804,2021-06-25,Пятница,06:00,180,167,13,22,2,158,156
6997,hosp_covid_dis_covid_hours_for,79806,2021-06-25,Пятница,07:00,215,202,13,35,3,180,177
6998,hosp_covid_dis_covid_hours_for,79808,2021-06-25,Пятница,08:00,244,231,13,51,6,193,187
6999,hosp_covid_dis_covid_hours_for,79810,2021-06-25,Пятница,09:00,272,258,14,83,10,189,179
7000,hosp_covid_dis_covid_hours_for,79812,2021-06-25,Пятница,10:00,309,294,15,210,19,99,80
7001,hosp_covid_dis_covid_hours_for,79814,2021-06-25,Пятница,11:00,331,312,19,339,26,-8,-34
7002,hosp_covid_dis_covid_hours_for,79816,2021-06-25,Пятница,12:00,367,344,23,485,46,-118,-164
7003,hosp_covid_dis_covid_hours_for,79818,2021-06-25,Пятница,13:00,426,394,32,627,54,-201,-255
7004,hosp_covid_dis_covid_hours_for,79820,2021-06-25,Пятница,14:00,494,457,37,744,69,-250,-319
7005,hosp_covid_dis_covid_hours_for,79822,2021-06-25,Пятница,15:00,550,508,42,905,88,-355,-443
7006,hosp_covid_dis_covid_hours_for,79824,2021-06-25,Пятница,16:00,607,559,48,999,105,-392,-497
7007,hosp_covid_dis_covid_hours_for,79826,2021-06-25,Пятница,17:00,670,617,53,1081,117,-411,-528
7008,hosp_covid_dis_covid_hours_for,79828,2021-06-25,Пятница,18:00,729,661,68,1130,134,-401,-535
7009,hosp_covid_dis_covid_hours_for,79830,2021-06-25,Пятница,19:00,818,737,81,1163,139,-345,-484
7010,hosp_covid_dis_covid_hours_for,79832,2021-06-25,Пятница,20:00,888,797,91,1185,141,-297,-438
7011,hosp_covid_dis_covid_hours_for,79834,2021-06-25,Пятница,21:00,935,836,99,1194,154,-259,-413
7012,hosp_covid_dis_covid_hours_for,79836,2021-06-25,Пятница,22:00,997,890,107,1208,155,-211,-366
7013,hosp_covid_dis_covid_hours_for,79842,2021-06-25,Пятница,23:00,1061,947,114,1218,156,-157,-313
7014,hosp_covid_dis_covid_hours_for,79845,2021-06-26,Суббота,01:00,23,22,1,4,0,19,19
7015,hosp_covid_dis_covid_hours_for,79846,2021-06-25,Пятница,сутки,1106,988,118,1224,160,-118,-278
7016,hosp_covid_dis_covid_hours_for,79848,2021-06-26,Суббота,02:00,67,66,1,6,2,61,59
7017,hosp_covid_dis_covid_hours_for,79850,2021-06-26,Суббота,03:00,107,106,1,10,2,97,95
7018,hosp_covid_dis_covid_hours_for,79852,2021-06-26,Суббота,04:00,135,134,1,15,4,120,116
7019,hosp_covid_dis_covid_hours_for,79854,2021-06-26,Суббота,05:00,172,171,1,19,4,153,149
7020,hosp_covid_dis_covid_hours_for,79856,2021-06-26,Суббота,06:00,198,197,1,23,6,175,169
7021,hosp_covid_dis_covid_hours_for,79858,2021-06-26,Суббота,07:00,226,225,1,34,6,192,186
7022,hosp_covid_dis_covid_hours_for,79860,2021-06-26,Суббота,08:00,261,260,1,46,7,215,208
7023,hosp_covid_dis_covid_hours_for,79862,2021-06-26,Суббота,09:00,275,274,1,89,16,186,170
7024,hosp_covid_dis_covid_hours_for,79864,2021-06-26,Суббота,10:00,289,286,3,162,30,127,97
7025,hosp_covid_dis_covid_hours_for,79866,2021-06-26,Суббота,11:00,311,307,4,248,42,63,21
7026,hosp_covid_dis_covid_hours_for,79868,2021-06-26,Суббота,12:00,343,335,8,339,52,4,-48
7027,hosp_covid_dis_covid_hours_for,79870,2021-06-26,Суббота,13:00,395,385,10,408,64,-13,-77
7028,hosp_covid_dis_covid_hours_for,79872,2021-06-26,Суббота,14:00,453,436,17,504,83,-51,-134
7029,hosp_covid_dis_covid_hours_for,79874,2021-06-26,Суббота,15:00,514,491,23,580,98,-66,-164
7030,hosp_covid_dis_covid_hours_for,79876,2021-06-26,Суббота,16:00,571,544,27,607,113,-36,-149
7031,hosp_covid_dis_covid_hours_for,79878,2021-06-26,Суббота,17:00,628,589,39,618,122,10,-112
7032,hosp_covid_dis_covid_hours_for,79880,2021-06-26,Суббота,18:00,693,647,46,629,128,64,-64
7033,hosp_covid_dis_covid_hours_for,79882,2021-06-26,Суббота,19:00,773,722,51,645,130,128,-2
7034,hosp_covid_dis_covid_hours_for,79884,2021-06-26,Суббота,20:00,820,767,53,659,133,161,28
7035,hosp_covid_dis_covid_hours_for,79886,2021-06-26,Суббота,21:00,862,807,55,677,135,185,50
7036,hosp_covid_dis_covid_hours_for,79888,2021-06-26,Суббота,22:00,916,855,61,687,137,229,92
7037,hosp_covid_dis_covid_hours_for,79894,2021-06-26,Суббота,23:00,967,900,67,708,138,259,121
7038,hosp_covid_dis_covid_hours_for,79897,2021-06-27,Воскресенье,01:00,20,19,1,0,0,20,20
7039,hosp_covid_dis_covid_hours_for,79898,2021-06-26,Суббота,сутки,1011,942,69,711,138,300,162
7040,hosp_covid_dis_covid_hours_for,79900,2021-06-27,Воскресенье,02:00,46,43,3,0,0,46,46
7041,hosp_covid_dis_covid_hours_for,79902,2021-06-27,Воскресенье,03:00,74,71,3,1,0,73,73
7042,hosp_covid_dis_covid_hours_for,79904,2021-06-27,Воскресенье,04:00,108,104,4,2,0,106,106
7043,hosp_covid_dis_covid_hours_for,79906,2021-06-27,Воскресенье,05:00,118,113,5,3,0,115,115
7044,hosp_covid_dis_covid_hours_for,79908,2021-06-27,Воскресенье,06:00,118,113,5,3,0,115,115
7045,hosp_covid_dis_covid_hours_for,79910,2021-06-27,Воскресенье,07:00,118,113,5,3,0,115,115
7046,hosp_covid_dis_covid_hours_for,79912,2021-06-27,Воскресенье,08:00,118,113,5,3,0,115,115
7047,hosp_covid_dis_covid_hours_for,79914,2021-06-27,Воскресенье,09:00,175,168,7,34,1,141,140
7048,hosp_covid_dis_covid_hours_for,79916,2021-06-27,Воскресенье,10:00,233,226,7,123,8,110,102
7049,hosp_covid_dis_covid_hours_for,79918,2021-06-27,Воскресенье,11:00,259,250,9,248,15,11,-4
7050,hosp_covid_dis_covid_hours_for,79920,2021-06-27,Воскресенье,12:00,310,297,13,338,28,-28,-56
7051,hosp_covid_dis_covid_hours_for,79922,2021-06-27,Воскресенье,13:00,350,334,16,439,50,-89,-139
7052,hosp_covid_dis_covid_hours_for,79924,2021-06-27,Воскресенье,14:00,391,372,19,537,65,-146,-211
7053,hosp_covid_dis_covid_hours_for,79926,2021-06-27,Воскресенье,15:00,443,419,24,615,78,-172,-250
7054,hosp_covid_dis_covid_hours_for,79928,2021-06-27,Воскресенье,16:00,490,462,28,658,88,-168,-256
7055,hosp_covid_dis_covid_hours_for,79930,2021-06-27,Воскресенье,17:00,525,495,30,686,104,-161,-265
7056,hosp_covid_dis_covid_hours_for,79932,2021-06-27,Воскресенье,18:00,551,517,34,705,113,-154,-267
7057,hosp_covid_dis_covid_hours_for,79934,2021-06-27,Воскресенье,19:00,601,565,36,716,122,-115,-237
7058,hosp_covid_dis_covid_hours_for,79936,2021-06-27,Воскресенье,20:00,651,610,41,733,136,-82,-218
7059,hosp_covid_dis_covid_hours_for,79938,2021-06-27,Воскресенье,21:00,688,647,41,741,137,-53,-190
7060,hosp_covid_dis_covid_hours_for,79940,2021-06-27,Воскресенье,22:00,719,677,42,746,138,-27,-165
7061,hosp_covid_dis_covid_hours_for,79946,2021-06-27,Воскресенье,23:00,754,711,43,755,138,-1,-139
7062,hosp_covid_dis_covid_hours_for,79949,2021-06-28,Понедельник,01:00,21,21,0,11,0,10,10
7063,hosp_covid_dis_covid_hours_for,79950,2021-06-27,Воскресенье,сутки,809,762,47,760,139,49,-90
7064,hosp_covid_dis_covid_hours_for,79952,2021-06-28,Понедельник,02:00,60,58,2,13,0,47,47
7065,hosp_covid_dis_covid_hours_for,79954,2021-06-28,Понедельник,03:00,86,84,2,17,2,69,67
7066,hosp_covid_dis_covid_hours_for,79956,2021-06-28,Понедельник,04:00,110,108,2,19,2,91,89
7067,hosp_covid_dis_covid_hours_for,79958,2021-06-28,Понедельник,05:00,141,139,2,21,2,120,118
7068,hosp_covid_dis_covid_hours_for,79960,2021-06-28,Понедельник,06:00,166,163,3,24,2,142,140
7069,hosp_covid_dis_covid_hours_for,79962,2021-06-28,Понедельник,07:00,191,188,3,35,2,156,154
7070,hosp_covid_dis_covid_hours_for,79964,2021-06-28,Понедельник,08:00,219,216,3,53,5,166,161
7071,hosp_covid_dis_covid_hours_for,79966,2021-06-28,Понедельник,09:00,240,237,3,86,9,154,145
7072,hosp_covid_dis_covid_hours_for,79968,2021-06-28,Понедельник,10:00,255,252,3,159,9,96,87
7073,hosp_covid_dis_covid_hours_for,79970,2021-06-28,Понедельник,11:00,272,267,5,254,14,18,4
7074,hosp_covid_dis_covid_hours_for,79972,2021-06-28,Понедельник,12:00,307,298,9,422,26,-115,-141
7075,hosp_covid_dis_covid_hours_for,79974,2021-06-28,Понедельник,13:00,347,336,11,557,45,-210,-255
7076,hosp_covid_dis_covid_hours_for,79976,2021-06-28,Понедельник,14:00,412,395,17,746,62,-334,-396
7077,hosp_covid_dis_covid_hours_for,79978,2021-06-28,Понедельник,15:00,486,461,25,874,91,-388,-479
7078,hosp_covid_dis_covid_hours_for,79980,2021-06-28,Понедельник,16:00,533,498,35,989,98,-456,-554
7079,hosp_covid_dis_covid_hours_for,79982,2021-06-28,Понедельник,17:00,601,551,50,1043,114,-442,-556
7080,hosp_covid_dis_covid_hours_for,79984,2021-06-28,Понедельник,18:00,668,609,59,1070,125,-402,-527
7081,hosp_covid_dis_covid_hours_for,79986,2021-06-28,Понедельник,19:00,729,667,62,1100,131,-371,-502
7082,hosp_covid_dis_covid_hours_for,79988,2021-06-28,Понедельник,20:00,799,731,68,1120,131,-321,-452
7083,hosp_covid_dis_covid_hours_for,79990,2021-06-28,Понедельник,21:00,871,796,75,1133,131,-262,-393
7084,hosp_covid_dis_covid_hours_for,79992,2021-06-28,Понедельник,22:00,924,840,84,1140,131,-216,-347
7085,hosp_covid_dis_covid_hours_for,79998,2021-06-28,Понедельник,23:00,974,885,89,1157,135,-183,-318
7086,hosp_covid_dis_covid_hours_for,80001,2021-06-29,Вторник,01:00,26,25,1,1,0,25,25
7087,hosp_covid_dis_covid_hours_for,80002,2021-06-28,Понедельник,сутки,1033,940,93,1176,135,-143,-278
7088,hosp_covid_dis_covid_hours_for,80004,2021-06-29,Вторник,02:00,54,52,2,5,0,49,49
7089,hosp_covid_dis_covid_hours_for,80006,2021-06-29,Вторник,03:00,86,82,4,6,0,80,80
7090,hosp_covid_dis_covid_hours_for,80008,2021-06-29,Вторник,04:00,119,115,4,9,0,110,110
7091,hosp_covid_dis_covid_hours_for,80010,2021-06-29,Вторник,05:00,149,143,6,11,1,138,137
7092,hosp_covid_dis_covid_hours_for,80012,2021-06-29,Вторник,06:00,185,179,6,12,2,173,171
7093,hosp_covid_dis_covid_hours_for,80014,2021-06-29,Вторник,07:00,212,205,7,20,2,192,190
7094,hosp_covid_dis_covid_hours_for,80016,2021-06-29,Вторник,08:00,244,237,7,27,2,217,215
7095,hosp_covid_dis_covid_hours_for,80018,2021-06-29,Вторник,09:00,273,265,8,57,7,216,209
7096,hosp_covid_dis_covid_hours_for,80020,2021-06-29,Вторник,10:00,308,296,12,155,9,153,144
7097,hosp_covid_dis_covid_hours_for,80022,2021-06-29,Вторник,11:00,333,319,14,288,18,45,27
7098,hosp_covid_dis_covid_hours_for,80024,2021-06-29,Вторник,12:00,381,358,23,402,35,-21,-56
7099,hosp_covid_dis_covid_hours_for,80026,2021-06-29,Вторник,13:00,432,400,32,560,54,-128,-182
7100,hosp_covid_dis_covid_hours_for,80028,2021-06-29,Вторник,14:00,512,470,42,673,72,-161,-233
7101,hosp_covid_dis_covid_hours_for,80030,2021-06-29,Вторник,15:00,582,530,52,836,87,-254,-341
7102,hosp_covid_dis_covid_hours_for,80032,2021-06-29,Вторник,16:00,646,586,60,955,113,-309,-422
7103,hosp_covid_dis_covid_hours_for,80034,2021-06-29,Вторник,17:00,714,644,70,1004,126,-290,-416
7104,hosp_covid_dis_covid_hours_for,80036,2021-06-29,Вторник,18:00,771,693,78,1060,129,-289,-418
7105,hosp_covid_dis_covid_hours_for,80038,2021-06-29,Вторник,19:00,846,755,91,1102,134,-256,-390
7106,hosp_covid_dis_covid_hours_for,80040,2021-06-29,Вторник,20:00,900,800,100,1112,147,-212,-359
7107,hosp_covid_dis_covid_hours_for,80042,2021-06-29,Вторник,21:00,963,859,104,1132,150,-169,-319
7108,hosp_covid_dis_covid_hours_for,80044,2021-06-29,Вторник,22:00,1022,910,112,1139,151,-117,-268
7109,hosp_covid_dis_covid_hours_for,80050,2021-06-29,Вторник,23:00,1061,943,118,1154,152,-93,-245
7110,hosp_covid_dis_covid_hours_for,80053,2021-06-30,Среда,01:00,26,26,0,11,0,15,15
7111,hosp_covid_dis_covid_hours_for,80054,2021-06-29,Вторник,сутки,1125,1002,123,1159,154,-34,-188
7112,hosp_covid_dis_covid_hours_for,80056,2021-06-30,Среда,02:00,61,61,0,12,2,49,47
7113,hosp_covid_dis_covid_hours_for,80058,2021-06-30,Среда,03:00,104,104,0,13,2,91,89
7114,hosp_covid_dis_covid_hours_for,80060,2021-06-30,Среда,04:00,134,134,0,13,2,121,119
7115,hosp_covid_dis_covid_hours_for,80062,2021-06-30,Среда,05:00,161,161,0,14,3,147,144
7116,hosp_covid_dis_covid_hours_for,80064,2021-06-30,Среда,06:00,188,188,0,17,3,171,168
7117,hosp_covid_dis_covid_hours_for,80066,2021-06-30,Среда,07:00,207,207,0,26,4,181,177
7118,hosp_covid_dis_covid_hours_for,80068,2021-06-30,Среда,08:00,251,251,0,48,9,203,194
7119,hosp_covid_dis_covid_hours_for,80070,2021-06-30,Среда,09:00,287,286,1,87,12,200,188
7120,hosp_covid_dis_covid_hours_for,80072,2021-06-30,Среда,10:00,315,313,2,155,18,160,142
7121,hosp_covid_dis_covid_hours_for,80074,2021-06-30,Среда,11:00,341,337,4,254,26,87,61
7122,hosp_covid_dis_covid_hours_for,80076,2021-06-30,Среда,12:00,386,375,11,400,35,-14,-49
7123,hosp_covid_dis_covid_hours_for,80078,2021-06-30,Среда,13:00,438,422,16,549,45,-111,-156
7124,hosp_covid_dis_covid_hours_for,80080,2021-06-30,Среда,14:00,499,477,22,712,67,-213,-280
7125,hosp_covid_dis_covid_hours_for,80082,2021-06-30,Среда,15:00,571,544,27,847,102,-276,-378
7126,hosp_covid_dis_covid_hours_for,80084,2021-06-30,Среда,16:00,626,592,34,944,123,-318,-441
7127,hosp_covid_dis_covid_hours_for,80086,2021-06-30,Среда,17:00,692,653,39,1006,141,-314,-455
7128,hosp_covid_dis_covid_hours_for,80088,2021-06-30,Среда,18:00,749,699,50,1058,158,-309,-467
7129,hosp_covid_dis_covid_hours_for,80090,2021-06-30,Среда,19:00,809,755,54,1107,163,-298,-461
7130,hosp_covid_dis_covid_hours_for,80092,2021-06-30,Среда,20:00,869,805,64,1133,164,-264,-428
7131,hosp_covid_dis_covid_hours_for,80094,2021-06-30,Среда,21:00,922,852,70,1148,165,-226,-391
7132,hosp_covid_dis_covid_hours_for,80096,2021-06-30,Среда,22:00,966,891,75,1156,166,-190,-356
7133,hosp_covid_dis_covid_hours_for,80102,2021-06-30,Среда,23:00,1017,935,82,1160,167,-143,-310
7134,hosp_covid_dis_covid_hours_for,80105,2021-07-01,Четверг,01:00,31,30,1,7,0,24,24
7135,hosp_covid_dis_covid_hours_for,80106,2021-06-30,Среда,сутки,1058,973,85,1165,168,-107,-275
7136,hosp_covid_dis_covid_hours_for,80108,2021-07-01,Четверг,02:00,66,64,2,10,0,56,56
7137,hosp_covid_dis_covid_hours_for,80110,2021-07-01,Четверг,03:00,103,101,2,13,0,90,90
7138,hosp_covid_dis_covid_hours_for,80112,2021-07-01,Четверг,04:00,133,130,3,17,2,116,114
7139,hosp_covid_dis_covid_hours_for,80114,2021-07-01,Четверг,05:00,156,153,3,20,2,136,134
7140,hosp_covid_dis_covid_hours_for,80116,2021-07-01,Четверг,06:00,179,176,3,21,2,158,156
7141,hosp_covid_dis_covid_hours_for,80118,2021-07-01,Четверг,07:00,210,207,3,30,3,180,177
7142,hosp_covid_dis_covid_hours_for,80120,2021-07-01,Четверг,08:00,232,229,3,60,10,172,162
7143,hosp_covid_dis_covid_hours_for,80122,2021-07-01,Четверг,09:00,274,269,5,89,16,185,169
7144,hosp_covid_dis_covid_hours_for,80124,2021-07-01,Четверг,10:00,292,285,7,159,20,133,113
7145,hosp_covid_dis_covid_hours_for,80126,2021-07-01,Четверг,11:00,311,300,11,280,34,31,-3
7146,hosp_covid_dis_covid_hours_for,80128,2021-07-01,Четверг,12:00,347,334,13,394,50,-47,-97
7147,hosp_covid_dis_covid_hours_for,80130,2021-07-01,Четверг,13:00,404,382,22,535,62,-131,-193
7148,hosp_covid_dis_covid_hours_for,80132,2021-07-01,Четверг,14:00,458,432,26,638,97,-180,-277
7149,hosp_covid_dis_covid_hours_for,80134,2021-07-01,Четверг,15:00,521,483,38,759,119,-238,-357
7150,hosp_covid_dis_covid_hours_for,80136,2021-07-01,Четверг,16:00,574,529,45,874,145,-300,-445
7151,hosp_covid_dis_covid_hours_for,80138,2021-07-01,Четверг,17:00,632,575,57,918,162,-286,-448
7152,hosp_covid_dis_covid_hours_for,80140,2021-07-01,Четверг,18:00,681,612,69,954,167,-273,-440
7153,hosp_covid_dis_covid_hours_for,80142,2021-07-01,Четверг,19:00,737,653,84,990,173,-253,-426
7154,hosp_covid_dis_covid_hours_for,80144,2021-07-01,Четверг,20:00,804,714,90,1034,181,-230,-411
7155,hosp_covid_dis_covid_hours_for,80146,2021-07-01,Четверг,21:00,847,752,95,1049,181,-202,-383
7156,hosp_covid_dis_covid_hours_for,80148,2021-07-01,Четверг,22:00,891,790,101,1056,182,-165,-347
7157,hosp_covid_dis_covid_hours_for,80154,2021-07-01,Четверг,23:00,938,833,105,1063,184,-125,-309
7158,hosp_covid_dis_covid_hours_for,80157,2021-07-02,Пятница,01:00,24,24,0,2,0,22,22
7159,hosp_covid_dis_covid_hours_for,80158,2021-07-01,Четверг 00:04,сутки,986,879,107,1070,183,-84,-267
7160,hosp_covid_dis_covid_hours_for,80160,2021-07-02,Пятница,02:00,52,52,0,15,0,37,37
7161,hosp_covid_dis_covid_hours_for,80162,2021-07-02,Пятница,03:00,87,87,0,22,0,65,65
7162,hosp_covid_dis_covid_hours_for,80164,2021-07-02,Пятница,04:00,108,108,0,24,0,84,84
7163,hosp_covid_dis_covid_hours_for,80166,2021-07-02,Пятница,05:00,123,123,0,24,0,99,99
7164,hosp_covid_dis_covid_hours_for,80168,2021-07-02,Пятница,06:00,144,144,0,24,1,120,119
7165,hosp_covid_dis_covid_hours_for,80170,2021-07-02,Пятница,07:00,165,165,0,29,1,136,135
7166,hosp_covid_dis_covid_hours_for,80172,2021-07-02,Пятница,08:00,180,180,0,50,6,130,124
7167,hosp_covid_dis_covid_hours_for,80174,2021-07-02,Пятница,09:00,254,253,1,85,14,169,155
7168,hosp_covid_dis_covid_hours_for,80176,2021-07-02,Пятница,10:00,268,264,4,176,21,92,71
7169,hosp_covid_dis_covid_hours_for,80178,2021-07-02,Пятница,11:00,296,285,11,320,26,-24,-50
7170,hosp_covid_dis_covid_hours_for,80180,2021-07-02,Пятница,12:00,341,327,14,463,47,-122,-169
7171,hosp_covid_dis_covid_hours_for,80182,2021-07-02,Пятница,13:00,386,368,18,646,67,-260,-327
7172,hosp_covid_dis_covid_hours_for,80184,2021-07-02,Пятница,14:00,455,428,27,803,85,-348,-433
7173,hosp_covid_dis_covid_hours_for,80186,2021-07-02,Пятница,15:00,516,483,33,949,110,-433,-543
7174,hosp_covid_dis_covid_hours_for,80188,2021-07-02,Пятница,16:00,568,526,42,1070,128,-502,-630
7175,hosp_covid_dis_covid_hours_for,80190,2021-07-02,Пятница,17:00,638,584,54,1110,141,-472,-613
7176,hosp_covid_dis_covid_hours_for,80192,2021-07-02,Пятница,18:00,698,633,65,1141,147,-443,-590
7177,hosp_covid_dis_covid_hours_for,80194,2021-07-02,Пятница,19:00,749,675,74,1190,152,-441,-593
7178,hosp_covid_dis_covid_hours_for,80196,2021-07-02,Пятница,20:00,808,725,83,1213,157,-405,-562
7179,hosp_covid_dis_covid_hours_for,80198,2021-07-02,Пятница,21:00,841,755,86,1220,161,-379,-540
7180,hosp_covid_dis_covid_hours_for,80200,2021-07-02,Пятница,22:00,898,805,93,1224,161,-326,-487
7181,hosp_covid_dis_covid_hours_for,80206,2021-07-02,Пятница,23:00,939,842,97,1235,161,-296,-457
7182,hosp_covid_dis_covid_hours_for,80209,2021-07-03,Суббота,01:00,29,29,0,0,0,29,29
7183,hosp_covid_dis_covid_hours_for,80210,2021-07-02,Пятница,сутки,974,876,98,1250,161,-276,-437
7184,hosp_covid_dis_covid_hours_for,80212,2021-07-03,Суббота,02:00,67,66,1,1,0,66,66
7185,hosp_covid_dis_covid_hours_for,80214,2021-07-03,Суббота,03:00,101,100,1,2,0,99,99
7186,hosp_covid_dis_covid_hours_for,80216,2021-07-03,Суббота,04:00,133,132,1,2,1,131,130
7187,hosp_covid_dis_covid_hours_for,80218,2021-07-03,Суббота,05:00,155,154,1,3,1,152,151
7188,hosp_covid_dis_covid_hours_for,80220,2021-07-03,Суббота,06:00,183,182,1,6,1,177,176
7189,hosp_covid_dis_covid_hours_for,80222,2021-07-03,Суббота,07:00,200,199,1,16,1,184,183
7190,hosp_covid_dis_covid_hours_for,80224,2021-07-03,Суббота,08:00,214,213,1,43,4,171,167
7191,hosp_covid_dis_covid_hours_for,80226,2021-07-03,Суббота,09:00,227,226,1,91,10,136,126
7192,hosp_covid_dis_covid_hours_for,80228,2021-07-03,Суббота,10:00,238,237,1,155,19,83,64
7193,hosp_covid_dis_covid_hours_for,80230,2021-07-03,Суббота,11:00,261,257,4,255,40,6,-34
7194,hosp_covid_dis_covid_hours_for,80232,2021-07-03,Суббота,12:00,300,293,7,349,56,-49,-105
7195,hosp_covid_dis_covid_hours_for,80234,2021-07-03,Суббота,13:00,350,338,12,447,70,-97,-167
7196,hosp_covid_dis_covid_hours_for,80236,2021-07-03,Суббота,14:00,404,386,18,513,85,-109,-194
7197,hosp_covid_dis_covid_hours_for,80238,2021-07-03,Суббота,15:00,454,434,20,565,102,-111,-213
7198,hosp_covid_dis_covid_hours_for,80240,2021-07-03,Суббота,16:00,505,480,25,591,115,-86,-201
7199,hosp_covid_dis_covid_hours_for,80242,2021-07-03,Суббота,17:00,549,518,31,617,120,-68,-188
7200,hosp_covid_dis_covid_hours_for,80244,2021-07-03,Суббота,18:00,599,563,36,634,128,-35,-163
7201,hosp_covid_dis_covid_hours_for,80246,2021-07-03,Суббота,19:00,646,604,42,666,130,-20,-150
7202,hosp_covid_dis_covid_hours_for,80248,2021-07-03,Суббота,20:00,688,643,45,680,130,8,-122
7203,hosp_covid_dis_covid_hours_for,80250,2021-07-03,Суббота,21:00,740,688,52,690,132,50,-82
7204,hosp_covid_dis_covid_hours_for,80252,2021-07-03,Суббота,22:00,781,723,58,697,133,84,-49
7205,hosp_covid_dis_covid_hours_for,80258,2021-07-03,Суббота,23:00,803,742,61,702,133,101,-32
7206,hosp_covid_dis_covid_hours_for,80261,2021-07-04,Воскресенье,01:00,26,24,2,3,0,23,23
7207,hosp_covid_dis_covid_hours_for,80264,2021-07-04,Воскресенье,02:00,57,55,2,7,0,50,50
7208,hosp_covid_dis_covid_hours_for,80266,2021-07-04,Воскресенье,03:00,85,83,2,8,0,77,77
7209,hosp_covid_dis_covid_hours_for,80268,2021-07-04,Воскресенье,04:00,114,111,3,12,0,102,102
7210,hosp_covid_dis_covid_hours_for,80270,2021-07-04,Воскресенье,05:00,134,131,3,12,0,122,122
7211,hosp_covid_dis_covid_hours_for,80272,2021-07-04,Воскресенье,06:00,160,157,3,13,0,147,147
7212,hosp_covid_dis_covid_hours_for,80274,2021-07-04,Воскресенье,07:00,177,174,3,23,1,154,153
7213,hosp_covid_dis_covid_hours_for,80276,2021-07-04,Воскресенье,08:00,192,189,3,40,3,152,149
7214,hosp_covid_dis_covid_hours_for,80278,2021-07-04,Воскресенье,09:00,202,199,3,74,10,128,118
7215,hosp_covid_dis_covid_hours_for,80280,2021-07-04,Воскресенье,10:00,216,212,4,115,20,101,81
7216,hosp_covid_dis_covid_hours_for,80282,2021-07-04,Воскресенье,11:00,231,227,4,172,31,59,28
7217,hosp_covid_dis_covid_hours_for,80284,2021-07-04,Воскресенье,12:00,278,273,5,266,47,12,-35
7218,hosp_covid_dis_covid_hours_for,80286,2021-07-04,Воскресенье,13:00,325,320,5,338,67,-13,-80
7219,hosp_covid_dis_covid_hours_for,80288,2021-07-04,Воскресенье,14:00,371,359,12,414,68,-43,-111
7220,hosp_covid_dis_covid_hours_for,80290,2021-07-04,Воскресенье,15:00,413,399,14,468,74,-55,-129
7221,hosp_covid_dis_covid_hours_for,80292,2021-07-04,Воскресенье,16:00,452,434,18,503,85,-51,-136
7222,hosp_covid_dis_covid_hours_for,80294,2021-07-04,Воскресенье,17:00,493,474,19,524,95,-31,-126
7223,hosp_covid_dis_covid_hours_for,80296,2021-07-04,Воскресенье,18:00,526,504,22,534,100,-8,-108
7224,hosp_covid_dis_covid_hours_for,80298,2021-07-04,Воскресенье,19:00,565,539,26,552,102,13,-89
7225,hosp_covid_dis_covid_hours_for,80300,2021-07-04,Воскресенье,20:00,602,572,30,572,105,30,-75
7226,hosp_covid_dis_covid_hours_for,80302,2021-07-04,Воскресенье,21:00,641,607,34,585,105,56,-49
7227,hosp_covid_dis_covid_hours_for,80304,2021-07-04,Воскресенье,22:00,675,639,36,590,106,85,-21
7228,hosp_covid_dis_covid_hours_for,80305,2021-07-03,Суббота,сутки,837,773,64,714,133,123,-10
7229,hosp_covid_dis_covid_hours_for,80311,2021-07-04,Воскресенье,23:00,713,674,39,599,106,114,8
7230,hosp_covid_dis_covid_hours_for,80314,2021-07-05,Понедельник,01:00,21,21,0,1,0,20,20
7231,hosp_covid_dis_covid_hours_for,80315,2021-07-04,Воскресенье,сутки,741,701,40,601,106,140,34
7232,hosp_covid_dis_covid_hours_for,80317,2021-07-05,Понедельник,02:00,47,46,1,3,1,44,43
7233,hosp_covid_dis_covid_hours_for,80319,2021-07-05,Понедельник,03:00,73,72,1,4,1,69,68
7234,hosp_covid_dis_covid_hours_for,80321,2021-07-05,Понедельник,04:00,99,98,1,7,2,92,90
7235,hosp_covid_dis_covid_hours_for,80323,2021-07-05,Понедельник,05:00,132,131,1,8,2,124,122
7236,hosp_covid_dis_covid_hours_for,80325,2021-07-05,Понедельник,06:00,149,148,1,13,5,136,131
7237,hosp_covid_dis_covid_hours_for,80327,2021-07-05,Понедельник,07:00,168,167,1,29,8,139,131
7238,hosp_covid_dis_covid_hours_for,80329,2021-07-05,Понедельник,08:00,182,181,1,58,10,124,114
7239,hosp_covid_dis_covid_hours_for,80331,2021-07-05,Понедельник,09:00,191,190,1,102,15,89,74
7240,hosp_covid_dis_covid_hours_for,80333,2021-07-05,Понедельник,10:00,198,197,1,173,17,25,8
7241,hosp_covid_dis_covid_hours_for,80335,2021-07-05,Понедельник,11:00,225,220,5,310,24,-85,-109
7242,hosp_covid_dis_covid_hours_for,80337,2021-07-05,Понедельник,12:00,261,247,14,462,33,-201,-234
7243,hosp_covid_dis_covid_hours_for,80339,2021-07-05,Понедельник,13:00,310,285,25,626,46,-316,-362
7244,hosp_covid_dis_covid_hours_for,80341,2021-07-05,Понедельник,14:00,348,321,27,798,69,-450,-519
7245,hosp_covid_dis_covid_hours_for,80343,2021-07-05,Понедельник,15:00,413,375,38,927,81,-514,-595
7246,hosp_covid_dis_covid_hours_for,80345,2021-07-05,Понедельник,16:00,473,429,44,1064,88,-591,-679
7247,hosp_covid_dis_covid_hours_for,80347,2021-07-05,Понедельник,17:00,532,476,56,1111,97,-579,-676
7248,hosp_covid_dis_covid_hours_for,80349,2021-07-05,Понедельник,18:00,598,529,69,1140,106,-542,-648
7249,hosp_covid_dis_covid_hours_for,80351,2021-07-05,Понедельник,19:00,650,575,75,1174,110,-524,-634
7250,hosp_covid_dis_covid_hours_for,80353,2021-07-05,Понедельник,20:00,708,626,82,1211,110,-503,-613
7251,hosp_covid_dis_covid_hours_for,80355,2021-07-05,Понедельник,21:00,763,672,91,1220,110,-457,-567
7252,hosp_covid_dis_covid_hours_for,80357,2021-07-05,Понедельник,22:00,802,710,92,1229,122,-427,-549
7253,hosp_covid_dis_covid_hours_for,80363,2021-07-05,Понедельник,23:00,811,716,95,1229,122,-418,-540
7254,hosp_covid_dis_covid_hours_for,80366,2021-07-06,Вторник,01:00,24,24,0,7,0,17,17
7255,hosp_covid_dis_covid_hours_for,80367,2021-07-05,Понедельник,сутки,811,716,95,1229,122,-418,-540
7256,hosp_covid_dis_covid_hours_for,80369,2021-07-06,Вторник,02:00,58,55,3,10,0,48,48
7257,hosp_covid_dis_covid_hours_for,80371,2021-07-06,Вторник,03:00,83,79,4,12,1,71,70
7258,hosp_covid_dis_covid_hours_for,80373,2021-07-06,Вторник,04:00,110,106,4,12,2,98,96
7259,hosp_covid_dis_covid_hours_for,80375,2021-07-06,Вторник,05:00,143,139,4,13,2,130,128
7260,hosp_covid_dis_covid_hours_for,80377,2021-07-06,Вторник,06:00,164,160,4,14,2,150,148
7261,hosp_covid_dis_covid_hours_for,80379,2021-07-06,Вторник,07:00,185,180,5,26,2,159,157
7262,hosp_covid_dis_covid_hours_for,80381,2021-07-06,Вторник,08:00,207,202,5,47,2,160,158
7263,hosp_covid_dis_covid_hours_for,80383,2021-07-06,Вторник,09:00,223,217,6,85,9,138,129
7264,hosp_covid_dis_covid_hours_for,80385,2021-07-06,Вторник,10:00,265,256,9,183,13,82,69
7265,hosp_covid_dis_covid_hours_for,80387,2021-07-06,Вторник,11:00,288,275,13,318,23,-30,-53
7266,hosp_covid_dis_covid_hours_for,80389,2021-07-06,Вторник,12:00,306,293,13,465,40,-159,-199
7267,hosp_covid_dis_covid_hours_for,80391,2021-07-06,Вторник,13:00,349,331,18,607,55,-258,-313
7268,hosp_covid_dis_covid_hours_for,80393,2021-07-06,Вторник,14:00,408,385,23,730,75,-322,-397
7269,hosp_covid_dis_covid_hours_for,80395,2021-07-06,Вторник,17:00,561,517,44,972,129,-411,-540
7270,hosp_covid_dis_covid_hours_for,80397,2021-07-06,Вторник,18:00,611,558,53,1018,136,-407,-543
7271,hosp_covid_dis_covid_hours_for,80399,2021-07-06,Вторник,19:00,673,611,62,1058,144,-385,-529
7272,hosp_covid_dis_covid_hours_for,80401,2021-07-06,Вторник,20:00,734,661,73,1078,150,-344,-494
7273,hosp_covid_dis_covid_hours_for,80403,2021-07-06,Вторник,21:00,789,712,77,1093,154,-304,-458
7274,hosp_covid_dis_covid_hours_for,80405,2021-07-06,Вторник,22:00,831,747,84,1101,155,-270,-425
7275,hosp_covid_dis_covid_hours_for,80411,2021-07-06,Вторник,23:00,870,782,88,1108,156,-238,-394
7276,hosp_covid_dis_covid_hours_for,80414,2021-07-07,Среда,01:00,23,23,0,0,0,23,23
7277,hosp_covid_dis_covid_hours_for,80415,2021-07-06,Вторник,сутки,909,820,89,1115,160,-206,-366
7278,hosp_covid_dis_covid_hours_for,80417,2021-07-07,Среда,02:00,60,60,0,4,0,56,56
7279,hosp_covid_dis_covid_hours_for,80419,2021-07-07,Среда,03:00,88,87,1,7,0,81,81
7280,hosp_covid_dis_covid_hours_for,80421,2021-07-07,Среда,04:00,112,110,2,8,0,104,104
7281,hosp_covid_dis_covid_hours_for,80423,2021-07-07,Среда,05:00,136,134,2,11,0,125,125
7282,hosp_covid_dis_covid_hours_for,80425,2021-07-07,Среда,06:00,148,146,2,17,0,131,131
7283,hosp_covid_dis_covid_hours_for,80427,2021-07-07,Среда,07:00,159,158,1,46,0,113,113
7284,hosp_covid_dis_covid_hours_for,80429,2021-07-07,Среда,08:00,169,168,1,63,1,106,105
7285,hosp_covid_dis_covid_hours_for,80431,2021-07-07,Среда,09:00,189,188,1,93,7,96,89
7286,hosp_covid_dis_covid_hours_for,80433,2021-07-07,Среда,10:00,196,194,2,179,18,17,-1
7287,hosp_covid_dis_covid_hours_for,80435,2021-07-07,Среда,11:00,220,215,5,298,28,-78,-106
7288,hosp_covid_dis_covid_hours_for,80437,2021-07-07,Среда,12:00,257,246,11,435,40,-178,-218
7289,hosp_covid_dis_covid_hours_for,80439,2021-07-07,Среда,13:00,315,295,20,584,62,-269,-331
7290,hosp_covid_dis_covid_hours_for,80441,2021-07-07,Среда,14:00,379,348,31,720,87,-341,-428
7291,hosp_covid_dis_covid_hours_for,80443,2021-07-07,Среда,15:00,446,402,44,860,113,-414,-527
7292,hosp_covid_dis_covid_hours_for,80445,2021-07-07,Среда,16:00,502,453,49,952,130,-450,-580
7293,hosp_covid_dis_covid_hours_for,80447,2021-07-07,Среда,17:00,562,504,58,995,136,-433,-569
7294,hosp_covid_dis_covid_hours_for,80449,2021-07-07,Среда,18:00,607,541,66,1029,137,-422,-559
7295,hosp_covid_dis_covid_hours_for,80451,2021-07-07,Среда,19:00,660,582,78,1071,140,-411,-551
7296,hosp_covid_dis_covid_hours_for,80453,2021-07-07,Среда,20:00,709,622,87,1096,146,-387,-533
7297,hosp_covid_dis_covid_hours_for,80455,2021-07-07,Среда,21:00,747,652,95,1106,149,-359,-508
7298,hosp_covid_dis_covid_hours_for,80457,2021-07-07,Среда,22:00,778,677,101,1111,150,-333,-483
7299,hosp_covid_dis_covid_hours_for,80463,2021-07-07,Среда,23:00,830,722,108,1117,154,-287,-441
7300,hosp_covid_dis_covid_hours_for,80466,2021-07-08,Четверг,01:00,21,21,0,2,0,19,19
7301,hosp_covid_dis_covid_hours_for,80467,2021-07-07,Среда,сутки,870,758,112,1120,157,-250,-407
7302,hosp_covid_dis_covid_hours_for,80469,2021-07-08,Четверг,02:00,56,55,1,8,0,48,48
7303,hosp_covid_dis_covid_hours_for,80471,2021-07-08,Четверг,03:00,83,82,1,9,1,74,73
7304,hosp_covid_dis_covid_hours_for,80473,2021-07-08,Четверг,04:00,120,119,1,9,1,111,110
7305,hosp_covid_dis_covid_hours_for,80475,2021-07-08,Четверг,05:00,139,137,2,9,2,130,128
7306,hosp_covid_dis_covid_hours_for,80477,2021-07-08,Четверг,06:00,146,144,2,12,2,134,132
7307,hosp_covid_dis_covid_hours_for,80479,2021-07-08,Четверг,07:00,160,158,2,12,3,148,145
7308,hosp_covid_dis_covid_hours_for,80481,2021-07-08,Четверг,08:00,165,163,2,40,8,125,117
7309,hosp_covid_dis_covid_hours_for,80483,2021-07-08,Четверг,09:00,171,170,1,103,18,68,50
7310,hosp_covid_dis_covid_hours_for,80485,2021-07-08,Четверг,10:00,209,204,5,200,22,9,-13
7311,hosp_covid_dis_covid_hours_for,80487,2021-07-08,Четверг,11:00,239,232,7,347,37,-108,-145
7312,hosp_covid_dis_covid_hours_for,80489,2021-07-08,Четверг,12:00,270,261,9,435,49,-165,-214
7313,hosp_covid_dis_covid_hours_for,80491,2021-07-08,Четверг,13:00,322,306,16,579,68,-257,-325
7314,hosp_covid_dis_covid_hours_for,80493,2021-07-08,Четверг,14:00,379,360,19,714,94,-335,-429
7315,hosp_covid_dis_covid_hours_for,80495,2021-07-08,Четверг,15:00,440,409,31,857,102,-417,-519
7316,hosp_covid_dis_covid_hours_for,80497,2021-07-08,Четверг,16:00,498,463,35,915,118,-417,-535
7317,hosp_covid_dis_covid_hours_for,80499,2021-07-08,Четверг,17:00,549,507,42,981,122,-432,-554
7318,hosp_covid_dis_covid_hours_for,80501,2021-07-08,Четверг,18:00,599,549,50,1012,130,-413,-543
7319,hosp_covid_dis_covid_hours_for,80503,2021-07-08,Четверг,19:00,654,595,59,1027,133,-373,-506
7320,hosp_covid_dis_covid_hours_for,80505,2021-07-08,Четверг,20:00,726,661,65,1039,137,-313,-450
7321,hosp_covid_dis_covid_hours_for,80507,2021-07-08,Четверг,21:00,770,700,70,1048,137,-278,-415
7322,hosp_covid_dis_covid_hours_for,80509,2021-07-08,Четверг,22:00,814,738,76,1050,137,-236,-373
7323,hosp_covid_dis_covid_hours_for,80515,2021-07-08,Четверг,23:00,850,768,82,1060,147,-210,-357
7324,hosp_covid_dis_covid_hours_for,80518,2021-07-09,Пятница,01:00,16,16,0,12,1,4,3
7325,hosp_covid_dis_covid_hours_for,80519,2021-07-08,Четверг,сутки,887,802,85,1073,160,-186,-346
7326,hosp_covid_dis_covid_hours_for,80521,2021-07-09,Пятница,02:00,41,41,0,13,1,28,27
7327,hosp_covid_dis_covid_hours_for,80523,2021-07-09,Пятница,03:00,68,68,0,14,4,54,50
7328,hosp_covid_dis_covid_hours_for,80525,2021-07-09,Пятница,04:00,93,92,1,14,4,79,75
7329,hosp_covid_dis_covid_hours_for,80527,2021-07-09,Пятница,05:00,122,121,1,14,4,108,104
7330,hosp_covid_dis_covid_hours_for,80529,2021-07-09,Пятница,06:00,135,134,1,14,4,121,117
7331,hosp_covid_dis_covid_hours_for,80531,2021-07-09,Пятница,07:00,151,150,1,24,4,127,123
7332,hosp_covid_dis_covid_hours_for,80533,2021-07-09,Пятница,08:00,167,166,1,38,6,129,123
7333,hosp_covid_dis_covid_hours_for,80535,2021-07-09,Пятница,09:00,176,175,1,103,9,73,64
7334,hosp_covid_dis_covid_hours_for,80537,2021-07-09,Пятница,10:00,190,184,6,192,20,-2,-22
7335,hosp_covid_dis_covid_hours_for,80539,2021-07-09,Пятница,11:00,216,205,11,322,30,-106,-136
7336,hosp_covid_dis_covid_hours_for,80541,2021-07-09,Пятница,12:00,257,244,13,485,46,-228,-274
7337,hosp_covid_dis_covid_hours_for,80543,2021-07-09,Пятница,13:00,315,296,19,671,54,-356,-410
7338,hosp_covid_dis_covid_hours_for,80545,2021-07-09,Пятница,14:00,373,342,31,832,63,-459,-522
7339,hosp_covid_dis_covid_hours_for,80547,2021-07-09,Пятница,15:00,439,403,36,945,84,-506,-590
7340,hosp_covid_dis_covid_hours_for,80549,2021-07-09,Пятница,16:00,500,460,40,1027,100,-527,-627
7341,hosp_covid_dis_covid_hours_for,80551,2021-07-09,Пятница,17:00,551,504,47,1116,107,-565,-672
7342,hosp_covid_dis_covid_hours_for,80553,2021-07-09,Пятница,18:00,623,564,59,1150,109,-527,-636
7343,hosp_covid_dis_covid_hours_for,80555,2021-07-09,Пятница,19:00,675,611,64,1201,109,-526,-635
7344,hosp_covid_dis_covid_hours_for,80557,2021-07-09,Пятница,20:00,741,670,71,1257,114,-516,-630
7345,hosp_covid_dis_covid_hours_for,80559,2021-07-09,Пятница,21:00,794,715,79,1269,117,-475,-592
7346,hosp_covid_dis_covid_hours_for,80561,2021-07-09,Пятница,22:00,835,755,80,1273,121,-438,-559
7347,hosp_covid_dis_covid_hours_for,80567,2021-07-09,Пятница,23:00,878,796,82,1283,123,-405,-528
7348,hosp_covid_dis_covid_hours_for,80570,2021-07-10,Суббота,01:00,13,13,0,3,1,10,9
7349,hosp_covid_dis_covid_hours_for,80571,2021-07-09,Пятница,сутки,913,830,83,1290,125,-377,-502
7350,hosp_covid_dis_covid_hours_for,80573,2021-07-10,Суббота,02:00,50,50,0,7,1,43,42
7351,hosp_covid_dis_covid_hours_for,80575,2021-07-10,Суббота,03:00,80,80,0,14,1,66,65
7352,hosp_covid_dis_covid_hours_for,80577,2021-07-10,Суббота,04:00,113,113,0,17,1,96,95
7353,hosp_covid_dis_covid_hours_for,80579,2021-07-10,Суббота,05:00,133,132,1,22,1,111,110
7354,hosp_covid_dis_covid_hours_for,80581,2021-07-10,Суббота,06:00,151,150,1,25,1,126,125
7355,hosp_covid_dis_covid_hours_for,80583,2021-07-10,Суббота,07:00,169,168,1,40,2,129,127
7356,hosp_covid_dis_covid_hours_for,80585,2021-07-10,Суббота,08:00,183,182,1,50,2,133,131
7357,hosp_covid_dis_covid_hours_for,80587,2021-07-10,Суббота,09:00,196,195,1,90,8,106,98
7358,hosp_covid_dis_covid_hours_for,80589,2021-07-10,Суббота,10:00,204,202,2,165,13,39,26
7359,hosp_covid_dis_covid_hours_for,80591,2021-07-10,Суббота,11:00,229,222,7,267,27,-38,-65
7360,hosp_covid_dis_covid_hours_for,80593,2021-07-10,Суббота,12:00,262,249,13,355,48,-93,-141
7361,hosp_covid_dis_covid_hours_for,80595,2021-07-10,Суббота,13:00,310,292,18,431,64,-121,-185
7362,hosp_covid_dis_covid_hours_for,80597,2021-07-10,Суббота,14:00,354,332,22,526,69,-172,-241
7363,hosp_covid_dis_covid_hours_for,80599,2021-07-10,Суббота,15:00,419,390,29,572,81,-153,-234
7364,hosp_covid_dis_covid_hours_for,80601,2021-07-10,Суббота,16:00,459,429,30,618,98,-159,-257
7365,hosp_covid_dis_covid_hours_for,80603,2021-07-10,Суббота,17:00,516,482,34,648,101,-132,-233
7366,hosp_covid_dis_covid_hours_for,80605,2021-07-10,Суббота,18:00,555,518,37,667,101,-112,-213
7367,hosp_covid_dis_covid_hours_for,80607,2021-07-10,Суббота,19:00,595,554,41,681,103,-86,-189
7368,hosp_covid_dis_covid_hours_for,80609,2021-07-10,Суббота,20:00,645,600,45,698,107,-53,-160
7369,hosp_covid_dis_covid_hours_for,80611,2021-07-10,Суббота,21:00,670,620,50,705,108,-35,-143
7370,hosp_covid_dis_covid_hours_for,80613,2021-07-10,Суббота,22:00,704,649,55,717,112,-13,-125
7371,hosp_covid_dis_covid_hours_for,80619,2021-07-10,Суббота,23:00,736,679,57,724,112,12,-100
7372,hosp_covid_dis_covid_hours_for,80622,2021-07-11,Воскресенье,01:00,21,21,0,4,0,17,17
7373,hosp_covid_dis_covid_hours_for,80623,2021-07-10,Суббота,сутки,771,711,60,733,112,38,-74
7374,hosp_covid_dis_covid_hours_for,80625,2021-07-11,Воскресенье,02:00,41,41,0,5,0,36,36
7375,hosp_covid_dis_covid_hours_for,80627,2021-07-11,Воскресенье,03:00,61,61,0,9,0,52,52
7376,hosp_covid_dis_covid_hours_for,80629,2021-07-11,Воскресенье,04:00,81,81,0,14,0,67,67
7377,hosp_covid_dis_covid_hours_for,80631,2021-07-11,Воскресенье,05:00,107,107,0,14,0,93,93
7378,hosp_covid_dis_covid_hours_for,80633,2021-07-11,Воскресенье,06:00,130,130,0,16,0,114,114
7379,hosp_covid_dis_covid_hours_for,80635,2021-07-11,Воскресенье,07:00,145,145,0,25,1,120,119
7380,hosp_covid_dis_covid_hours_for,80637,2021-07-11,Воскресенье,08:00,159,158,1,46,3,113,110
7381,hosp_covid_dis_covid_hours_for,80639,2021-07-11,Воскресенье,09:00,171,170,1,79,8,92,84
7382,hosp_covid_dis_covid_hours_for,80641,2021-07-11,Воскресенье,10:00,185,183,2,143,17,42,25
7383,hosp_covid_dis_covid_hours_for,80643,2021-07-11,Воскресенье,11:00,199,195,4,203,29,-4,-33
7384,hosp_covid_dis_covid_hours_for,80645,2021-07-11,Воскресенье,12:00,232,227,5,304,39,-72,-111
7385,hosp_covid_dis_covid_hours_for,80647,2021-07-11,Воскресенье,13:00,274,261,13,381,56,-107,-163
7386,hosp_covid_dis_covid_hours_for,80649,2021-07-11,Воскресенье,14:00,314,297,17,437,69,-123,-192
7387,hosp_covid_dis_covid_hours_for,80651,2021-07-11,Воскресенье,15:00,354,331,23,472,78,-118,-196
7388,hosp_covid_dis_covid_hours_for,80653,2021-07-11,Воскресенье,16:00,391,364,27,491,93,-100,-193
7389,hosp_covid_dis_covid_hours_for,80655,2021-07-11,Воскресенье,17:00,424,395,29,499,94,-75,-169
7390,hosp_covid_dis_covid_hours_for,80657,2021-07-11,Воскресенье,18:00,452,418,34,515,98,-63,-161
7391,hosp_covid_dis_covid_hours_for,80659,2021-07-11,Воскресенье,19:00,486,450,36,521,101,-35,-136
7392,hosp_covid_dis_covid_hours_for,80661,2021-07-11,Воскресенье,20:00,517,478,39,529,101,-12,-113
7393,hosp_covid_dis_covid_hours_for,80663,2021-07-11,Воскресенье,21:00,548,506,42,538,101,10,-91
7394,hosp_covid_dis_covid_hours_for,80665,2021-07-11,Воскресенье,22:00,577,532,45,541,102,36,-66
7395,hosp_covid_dis_covid_hours_for,80671,2021-07-11,Воскресенье,23:00,605,555,50,544,102,61,-41
7396,hosp_covid_dis_covid_hours_for,80674,2021-07-12,Понедельник,01:00,26,25,1,8,0,18,18
7397,hosp_covid_dis_covid_hours_for,80675,2021-07-11,Воскресенье,сутки,631,580,51,545,102,86,-16
7398,hosp_covid_dis_covid_hours_for,80677,2021-07-12,Понедельник,02:00,65,63,2,10,0,55,55
7399,hosp_covid_dis_covid_hours_for,80679,2021-07-12,Понедельник,03:00,83,81,2,12,0,71,71
7400,hosp_covid_dis_covid_hours_for,80681,2021-07-12,Понедельник,04:00,116,113,3,12,0,104,104
7401,hosp_covid_dis_covid_hours_for,80683,2021-07-12,Понедельник,05:00,138,136,2,12,0,126,126
7402,hosp_covid_dis_covid_hours_for,80685,2021-07-12,Понедельник,06:00,154,152,2,13,0,141,141
7403,hosp_covid_dis_covid_hours_for,80687,2021-07-12,Понедельник,07:00,172,170,2,17,1,155,154
7404,hosp_covid_dis_covid_hours_for,80689,2021-07-12,Понедельник,08:00,175,173,2,58,3,117,114
7405,hosp_covid_dis_covid_hours_for,80691,2021-07-12,Понедельник,09:00,188,185,3,97,3,91,88
7406,hosp_covid_dis_covid_hours_for,80693,2021-07-12,Понедельник,10:00,196,193,3,173,11,23,12
7407,hosp_covid_dis_covid_hours_for,80695,2021-07-12,Понедельник,11:00,221,214,7,308,15,-87,-102
7408,hosp_covid_dis_covid_hours_for,80697,2021-07-12,Понедельник,12:00,253,241,12,467,35,-214,-249
7409,hosp_covid_dis_covid_hours_for,80699,2021-07-12,Понедельник,13:00,298,283,15,612,40,-314,-354
7410,hosp_covid_dis_covid_hours_for,80701,2021-07-12,Понедельник,14:00,344,325,19,721,64,-377,-441
7411,hosp_covid_dis_covid_hours_for,80703,2021-07-12,Понедельник,15:00,391,367,24,839,83,-448,-531
7412,hosp_covid_dis_covid_hours_for,80705,2021-07-12,Понедельник,16:00,455,424,31,927,100,-472,-572
7413,hosp_covid_dis_covid_hours_for,80707,2021-07-12,Понедельник,17:00,503,468,35,1005,108,-502,-610
7414,hosp_covid_dis_covid_hours_for,80709,2021-07-12,Понедельник,18:00,558,517,41,1050,109,-492,-601
7415,hosp_covid_dis_covid_hours_for,80711,2021-07-12,Понедельник,19:00,619,563,56,1081,120,-462,-582
7416,hosp_covid_dis_covid_hours_for,80713,2021-07-12,Понедельник,20:00,681,615,66,1111,125,-430,-555
7417,hosp_covid_dis_covid_hours_for,80715,2021-07-12,Понедельник,21:00,744,673,71,1126,127,-382,-509
7418,hosp_covid_dis_covid_hours_for,80717,2021-07-12,Понедельник,22:00,801,725,76,1128,128,-327,-455
7419,hosp_covid_dis_covid_hours_for,80723,2021-07-12,Понедельник,23:00,851,770,81,1134,130,-283,-413
7420,hosp_covid_dis_covid_hours_for,80726,2021-07-13,Вторник,01:00,36,35,1,12,0,24,24
7421,hosp_covid_dis_covid_hours_for,80727,2021-07-12,Понедельник,сутки,903,822,81,1144,131,-241,-372
7422,hosp_covid_dis_covid_hours_for,80729,2021-07-13,Вторник,02:00,80,79,1,14,0,66,66
7423,hosp_covid_dis_covid_hours_for,80731,2021-07-13,Вторник,03:00,108,106,2,16,0,92,92
7424,hosp_covid_dis_covid_hours_for,80733,2021-07-13,Вторник,04:00,141,139,2,18,0,123,123
7425,hosp_covid_dis_covid_hours_for,80735,2021-07-13,Вторник,05:00,164,162,2,21,0,143,143
7426,hosp_covid_dis_covid_hours_for,80737,2021-07-13,Вторник,06:00,185,183,2,23,1,162,161
7427,hosp_covid_dis_covid_hours_for,80739,2021-07-13,Вторник,07:00,207,205,2,30,2,177,175
7428,hosp_covid_dis_covid_hours_for,80741,2021-07-13,Вторник,08:00,227,225,2,48,9,179,170
7429,hosp_covid_dis_covid_hours_for,80743,2021-07-13,Вторник,09:00,254,252,2,105,12,149,137
7430,hosp_covid_dis_covid_hours_for,80745,2021-07-13,Вторник,10:00,288,283,5,216,19,72,53
7431,hosp_covid_dis_covid_hours_for,80747,2021-07-13,Вторник,11:00,310,301,9,372,32,-62,-94
7432,hosp_covid_dis_covid_hours_for,80749,2021-07-13,Вторник,12:00,345,330,15,496,45,-151,-196
7433,hosp_covid_dis_covid_hours_for,80751,2021-07-13,Вторник,13:00,392,372,20,674,65,-282,-347
7434,hosp_covid_dis_covid_hours_for,80753,2021-07-13,Вторник,14:00,449,421,28,832,79,-383,-462
7435,hosp_covid_dis_covid_hours_for,80755,2021-07-13,Вторник,15:00,498,463,35,922,100,-424,-524
7436,hosp_covid_dis_covid_hours_for,80757,2021-07-13,Вторник,16:00,546,500,46,1008,116,-462,-578
7437,hosp_covid_dis_covid_hours_for,80759,2021-07-13,Вторник,17:00,618,557,61,1060,126,-442,-568
7438,hosp_covid_dis_covid_hours_for,80761,2021-07-13,Вторник,18:00,676,603,73,1089,128,-413,-541
7439,hosp_covid_dis_covid_hours_for,80763,2021-07-13,Вторник,19:00,720,645,75,1123,133,-403,-536
7440,hosp_covid_dis_covid_hours_for,80765,2021-07-13,Вторник,20:00,763,684,79,1151,137,-388,-525
7441,hosp_covid_dis_covid_hours_for,80767,2021-07-13,Вторник,21:00,797,711,86,1159,137,-362,-499
7442,hosp_covid_dis_covid_hours_for,80769,2021-07-13,Вторник,22:00,839,752,87,1173,140,-334,-474
7443,hosp_covid_dis_covid_hours_for,80775,2021-07-13,Вторник,23:00,874,783,91,1177,140,-303,-443
7444,hosp_covid_dis_covid_hours_for,80778,2021-07-14,Среда,01:00,16,15,1,6,0,10,10
7445,hosp_covid_dis_covid_hours_for,80779,2021-07-13,Вторник,сутки,911,820,91,1188,140,-277,-417
7446,hosp_covid_dis_covid_hours_for,80781,2021-07-14,Среда,02:00,39,37,2,7,0,32,32
7447,hosp_covid_dis_covid_hours_for,80783,2021-07-14,Среда,03:00,61,59,2,8,0,53,53
7448,hosp_covid_dis_covid_hours_for,80785,2021-07-14,Среда,04:00,81,79,2,9,0,72,72
7449,hosp_covid_dis_covid_hours_for,80787,2021-07-14,Среда,05:00,99,97,2,9,1,90,89
7450,hosp_covid_dis_covid_hours_for,80789,2021-07-14,Среда,06:00,109,107,2,10,1,99,98
7451,hosp_covid_dis_covid_hours_for,80791,2021-07-14,Среда,07:00,121,119,2,18,3,103,100
7452,hosp_covid_dis_covid_hours_for,80793,2021-07-14,Среда,08:00,152,150,2,35,3,117,114
7453,hosp_covid_dis_covid_hours_for,80795,2021-07-14,Среда,09:00,177,173,4,103,8,74,66
7454,hosp_covid_dis_covid_hours_for,80797,2021-07-14,Среда,10:00,193,188,5,189,8,4,-4
7455,hosp_covid_dis_covid_hours_for,80799,2021-07-14,Среда,11:00,214,205,9,293,18,-79,-97
7456,hosp_covid_dis_covid_hours_for,80801,2021-07-14,Среда,12:00,241,230,11,425,32,-184,-216
7457,hosp_covid_dis_covid_hours_for,80803,2021-07-14,Среда,13:00,292,278,14,566,58,-274,-332
7458,hosp_covid_dis_covid_hours_for,80805,2021-07-14,Среда,14:00,335,315,20,691,83,-356,-439
7459,hosp_covid_dis_covid_hours_for,80807,2021-07-14,Среда,15:00,388,361,27,793,105,-405,-510
7460,hosp_covid_dis_covid_hours_for,80809,2021-07-14,Среда,16:00,430,398,32,870,119,-440,-559
7461,hosp_covid_dis_covid_hours_for,80811,2021-07-14,Среда,17:00,477,439,38,936,122,-459,-581
7462,hosp_covid_dis_covid_hours_for,80813,2021-07-14,Среда,18:00,524,481,43,992,126,-468,-594
7463,hosp_covid_dis_covid_hours_for,80815,2021-07-14,Среда,19:00,576,527,49,1046,137,-470,-607
7464,hosp_covid_dis_covid_hours_for,80817,2021-07-14,Среда,20:00,631,576,55,1059,140,-428,-568
7465,hosp_covid_dis_covid_hours_for,80819,2021-07-14,Среда,21:00,681,619,62,1068,140,-387,-527
7466,hosp_covid_dis_covid_hours_for,80821,2021-07-14,Среда,22:00,730,663,67,1070,140,-340,-480
7467,hosp_covid_dis_covid_hours_for,80827,2021-07-14,Среда,23:00,777,709,68,1080,140,-303,-443
7468,hosp_covid_dis_covid_hours_for,80830,2021-07-15,Четверг,01:00,20,19,1,3,0,17,17
7469,hosp_covid_dis_covid_hours_for,80831,2021-07-14,Среда,сутки,815,746,69,1085,141,-270,-411
7470,hosp_covid_dis_covid_hours_for,80833,2021-07-15,Четверг,02:00,42,41,1,6,0,36,36
7471,hosp_covid_dis_covid_hours_for,80835,2021-07-15,Четверг,03:00,64,63,1,7,0,57,57
7472,hosp_covid_dis_covid_hours_for,80837,2021-07-15,Четверг,04:00,86,85,1,9,0,77,77
7473,hosp_covid_dis_covid_hours_for,80839,2021-07-15,Четверг,05:00,103,102,1,10,0,93,93
7474,hosp_covid_dis_covid_hours_for,80841,2021-07-15,Четверг,06:00,116,115,1,13,0,103,103
7475,hosp_covid_dis_covid_hours_for,80843,2021-07-15,Четверг,07:00,128,127,1,15,1,113,112
7476,hosp_covid_dis_covid_hours_for,80845,2021-07-15,Четверг,08:00,137,136,1,28,8,109,101
7477,hosp_covid_dis_covid_hours_for,80847,2021-07-15,Четверг,09:00,155,153,2,66,10,89,79
7478,hosp_covid_dis_covid_hours_for,80849,2021-07-15,Четверг,10:00,192,188,4,151,12,41,29
7479,hosp_covid_dis_covid_hours_for,80851,2021-07-15,Четверг,11:00,214,208,6,310,21,-96,-117
7480,hosp_covid_dis_covid_hours_for,80853,2021-07-15,Четверг,12:00,253,242,11,431,32,-178,-210
7481,hosp_covid_dis_covid_hours_for,80855,2021-07-15,Четверг,13:00,298,281,17,534,39,-236,-275
7482,hosp_covid_dis_covid_hours_for,80857,2021-07-15,Четверг,14:00,342,320,22,623,60,-281,-341
7483,hosp_covid_dis_covid_hours_for,80859,2021-07-15,Четверг,15:00,389,363,26,722,75,-333,-408
7484,hosp_covid_dis_covid_hours_for,80861,2021-07-15,Четверг,16:00,451,423,28,813,94,-362,-456
7485,hosp_covid_dis_covid_hours_for,80863,2021-07-15,Четверг,17:00,498,464,34,854,105,-356,-461
7486,hosp_covid_dis_covid_hours_for,80865,2021-07-15,Четверг,18:00,547,505,42,900,108,-353,-461
7487,hosp_covid_dis_covid_hours_for,80867,2021-07-15,Четверг,19:00,600,556,44,926,110,-326,-436
7488,hosp_covid_dis_covid_hours_for,80869,2021-07-15,Четверг,20:00,642,592,50,908,111,-266,-377
7489,hosp_covid_dis_covid_hours_for,80871,2021-07-15,Четверг,21:00,681,629,52,920,113,-239,-352
7490,hosp_covid_dis_covid_hours_for,80873,2021-07-15,Четверг,22:00,723,667,56,925,113,-202,-315
7491,hosp_covid_dis_covid_hours_for,80879,2021-07-15,Четверг,23:00,761,701,60,928,116,-167,-283
7492,hosp_covid_dis_covid_hours_for,80882,2021-07-16,Пятница,01:00,21,21,0,1,0,20,20
7493,hosp_covid_dis_covid_hours_for,80883,2021-07-15,Четверг,сутки,802,739,63,931,117,-129,-246
7494,hosp_covid_dis_covid_hours_for,80885,2021-07-16,Пятница,02:00,47,46,1,6,0,41,41
7495,hosp_covid_dis_covid_hours_for,80887,2021-07-16,Пятница,03:00,78,76,2,8,0,70,70
7496,hosp_covid_dis_covid_hours_for,80889,2021-07-16,Пятница,04:00,100,98,2,9,1,91,90
7497,hosp_covid_dis_covid_hours_for,80891,2021-07-16,Пятница,05:00,123,121,2,10,1,113,112
7498,hosp_covid_dis_covid_hours_for,80893,2021-07-16,Пятница,06:00,140,138,2,10,1,130,129
7499,hosp_covid_dis_covid_hours_for,80895,2021-07-16,Пятница,07:00,153,151,2,19,2,134,132
7500,hosp_covid_dis_covid_hours_for,80897,2021-07-16,Пятница,08:00,165,163,2,28,7,137,130
7501,hosp_covid_dis_covid_hours_for,80899,2021-07-16,Пятница,09:00,193,189,4,66,8,127,119
7502,hosp_covid_dis_covid_hours_for,80901,2021-07-16,Пятница,10:00,203,198,5,149,12,54,42
7503,hosp_covid_dis_covid_hours_for,80903,2021-07-16,Пятница,11:00,219,211,8,261,19,-42,-61
7504,hosp_covid_dis_covid_hours_for,80905,2021-07-16,Пятница,12:00,259,244,15,406,35,-147,-182
7505,hosp_covid_dis_covid_hours_for,80907,2021-07-16,Пятница,13:00,303,280,23,554,48,-251,-299
7506,hosp_covid_dis_covid_hours_for,80909,2021-07-16,Пятница,14:00,357,328,29,672,56,-315,-371
7507,hosp_covid_dis_covid_hours_for,80911,2021-07-16,Пятница,15:00,409,372,37,790,83,-381,-464
7508,hosp_covid_dis_covid_hours_for,80913,2021-07-16,Пятница,16:00,470,423,47,854,95,-384,-479
7509,hosp_covid_dis_covid_hours_for,80915,2021-07-16,Пятница,17:00,520,463,57,910,102,-390,-492
7510,hosp_covid_dis_covid_hours_for,80917,2021-07-16,Пятница,18:00,594,525,69,960,107,-366,-473
7511,hosp_covid_dis_covid_hours_for,80919,2021-07-16,Пятница,19:00,652,576,76,998,113,-346,-459
7512,hosp_covid_dis_covid_hours_for,80921,2021-07-16,Пятница,20:00,706,621,85,1011,114,-305,-419
7513,hosp_covid_dis_covid_hours_for,80923,2021-07-16,Пятница,21:00,751,656,95,1027,116,-276,-392
7514,hosp_covid_dis_covid_hours_for,80925,2021-07-16,Пятница,22:00,795,693,102,1030,116,-235,-351
7515,hosp_covid_dis_covid_hours_for,80931,2021-07-16,Пятница,23:00,832,730,102,1036,116,-204,-320
7516,hosp_covid_dis_covid_hours_for,80934,2021-07-17,Суббота,01:00,14,14,0,6,0,8,8
7517,hosp_covid_dis_covid_hours_for,80935,2021-07-16,Пятница,сутки,878,774,104,1040,119,-162,-281
7518,hosp_covid_dis_covid_hours_for,80937,2021-07-17,Суббота,02:00,46,46,0,7,1,39,38
7519,hosp_covid_dis_covid_hours_for,80939,2021-07-17,Суббота,03:00,80,78,2,9,1,71,70
7520,hosp_covid_dis_covid_hours_for,80941,2021-07-17,Суббота,04:00,103,101,2,11,1,92,91
7521,hosp_covid_dis_covid_hours_for,80943,2021-07-17,Суббота,05:00,120,118,2,11,2,109,107
7522,hosp_covid_dis_covid_hours_for,80945,2021-07-17,Суббота,06:00,131,129,2,12,2,119,117
7523,hosp_covid_dis_covid_hours_for,80947,2021-07-17,Суббота,07:00,150,148,2,19,2,131,129
7524,hosp_covid_dis_covid_hours_for,80949,2021-07-17,Суббота,08:00,165,163,2,39,6,126,120
7525,hosp_covid_dis_covid_hours_for,80951,2021-07-17,Суббота,09:00,206,203,3,76,6,130,124
7526,hosp_covid_dis_covid_hours_for,80953,2021-07-17,Суббота,10:00,228,223,5,146,14,82,68
7527,hosp_covid_dis_covid_hours_for,80955,2021-07-17,Суббота,11:00,248,242,6,225,32,23,-9
7528,hosp_covid_dis_covid_hours_for,80957,2021-07-17,Суббота,12:00,289,276,13,300,45,-11,-56
7529,hosp_covid_dis_covid_hours_for,80959,2021-07-17,Суббота,13:00,336,317,19,376,54,-40,-94
7530,hosp_covid_dis_covid_hours_for,80961,2021-07-17,Суббота,14:00,372,349,23,445,61,-73,-134
7531,hosp_covid_dis_covid_hours_for,80963,2021-07-17,Суббота,15:00,415,382,33,492,69,-77,-146
7532,hosp_covid_dis_covid_hours_for,80965,2021-07-17,Суббота,16:00,450,410,40,530,77,-80,-157
7533,hosp_covid_dis_covid_hours_for,80967,2021-07-17,Суббота,17:00,486,439,47,554,91,-68,-159
7534,hosp_covid_dis_covid_hours_for,80969,2021-07-17,Суббота,18:00,514,464,50,568,94,-54,-148
7535,hosp_covid_dis_covid_hours_for,80971,2021-07-17,Суббота,19:00,548,495,53,578,97,-30,-127
7536,hosp_covid_dis_covid_hours_for,80973,2021-07-17,Суббота,20:00,593,536,57,595,101,-2,-103
7537,hosp_covid_dis_covid_hours_for,80975,2021-07-17,Суббота,21:00,632,570,62,603,103,29,-74
7538,hosp_covid_dis_covid_hours_for,80977,2021-07-17,Суббота,22:00,671,606,65,608,103,63,-40
7539,hosp_covid_dis_covid_hours_for,80983,2021-07-17,Суббота,23:00,693,628,65,612,103,81,-22
7540,hosp_covid_dis_covid_hours_for,80986,2021-07-18,Воскресенье,01:00,16,15,1,7,0,9,9
7541,hosp_covid_dis_covid_hours_for,80987,2021-07-17,Суббота,сутки,729,660,69,615,103,114,11
7542,hosp_covid_dis_covid_hours_for,80989,2021-07-18,Воскресенье,02:00,38,36,2,7,0,31,31
7543,hosp_covid_dis_covid_hours_for,80991,2021-07-18,Воскресенье,03:00,65,61,4,10,0,55,55
7544,hosp_covid_dis_covid_hours_for,80993,2021-07-18,Воскресенье,04:00,87,83,4,11,0,76,76
7545,hosp_covid_dis_covid_hours_for,80995,2021-07-18,Воскресенье,05:00,107,103,4,12,0,95,95
7546,hosp_covid_dis_covid_hours_for,80997,2021-07-18,Воскресенье,06:00,128,124,4,16,0,112,112
7547,hosp_covid_dis_covid_hours_for,80999,2021-07-18,Воскресенье,07:00,141,136,5,20,0,121,121
7548,hosp_covid_dis_covid_hours_for,81001,2021-07-18,Воскресенье,08:00,149,144,5,30,0,119,119
7549,hosp_covid_dis_covid_hours_for,81003,2021-07-18,Воскресенье,09:00,160,154,6,59,4,101,97
7550,hosp_covid_dis_covid_hours_for,81005,2021-07-18,Воскресенье,10:00,167,161,6,104,8,63,55
7551,hosp_covid_dis_covid_hours_for,81007,2021-07-18,Воскресенье,11:00,195,189,6,161,22,34,12
7552,hosp_covid_dis_covid_hours_for,81009,2021-07-18,Воскресенье,12:00,218,210,8,233,32,-15,-47
7553,hosp_covid_dis_covid_hours_for,81011,2021-07-18,Воскресенье,13:00,257,247,10,304,50,-47,-97
7554,hosp_covid_dis_covid_hours_for,81013,2021-07-18,Воскресенье,14:00,295,282,13,334,61,-39,-100
7555,hosp_covid_dis_covid_hours_for,81015,2021-07-18,Воскресенье,15:00,331,317,14,369,72,-38,-110
7556,hosp_covid_dis_covid_hours_for,81017,2021-07-18,Воскресенье,16:00,363,348,15,392,78,-29,-107
7557,hosp_covid_dis_covid_hours_for,81019,2021-07-18,Воскресенье,17:00,406,387,19,409,86,-3,-89
7558,hosp_covid_dis_covid_hours_for,81021,2021-07-18,Воскресенье,18:00,439,416,23,429,92,10,-82
7559,hosp_covid_dis_covid_hours_for,81023,2021-07-18,Воскресенье,19:00,475,451,24,441,96,34,-62
7560,hosp_covid_dis_covid_hours_for,81025,2021-07-18,Воскресенье,20:00,519,491,28,453,96,66,-30
7561,hosp_covid_dis_covid_hours_for,81027,2021-07-18,Воскресенье,21:00,554,523,31,462,96,92,-4
7562,hosp_covid_dis_covid_hours_for,81029,2021-07-18,Воскресенье,22:00,586,554,32,466,96,120,24
7563,hosp_covid_dis_covid_hours_for,81035,2021-07-18,Воскресенье,23:00,616,584,32,468,96,148,52
7564,hosp_covid_dis_covid_hours_for,81038,2021-07-19,Понедельник,01:00,14,14,0,5,0,9,9
7565,hosp_covid_dis_covid_hours_for,81039,2021-07-18,Воскресенье,сутки,644,611,33,471,98,173,75
7566,hosp_covid_dis_covid_hours_for,81041,2021-07-19,Понедельник,02:00,36,35,1,7,0,29,29
7567,hosp_covid_dis_covid_hours_for,81043,2021-07-19,Понедельник,03:00,53,52,1,11,0,42,42
7568,hosp_covid_dis_covid_hours_for,81045,2021-07-19,Понедельник,04:00,72,71,1,12,0,60,60
7569,hosp_covid_dis_covid_hours_for,81047,2021-07-19,Понедельник,05:00,94,93,1,13,0,81,81
7570,hosp_covid_dis_covid_hours_for,81049,2021-07-19,Понедельник,06:00,106,105,1,15,0,91,91
7571,hosp_covid_dis_covid_hours_for,81051,2021-07-19,Понедельник,07:00,122,121,1,21,0,101,101
7572,hosp_covid_dis_covid_hours_for,81053,2021-07-19,Понедельник,08:00,133,132,1,37,2,96,94
7573,hosp_covid_dis_covid_hours_for,81055,2021-07-19,Понедельник,09:00,141,140,1,69,9,72,63
7574,hosp_covid_dis_covid_hours_for,81057,2021-07-19,Понедельник,10:00,152,147,5,151,9,1,-8
7575,hosp_covid_dis_covid_hours_for,81059,2021-07-19,Понедельник,11:00,172,164,8,266,15,-94,-109
7576,hosp_covid_dis_covid_hours_for,81061,2021-07-19,Понедельник,12:00,214,201,13,395,21,-181,-202
7577,hosp_covid_dis_covid_hours_for,81063,2021-07-19,Понедельник,13:00,256,236,20,551,39,-295,-334
7578,hosp_covid_dis_covid_hours_for,81065,2021-07-19,Понедельник,14:00,312,284,28,655,61,-343,-404
7579,hosp_covid_dis_covid_hours_for,81067,2021-07-19,Понедельник,15:00,361,327,34,752,70,-391,-461
7580,hosp_covid_dis_covid_hours_for,81069,2021-07-19,Понедельник,16:00,417,376,41,834,81,-417,-498
7581,hosp_covid_dis_covid_hours_for,81071,2021-07-19,Понедельник,17:00,470,416,54,896,81,-426,-507
7582,hosp_covid_dis_covid_hours_for,81073,2021-07-19,Понедельник,18:00,516,450,66,956,82,-440,-522
7583,hosp_covid_dis_covid_hours_for,81075,2021-07-19,Понедельник,19:00,562,488,74,1013,88,-451,-539
7584,hosp_covid_dis_covid_hours_for,81077,2021-07-19,Понедельник,20:00,605,527,78,1027,91,-422,-513
7585,hosp_covid_dis_covid_hours_for,81079,2021-07-19,Понедельник,21:00,650,562,88,1035,94,-385,-479
7586,hosp_covid_dis_covid_hours_for,81081,2021-07-19,Понедельник,22:00,690,597,93,1044,98,-354,-452
7587,hosp_covid_dis_covid_hours_for,81087,2021-07-19,Понедельник,23:00,747,647,100,1055,98,-308,-406
7588,hosp_covid_dis_covid_hours_for,81090,2021-07-20,Вторник,01:00,24,23,1,2,0,22,22
7589,hosp_covid_dis_covid_hours_for,81091,2021-07-19,Понедельник,сутки,787,685,102,1059,98,-272,-370
7590,hosp_covid_dis_covid_hours_for,81093,2021-07-20,Вторник,02:00,61,60,1,3,0,58,58
7591,hosp_covid_dis_covid_hours_for,81095,2021-07-20,Вторник,03:00,96,94,2,7,0,89,89
7592,hosp_covid_dis_covid_hours_for,81097,2021-07-20,Вторник,04:00,129,127,2,8,0,121,121
7593,hosp_covid_dis_covid_hours_for,81099,2021-07-20,Вторник,05:00,155,153,2,8,1,147,146
7594,hosp_covid_dis_covid_hours_for,81101,2021-07-20,Вторник,06:00,176,174,2,11,2,165,163
7595,hosp_covid_dis_covid_hours_for,81103,2021-07-20,Вторник,07:00,196,194,2,16,4,180,176
7596,hosp_covid_dis_covid_hours_for,81105,2021-07-20,Вторник,08:00,209,207,2,45,4,164,160
7597,hosp_covid_dis_covid_hours_for,81107,2021-07-20,Вторник,09:00,221,217,4,102,10,119,109
7598,hosp_covid_dis_covid_hours_for,81109,2021-07-20,Вторник,10:00,252,243,9,175,11,77,66
7599,hosp_covid_dis_covid_hours_for,81111,2021-07-20,Вторник,11:00,267,256,11,279,15,-12,-27
7600,hosp_covid_dis_covid_hours_for,81113,2021-07-20,Вторник,12:00,310,294,16,431,17,-121,-138
7601,hosp_covid_dis_covid_hours_for,81115,2021-07-20,Вторник,13:00,354,333,21,552,37,-198,-235
7602,hosp_covid_dis_covid_hours_for,81117,2021-07-20,Вторник,14:00,408,380,28,675,54,-267,-321
7603,hosp_covid_dis_covid_hours_for,81119,2021-07-20,Вторник,15:00,466,430,36,771,83,-305,-388
7604,hosp_covid_dis_covid_hours_for,81121,2021-07-20,Вторник,16:00,520,477,43,865,89,-345,-434
7605,hosp_covid_dis_covid_hours_for,81123,2021-07-20,Вторник,17:00,569,518,51,898,90,-329,-419
7606,hosp_covid_dis_covid_hours_for,81125,2021-07-20,Вторник,18:00,619,563,56,911,100,-292,-392
7607,hosp_covid_dis_covid_hours_for,81127,2021-07-20,Вторник,19:00,657,591,66,932,123,-275,-398
7608,hosp_covid_dis_covid_hours_for,81129,2021-07-20,Вторник,20:00,704,631,73,944,122,-240,-362
7609,hosp_covid_dis_covid_hours_for,81131,2021-07-20,Вторник,21:00,748,672,76,958,124,-210,-334
7610,hosp_covid_dis_covid_hours_for,81133,2021-07-20,Вторник,22:00,791,710,81,963,133,-172,-305
7611,hosp_covid_dis_covid_hours_for,81139,2021-07-20,Вторник,23:00,821,733,88,968,141,-147,-288
7612,hosp_covid_dis_covid_hours_for,81142,2021-07-21,Среда,01:00,18,16,2,8,1,10,9
7613,hosp_covid_dis_covid_hours_for,81143,2021-07-20,Вторник,сутки,856,763,93,970,144,-114,-258
7614,hosp_covid_dis_covid_hours_for,81145,2021-07-21,Среда,02:00,39,37,2,9,2,30,28
7615,hosp_covid_dis_covid_hours_for,81147,2021-07-21,Среда,03:00,60,57,3,11,3,49,46
7616,hosp_covid_dis_covid_hours_for,81149,2021-07-21,Среда,04:00,83,80,3,11,4,72,68
7617,hosp_covid_dis_covid_hours_for,81151,2021-07-21,Среда,05:00,98,95,3,12,4,86,82
7618,hosp_covid_dis_covid_hours_for,81153,2021-07-21,Среда,06:00,109,106,3,12,4,97,93
7619,hosp_covid_dis_covid_hours_for,81155,2021-07-21,Среда,07:00,117,114,3,15,4,102,98
7620,hosp_covid_dis_covid_hours_for,81157,2021-07-21,Среда,08:00,124,121,3,26,4,98,94
7621,hosp_covid_dis_covid_hours_for,81159,2021-07-21,Среда,09:00,139,135,4,74,11,65,54
7622,hosp_covid_dis_covid_hours_for,81161,2021-07-21,Среда,10:00,154,147,7,174,17,-20,-37
7623,hosp_covid_dis_covid_hours_for,81163,2021-07-21,Среда,11:00,172,160,12,263,24,-91,-115
7624,hosp_covid_dis_covid_hours_for,81165,2021-07-21,Среда,12:00,204,189,15,354,30,-150,-180
7625,hosp_covid_dis_covid_hours_for,81167,2021-07-21,Среда,13:00,236,218,18,478,67,-242,-309
7626,hosp_covid_dis_covid_hours_for,81169,2021-07-21,Среда,14:00,270,243,27,592,89,-322,-411
7627,hosp_covid_dis_covid_hours_for,81171,2021-07-21,Среда,15:00,311,275,36,673,98,-362,-460
7628,hosp_covid_dis_covid_hours_for,81173,2021-07-21,Среда,16:00,372,324,48,738,105,-366,-471
7629,hosp_covid_dis_covid_hours_for,81175,2021-07-21,Среда,17:00,415,359,56,779,107,-364,-471
7630,hosp_covid_dis_covid_hours_for,81177,2021-07-21,Среда,18:00,450,387,63,799,117,-349,-466
7631,hosp_covid_dis_covid_hours_for,81179,2021-07-21,Среда,19:00,482,412,70,825,119,-343,-462
7632,hosp_covid_dis_covid_hours_for,81181,2021-07-21,Среда,20:00,537,459,78,839,121,-302,-423
7633,hosp_covid_dis_covid_hours_for,81183,2021-07-21,Среда,21:00,575,490,85,850,123,-275,-398
7634,hosp_covid_dis_covid_hours_for,81185,2021-07-21,Среда,22:00,609,517,92,856,124,-247,-371
7635,hosp_covid_dis_covid_hours_for,81191,2021-07-21,Среда,23:00,646,548,98,861,124,-215,-339
7636,hosp_covid_dis_covid_hours_for,81194,2021-07-22,Четверг,01:00,28,28,0,7,0,21,21
7637,hosp_covid_dis_covid_hours_for,81195,2021-07-21,Среда,сутки,683,584,99,869,124,-186,-310
7638,hosp_covid_dis_covid_hours_for,81197,2021-07-22,Четверг,02:00,45,45,0,7,1,38,37
7639,hosp_covid_dis_covid_hours_for,81199,2021-07-22,Четверг,03:00,64,64,0,7,2,57,55
7640,hosp_covid_dis_covid_hours_for,81201,2021-07-22,Четверг,04:00,86,86,0,8,2,78,76
7641,hosp_covid_dis_covid_hours_for,81203,2021-07-22,Четверг,05:00,97,97,0,8,2,89,87
7642,hosp_covid_dis_covid_hours_for,81205,2021-07-22,Четверг,06:00,110,110,0,10,2,100,98
7643,hosp_covid_dis_covid_hours_for,81207,2021-07-22,Четверг,07:00,126,126,0,18,2,108,106
7644,hosp_covid_dis_covid_hours_for,81209,2021-07-22,Четверг,08:00,134,134,0,34,6,100,94
7645,hosp_covid_dis_covid_hours_for,81211,2021-07-22,Четверг,09:00,146,145,1,81,9,65,56
7646,hosp_covid_dis_covid_hours_for,81213,2021-07-22,Четверг,10:00,162,160,2,145,11,17,6
7647,hosp_covid_dis_covid_hours_for,81215,2021-07-22,Четверг,11:00,180,178,2,242,29,-62,-91
7648,hosp_covid_dis_covid_hours_for,81217,2021-07-22,Четверг,12:00,207,202,5,372,43,-165,-208
7649,hosp_covid_dis_covid_hours_for,81219,2021-07-22,Четверг,13:00,248,232,16,469,48,-221,-269
7650,hosp_covid_dis_covid_hours_for,81221,2021-07-22,Четверг,14:00,288,264,24,588,72,-300,-372
7651,hosp_covid_dis_covid_hours_for,81223,2021-07-22,Четверг,15:00,329,302,27,651,84,-322,-406
7652,hosp_covid_dis_covid_hours_for,81225,2021-07-22,Четверг,16:00,367,334,33,693,98,-326,-424
7653,hosp_covid_dis_covid_hours_for,81227,2021-07-22,Четверг,17:00,408,363,45,758,107,-350,-457
7654,hosp_covid_dis_covid_hours_for,81229,2021-07-22,Четверг,18:00,449,401,48,768,114,-319,-433
7655,hosp_covid_dis_covid_hours_for,81231,2021-07-22,Четверг,19:00,495,434,61,777,118,-282,-400
7656,hosp_covid_dis_covid_hours_for,81233,2021-07-22,Четверг,20:00,536,473,63,786,123,-250,-373
7657,hosp_covid_dis_covid_hours_for,81235,2021-07-22,Четверг,21:00,575,504,71,793,124,-218,-342
7658,hosp_covid_dis_covid_hours_for,81237,2021-07-22,Четверг,22:00,618,544,74,798,124,-180,-304
7659,hosp_covid_dis_covid_hours_for,81243,2021-07-22,Четверг,23:00,653,577,76,807,125,-154,-279
7660,hosp_covid_dis_covid_hours_for,81246,2021-07-23,Пятница,01:00,12,12,0,13,0,-1,-1
7661,hosp_covid_dis_covid_hours_for,81247,2021-07-22,Четверг,сутки,682,605,77,809,125,-127,-252
7662,hosp_covid_dis_covid_hours_for,81249,2021-07-23,Пятница,02:00,27,26,1,14,1,13,12
7663,hosp_covid_dis_covid_hours_for,81251,2021-07-23,Пятница,03:00,47,46,1,16,1,31,30
7664,hosp_covid_dis_covid_hours_for,81253,2021-07-23,Пятница,04:00,58,57,1,16,1,42,41
7665,hosp_covid_dis_covid_hours_for,81255,2021-07-23,Пятница,05:00,60,59,1,17,2,43,41
7666,hosp_covid_dis_covid_hours_for,81257,2021-07-23,Пятница,06:00,63,62,1,18,2,45,43
7667,hosp_covid_dis_covid_hours_for,81259,2021-07-23,Пятница,07:00,71,70,1,23,3,48,45
7668,hosp_covid_dis_covid_hours_for,81261,2021-07-23,Пятница,08:00,81,79,2,31,3,50,47
7669,hosp_covid_dis_covid_hours_for,81263,2021-07-23,Пятница,09:00,86,84,2,87,12,-1,-13
7670,hosp_covid_dis_covid_hours_for,81265,2021-07-23,Пятница,10:00,111,107,4,190,16,-79,-95
7671,hosp_covid_dis_covid_hours_for,81267,2021-07-23,Пятница,11:00,138,127,11,282,27,-144,-171
7672,hosp_covid_dis_covid_hours_for,81269,2021-07-23,Пятница,12:00,162,145,17,410,36,-248,-284
7673,hosp_covid_dis_covid_hours_for,81271,2021-07-23,Пятница,13:00,203,182,21,536,47,-333,-380
7674,hosp_covid_dis_covid_hours_for,81273,2021-07-23,Пятница,14:00,245,218,27,617,73,-372,-445
7675,hosp_covid_dis_covid_hours_for,81275,2021-07-23,Пятница,15:00,295,255,40,706,91,-411,-502
7676,hosp_covid_dis_covid_hours_for,81277,2021-07-23,Пятница,16:00,334,290,44,770,103,-436,-539
7677,hosp_covid_dis_covid_hours_for,81279,2021-07-23,Пятница,17:00,372,322,50,859,117,-487,-604
7678,hosp_covid_dis_covid_hours_for,81281,2021-07-23,Пятница,18:00,428,369,59,892,121,-464,-585
7679,hosp_covid_dis_covid_hours_for,81283,2021-07-23,Пятница,19:00,467,403,64,906,122,-439,-561
7680,hosp_covid_dis_covid_hours_for,81285,2021-07-23,Пятница,20:00,522,448,74,936,122,-414,-536
7681,hosp_covid_dis_covid_hours_for,81287,2021-07-23,Пятница,21:00,571,495,76,944,126,-373,-499
7682,hosp_covid_dis_covid_hours_for,81289,2021-07-23,Пятница,22:00,604,524,80,948,129,-344,-473
7683,hosp_covid_dis_covid_hours_for,81295,2021-07-23,Пятница,23:00,632,547,85,965,129,-333,-462
7684,hosp_covid_dis_covid_hours_for,81298,2021-07-24,Суббота,01:00,16,14,2,4,0,12,12
7685,hosp_covid_dis_covid_hours_for,81299,2021-07-23,Пятница,сутки,664,577,87,969,129,-305,-434
7686,hosp_covid_dis_covid_hours_for,81301,2021-07-24,Суббота,02:00,43,40,3,6,0,37,37
7687,hosp_covid_dis_covid_hours_for,81303,2021-07-24,Суббота,03:00,62,59,3,9,0,53,53
7688,hosp_covid_dis_covid_hours_for,81305,2021-07-24,Суббота,04:00,85,78,7,9,0,76,76
7689,hosp_covid_dis_covid_hours_for,81307,2021-07-24,Суббота,05:00,97,90,7,9,0,88,88
7690,hosp_covid_dis_covid_hours_for,81309,2021-07-24,Суббота,06:00,103,96,7,12,0,91,91
7691,hosp_covid_dis_covid_hours_for,81311,2021-07-24,Суббота,07:00,110,102,8,16,0,94,94
7692,hosp_covid_dis_covid_hours_for,81313,2021-07-24,Суббота,08:00,117,108,9,28,1,89,88
7693,hosp_covid_dis_covid_hours_for,81315,2021-07-24,Суббота,09:00,118,109,9,66,2,52,50
7694,hosp_covid_dis_covid_hours_for,81317,2021-07-24,Суббота,10:00,129,118,11,129,8,0,-8
7695,hosp_covid_dis_covid_hours_for,81319,2021-07-24,Суббота,11:00,151,136,15,198,10,-47,-57
7696,hosp_covid_dis_covid_hours_for,81321,2021-07-24,Суббота,12:00,183,164,19,270,16,-87,-103
7697,hosp_covid_dis_covid_hours_for,81323,2021-07-24,Суббота,13:00,210,187,23,341,23,-131,-154
7698,hosp_covid_dis_covid_hours_for,81325,2021-07-24,Суббота,14:00,263,232,31,380,34,-117,-151
7699,hosp_covid_dis_covid_hours_for,81327,2021-07-24,Суббота,15:00,296,260,36,418,44,-122,-166
7700,hosp_covid_dis_covid_hours_for,81329,2021-07-24,Суббота,16:00,333,295,38,448,51,-115,-166
7701,hosp_covid_dis_covid_hours_for,81331,2021-07-24,Суббота,17:00,361,323,38,480,54,-119,-173
7702,hosp_covid_dis_covid_hours_for,81333,2021-07-24,Суббота,18:00,408,354,54,486,56,-78,-134
7703,hosp_covid_dis_covid_hours_for,81335,2021-07-24,Суббота,19:00,438,379,59,504,63,-66,-129
7704,hosp_covid_dis_covid_hours_for,81337,2021-07-24,Суббота,20:00,472,408,64,514,64,-42,-106
7705,hosp_covid_dis_covid_hours_for,81339,2021-07-24,Суббота,21:00,500,433,67,525,64,-25,-89
7706,hosp_covid_dis_covid_hours_for,81341,2021-07-24,Суббота,22:00,527,455,72,529,64,-2,-66
7707,hosp_covid_dis_covid_hours_for,81347,2021-07-24,Суббота,23:00,553,480,73,533,64,20,-44
7708,hosp_covid_dis_covid_hours_for,81350,2021-07-25,Воскресенье,01:00,7,7,0,2,0,5,5
7709,hosp_covid_dis_covid_hours_for,81351,2021-07-24,Суббота,сутки,572,498,74,535,64,37,-27
7710,hosp_covid_dis_covid_hours_for,81353,2021-07-25,Воскресенье,02:00,21,21,0,2,0,19,19
7711,hosp_covid_dis_covid_hours_for,81355,2021-07-25,Воскресенье,03:00,36,36,0,2,1,34,33
7712,hosp_covid_dis_covid_hours_for,81357,2021-07-25,Воскресенье,04:00,53,53,0,3,1,50,49
7713,hosp_covid_dis_covid_hours_for,81359,2021-07-25,Воскресенье,05:00,62,62,0,3,1,59,58
7714,hosp_covid_dis_covid_hours_for,81361,2021-07-25,Воскресенье,06:00,66,66,0,3,1,63,62
7715,hosp_covid_dis_covid_hours_for,81363,2021-07-25,Воскресенье,07:00,74,73,1,6,1,68,67
7716,hosp_covid_dis_covid_hours_for,81365,2021-07-25,Воскресенье,08:00,78,77,1,19,1,59,58
7717,hosp_covid_dis_covid_hours_for,81367,2021-07-25,Воскресенье,09:00,87,85,2,54,3,33,30
7718,hosp_covid_dis_covid_hours_for,81369,2021-07-25,Воскресенье,10:00,96,94,2,102,6,-6,-12
7719,hosp_covid_dis_covid_hours_for,81371,2021-07-25,Воскресенье,11:00,120,115,5,149,25,-29,-54
7720,hosp_covid_dis_covid_hours_for,81373,2021-07-25,Воскресенье,12:00,149,144,5,198,31,-49,-80
7721,hosp_covid_dis_covid_hours_for,81375,2021-07-25,Воскресенье,13:00,175,169,6,252,38,-77,-115
7722,hosp_covid_dis_covid_hours_for,81377,2021-07-25,Воскресенье,14:00,200,191,9,296,46,-96,-142
7723,hosp_covid_dis_covid_hours_for,81379,2021-07-25,Воскресенье,15:00,234,220,14,325,51,-91,-142
7724,hosp_covid_dis_covid_hours_for,81381,2021-07-25,Воскресенье,16:00,268,249,19,340,61,-72,-133
7725,hosp_covid_dis_covid_hours_for,81383,2021-07-25,Воскресенье,17:00,293,269,24,353,67,-60,-127
7726,hosp_covid_dis_covid_hours_for,81385,2021-07-25,Воскресенье,18:00,324,296,28,363,67,-39,-106
7727,hosp_covid_dis_covid_hours_for,81387,2021-07-25,Воскресенье,19:00,357,327,30,374,67,-17,-84
7728,hosp_covid_dis_covid_hours_for,81389,2021-07-25,Воскресенье,20:00,382,347,35,377,67,5,-62
7729,hosp_covid_dis_covid_hours_for,81391,2021-07-25,Воскресенье,21:00,397,362,35,382,67,15,-52
7730,hosp_covid_dis_covid_hours_for,81393,2021-07-25,Воскресенье,22:00,416,379,37,387,67,29,-38
7731,hosp_covid_dis_covid_hours_for,81399,2021-07-25,Воскресенье,23:00,438,398,40,394,71,44,-27
7732,hosp_covid_dis_covid_hours_for,81402,2021-07-26,Понедельник,01:00,20,19,1,5,0,15,15
7733,hosp_covid_dis_covid_hours_for,81403,2021-07-25,Воскресенье,сутки,456,415,41,396,71,60,-11
7734,hosp_covid_dis_covid_hours_for,81405,2021-07-26,Понедельник,02:00,32,31,1,9,0,23,23
7735,hosp_covid_dis_covid_hours_for,81407,2021-07-26,Понедельник,03:00,45,44,1,10,0,35,35
7736,hosp_covid_dis_covid_hours_for,81409,2021-07-26,Понедельник,04:00,51,50,1,12,1,39,38
7737,hosp_covid_dis_covid_hours_for,81411,2021-07-26,Понедельник,05:00,57,56,1,12,1,45,44
7738,hosp_covid_dis_covid_hours_for,81413,2021-07-26,Понедельник,06:00,61,60,1,13,1,48,47
7739,hosp_covid_dis_covid_hours_for,81415,2021-07-26,Понедельник,07:00,67,66,1,19,1,48,47
7740,hosp_covid_dis_covid_hours_for,81417,2021-07-26,Понедельник,08:00,73,72,1,28,2,45,43
7741,hosp_covid_dis_covid_hours_for,81419,2021-07-26,Понедельник,09:00,87,86,1,91,7,-4,-11
7742,hosp_covid_dis_covid_hours_for,81421,2021-07-26,Понедельник,10:00,92,91,1,145,9,-53,-62
7743,hosp_covid_dis_covid_hours_for,81423,2021-07-26,Понедельник,11:00,98,95,3,260,11,-162,-173
7744,hosp_covid_dis_covid_hours_for,81425,2021-07-26,Понедельник,12:00,117,110,7,391,27,-274,-301
7745,hosp_covid_dis_covid_hours_for,81427,2021-07-26,Понедельник,13:00,161,148,13,495,44,-334,-378
7746,hosp_covid_dis_covid_hours_for,81429,2021-07-26,Понедельник,14:00,215,195,20,577,59,-362,-421
7747,hosp_covid_dis_covid_hours_for,81431,2021-07-26,Понедельник,15:00,268,240,28,665,61,-397,-458
7748,hosp_covid_dis_covid_hours_for,81433,2021-07-26,Понедельник,16:00,319,284,35,758,63,-439,-502
7749,hosp_covid_dis_covid_hours_for,81435,2021-07-26,Понедельник,17:00,370,330,40,826,73,-456,-529
7750,hosp_covid_dis_covid_hours_for,81437,2021-07-26,Понедельник,18:00,431,376,55,868,79,-437,-516
7751,hosp_covid_dis_covid_hours_for,81439,2021-07-26,Понедельник,19:00,477,415,62,895,81,-418,-499
7752,hosp_covid_dis_covid_hours_for,81441,2021-07-26,Понедельник,20:00,524,452,72,911,81,-387,-468
7753,hosp_covid_dis_covid_hours_for,81443,2021-07-26,Понедельник,21:00,571,490,81,919,82,-348,-430
7754,hosp_covid_dis_covid_hours_for,81445,2021-07-26,Понедельник,22:00,621,534,87,946,82,-325,-407
7755,hosp_covid_dis_covid_hours_for,81451,2021-07-26,Понедельник,23:00,663,573,90,952,82,-289,-371
7756,hosp_covid_dis_covid_hours_for,81454,2021-07-27,Вторник,01:00,14,13,1,7,0,7,7
7757,hosp_covid_dis_covid_hours_for,81455,2021-07-26,Понедельник,сутки,688,592,96,962,82,-274,-356
7758,hosp_covid_dis_covid_hours_for,81457,2021-07-27,Вторник,02:00,30,29,1,7,0,23,23
7759,hosp_covid_dis_covid_hours_for,81459,2021-07-27,Вторник,03:00,43,42,1,8,0,35,35
7760,hosp_covid_dis_covid_hours_for,81461,2021-07-27,Вторник,04:00,60,59,1,9,0,51,51
7761,hosp_covid_dis_covid_hours_for,81463,2021-07-27,Вторник,05:00,78,77,1,10,0,68,68
7762,hosp_covid_dis_covid_hours_for,81465,2021-07-27,Вторник,06:00,91,90,1,11,0,80,80
7763,hosp_covid_dis_covid_hours_for,81467,2021-07-27,Вторник,07:00,98,97,1,15,1,83,82
7764,hosp_covid_dis_covid_hours_for,81469,2021-07-27,Вторник,08:00,110,109,1,27,8,83,75
7765,hosp_covid_dis_covid_hours_for,81471,2021-07-27,Вторник,09:00,111,110,1,65,10,46,36
7766,hosp_covid_dis_covid_hours_for,81473,2021-07-27,Вторник,10:00,119,115,4,158,13,-39,-52
7767,hosp_covid_dis_covid_hours_for,81475,2021-07-27,Вторник,11:00,130,124,6,271,27,-141,-168
7768,hosp_covid_dis_covid_hours_for,81477,2021-07-27,Вторник,12:00,172,159,13,389,43,-217,-260
7769,hosp_covid_dis_covid_hours_for,81479,2021-07-27,Вторник,13:00,213,194,19,512,52,-299,-351
7770,hosp_covid_dis_covid_hours_for,81481,2021-07-27,Вторник,14:00,248,225,23,644,63,-396,-459
7771,hosp_covid_dis_covid_hours_for,81483,2021-07-27,Вторник,15:00,291,258,33,734,75,-443,-518
7772,hosp_covid_dis_covid_hours_for,81485,2021-07-27,Вторник,16:00,338,295,43,849,81,-511,-592
7773,hosp_covid_dis_covid_hours_for,81487,2021-07-27,Вторник,17:00,392,336,56,887,82,-495,-577
7774,hosp_covid_dis_covid_hours_for,81489,2021-07-27,Вторник,18:00,440,369,71,925,88,-485,-573
7775,hosp_covid_dis_covid_hours_for,81491,2021-07-27,Вторник,19:00,479,404,75,937,90,-458,-548
7776,hosp_covid_dis_covid_hours_for,81493,2021-07-27,Вторник,20:00,513,430,83,952,90,-439,-529
7777,hosp_covid_dis_covid_hours_for,81495,2021-07-27,Вторник,21:00,537,452,85,953,90,-416,-506
7778,hosp_covid_dis_covid_hours_for,81497,2021-07-27,Вторник,22:00,573,484,89,937,86,-364,-450
7779,hosp_covid_dis_covid_hours_for,81503,2021-07-27,Вторник,23:00,591,500,91,898,75,-307,-382
7780,hosp_covid_dis_covid_hours_for,81506,2021-07-28,Среда,01:00,11,11,0,7,0,4,4
7781,hosp_covid_dis_covid_hours_for,81507,2021-07-27,Вторник,сутки,620,527,93,903,75,-283,-358
7782,hosp_covid_dis_covid_hours_for,81509,2021-07-28,Среда,02:00,33,33,0,11,0,22,22
7783,hosp_covid_dis_covid_hours_for,81511,2021-07-28,Среда,03:00,52,52,0,11,0,41,41
7784,hosp_covid_dis_covid_hours_for,81513,2021-07-28,Среда,04:00,56,56,0,11,0,45,45
7785,hosp_covid_dis_covid_hours_for,81515,2021-07-28,Среда,05:00,66,66,0,12,0,54,54
7786,hosp_covid_dis_covid_hours_for,81517,2021-07-28,Среда,06:00,70,69,1,12,0,58,58
7787,hosp_covid_dis_covid_hours_for,81519,2021-07-28,Среда,07:00,76,75,1,17,0,59,59
7788,hosp_covid_dis_covid_hours_for,81521,2021-07-28,Среда,08:00,79,78,1,28,0,51,51
7789,hosp_covid_dis_covid_hours_for,81523,2021-07-28,Среда,09:00,86,85,1,46,4,40,36
7790,hosp_covid_dis_covid_hours_for,81525,2021-07-28,Среда,10:00,92,91,1,118,6,-26,-32
7791,hosp_covid_dis_covid_hours_for,81527,2021-07-28,Среда,11:00,109,106,3,207,7,-98,-105
7792,hosp_covid_dis_covid_hours_for,81529,2021-07-28,Среда,12:00,149,140,9,293,14,-144,-158
7793,hosp_covid_dis_covid_hours_for,81531,2021-07-28,Среда,13:00,198,178,20,383,28,-185,-213
7794,hosp_covid_dis_covid_hours_for,81533,2021-07-28,Среда,14:00,233,212,21,530,41,-297,-338
7795,hosp_covid_dis_covid_hours_for,81535,2021-07-28,Среда,15:00,284,259,25,600,45,-316,-361
7796,hosp_covid_dis_covid_hours_for,81537,2021-07-28,Среда,16:00,337,307,30,675,54,-338,-392
7797,hosp_covid_dis_covid_hours_for,81539,2021-07-28,Среда,17:00,382,343,39,712,54,-330,-384
7798,hosp_covid_dis_covid_hours_for,81541,2021-07-28,Среда,18:00,444,399,45,737,56,-293,-349
7799,hosp_covid_dis_covid_hours_for,81543,2021-07-28,Среда,19:00,497,443,54,756,56,-259,-315
7800,hosp_covid_dis_covid_hours_for,81545,2021-07-28,Среда,20:00,542,486,56,766,56,-224,-280
7801,hosp_covid_dis_covid_hours_for,81547,2021-07-28,Среда,21:00,565,505,60,772,56,-207,-263
7802,hosp_covid_dis_covid_hours_for,81549,2021-07-28,Среда,22:00,589,529,60,772,58,-183,-241
7803,hosp_covid_dis_covid_hours_for,81555,2021-07-28,Среда,23:00,595,535,60,772,58,-177,-235
7804,hosp_covid_dis_covid_hours_for,81558,2021-07-29,Четверг,01:00,11,11,0,0,0,11,11
7805,hosp_covid_dis_covid_hours_for,81559,2021-07-28,Среда,сутки,595,535,60,772,58,-177,-235
7806,hosp_covid_dis_covid_hours_for,81561,2021-07-29,Четверг,02:00,36,34,2,1,1,35,34
7807,hosp_covid_dis_covid_hours_for,81563,2021-07-29,Четверг,03:00,50,48,2,3,1,47,46
7808,hosp_covid_dis_covid_hours_for,81565,2021-07-29,Четверг,04:00,64,62,2,5,1,59,58
7809,hosp_covid_dis_covid_hours_for,81567,2021-07-29,Четверг,05:00,73,71,2,6,1,67,66
7810,hosp_covid_dis_covid_hours_for,81569,2021-07-29,Четверг,06:00,76,74,2,14,1,62,61
7811,hosp_covid_dis_covid_hours_for,81571,2021-07-29,Четверг,07:00,81,78,3,15,1,66,65
7812,hosp_covid_dis_covid_hours_for,81573,2021-07-29,Четверг,08:00,86,83,3,25,3,61,58
7813,hosp_covid_dis_covid_hours_for,81575,2021-07-29,Четверг,09:00,90,87,3,65,8,25,17
7814,hosp_covid_dis_covid_hours_for,81577,2021-07-29,Четверг,10:00,96,93,3,114,11,-18,-29
7815,hosp_covid_dis_covid_hours_for,81579,2021-07-29,Четверг,11:00,112,107,5,190,13,-78,-91
7816,hosp_covid_dis_covid_hours_for,81581,2021-07-29,Четверг,12:00,148,141,7,288,30,-140,-170
7817,hosp_covid_dis_covid_hours_for,81583,2021-07-29,Четверг,13:00,184,168,16,412,41,-228,-269
7818,hosp_covid_dis_covid_hours_for,81585,2021-07-29,Четверг,14:00,219,201,18,475,45,-256,-301
7819,hosp_covid_dis_covid_hours_for,81587,2021-07-29,Четверг,15:00,264,241,23,553,48,-289,-337
7820,hosp_covid_dis_covid_hours_for,81589,2021-07-29,Четверг,16:00,310,280,30,601,55,-291,-346
7821,hosp_covid_dis_covid_hours_for,81591,2021-07-29,Четверг,17:00,371,324,47,655,60,-284,-344
7822,hosp_covid_dis_covid_hours_for,81593,2021-07-29,Четверг,18:00,413,357,56,682,60,-269,-329
7823,hosp_covid_dis_covid_hours_for,81595,2021-07-29,Четверг,19:00,432,376,56,661,49,-229,-278
7824,hosp_covid_dis_covid_hours_for,81597,2021-07-29,Четверг,20:00,472,410,62,674,49,-202,-251
7825,hosp_covid_dis_covid_hours_for,81599,2021-07-29,Четверг,21:00,499,432,67,678,49,-179,-228
7826,hosp_covid_dis_covid_hours_for,81601,2021-07-29,Четверг,22:00,526,458,68,693,49,-167,-216
7827,hosp_covid_dis_covid_hours_for,81607,2021-07-29,Четверг,23:00,550,479,71,695,49,-145,-194
7828,hosp_covid_dis_covid_hours_for,81610,2021-07-30,Пятница,01:00,15,15,0,10,0,5,5
7829,hosp_covid_dis_covid_hours_for,81611,2021-07-29,Четверг,сутки,571,499,72,698,49,-127,-176
7830,hosp_covid_dis_covid_hours_for,81613,2021-07-30,Пятница,02:00,31,31,0,11,0,20,20
7831,hosp_covid_dis_covid_hours_for,81615,2021-07-30,Пятница,03:00,47,47,0,12,1,35,34
7832,hosp_covid_dis_covid_hours_for,81617,2021-07-30,Пятница,04:00,51,51,0,12,1,39,38
7833,hosp_covid_dis_covid_hours_for,81619,2021-07-30,Пятница,05:00,59,59,0,12,2,47,45
7834,hosp_covid_dis_covid_hours_for,81621,2021-07-30,Пятница,06:00,62,62,0,13,2,49,47
7835,hosp_covid_dis_covid_hours_for,81623,2021-07-30,Пятница,07:00,64,64,0,15,2,49,47
7836,hosp_covid_dis_covid_hours_for,81625,2021-07-30,Пятница,08:00,74,73,1,28,3,46,43
7837,hosp_covid_dis_covid_hours_for,81627,2021-07-30,Пятница,09:00,82,78,4,68,5,14,9
7838,hosp_covid_dis_covid_hours_for,81629,2021-07-30,Пятница,10:00,92,87,5,125,10,-33,-43
7839,hosp_covid_dis_covid_hours_for,81631,2021-07-30,Пятница,11:00,103,97,6,238,15,-135,-150
7840,hosp_covid_dis_covid_hours_for,81633,2021-07-30,Пятница,12:00,126,119,7,340,23,-214,-237
7841,hosp_covid_dis_covid_hours_for,81635,2021-07-30,Пятница,13:00,161,152,9,462,28,-301,-329
7842,hosp_covid_dis_covid_hours_for,81637,2021-07-30,Пятница,14:00,216,202,14,590,37,-374,-411
7843,hosp_covid_dis_covid_hours_for,81639,2021-07-30,Пятница,15:00,254,237,17,670,38,-416,-454
7844,hosp_covid_dis_covid_hours_for,81641,2021-07-30,Пятница,16:00,301,278,23,715,48,-414,-462
7845,hosp_covid_dis_covid_hours_for,81643,2021-07-30,Пятница,17:00,334,304,30,767,50,-433,-483
7846,hosp_covid_dis_covid_hours_for,81645,2021-07-30,Пятница,18:00,373,337,36,798,52,-425,-477
7847,hosp_covid_dis_covid_hours_for,81647,2021-07-30,Пятница,19:00,417,377,40,831,52,-414,-466
7848,hosp_covid_dis_covid_hours_for,81649,2021-07-30,Пятница,20:00,454,409,45,845,52,-391,-443
7849,hosp_covid_dis_covid_hours_for,81651,2021-07-30,Пятница,21:00,499,451,48,850,52,-351,-403
7850,hosp_covid_dis_covid_hours_for,81653,2021-07-30,Пятница,22:00,542,484,58,860,52,-318,-370
7851,hosp_covid_dis_covid_hours_for,81659,2021-07-30,Пятница,23:00,572,511,61,864,52,-292,-344
7852,hosp_covid_dis_covid_hours_for,81662,2021-07-31,Суббота,01:00,12,12,0,2,1,10,9
7853,hosp_covid_dis_covid_hours_for,81663,2021-07-30,Пятница,сутки,597,536,61,871,54,-274,-328
7854,hosp_covid_dis_covid_hours_for,81665,2021-07-31,Суббота,02:00,34,34,0,2,1,32,31
7855,hosp_covid_dis_covid_hours_for,81667,2021-07-31,Суббота,03:00,53,52,1,2,1,51,50
7856,hosp_covid_dis_covid_hours_for,81669,2021-07-31,Суббота,04:00,64,63,1,2,1,62,61
7857,hosp_covid_dis_covid_hours_for,81671,2021-07-31,Суббота,05:00,71,70,1,2,1,69,68
7858,hosp_covid_dis_covid_hours_for,81673,2021-07-31,Суббота,06:00,79,78,1,3,1,76,75
7859,hosp_covid_dis_covid_hours_for,81675,2021-07-31,Суббота,07:00,86,85,1,6,1,80,79
7860,hosp_covid_dis_covid_hours_for,81677,2021-07-31,Суббота,08:00,91,90,1,18,5,73,68
7861,hosp_covid_dis_covid_hours_for,81679,2021-07-31,Суббота,09:00,98,97,1,64,8,34,26
7862,hosp_covid_dis_covid_hours_for,81681,2021-07-31,Суббота,10:00,110,108,2,145,11,-35,-46
7863,hosp_covid_dis_covid_hours_for,81683,2021-07-31,Суббота,11:00,123,119,4,202,16,-79,-95
7864,hosp_covid_dis_covid_hours_for,81685,2021-07-31,Суббота,12:00,146,142,4,258,30,-112,-142
7865,hosp_covid_dis_covid_hours_for,81687,2021-07-31,Суббота,13:00,180,172,8,334,32,-154,-186
7866,hosp_covid_dis_covid_hours_for,81689,2021-07-31,Суббота,14:00,213,200,13,362,34,-149,-183
7867,hosp_covid_dis_covid_hours_for,81691,2021-07-31,Суббота,15:00,265,250,15,391,36,-126,-162
7868,hosp_covid_dis_covid_hours_for,81693,2021-07-31,Суббота,16:00,298,281,17,401,41,-103,-144
7869,hosp_covid_dis_covid_hours_for,81695,2021-07-31,Суббота,17:00,333,310,23,413,42,-80,-122
7870,hosp_covid_dis_covid_hours_for,81697,2021-07-31,Суббота,18:00,365,339,26,422,42,-57,-99
7871,hosp_covid_dis_covid_hours_for,81699,2021-07-31,Суббота,19:00,388,360,28,435,42,-47,-89
7872,hosp_covid_dis_covid_hours_for,81701,2021-07-31,Суббота,20:00,412,384,28,448,45,-36,-81
7873,hosp_covid_dis_covid_hours_for,81703,2021-07-31,Суббота,21:00,437,405,32,450,45,-13,-58
7874,hosp_covid_dis_covid_hours_for,81705,2021-07-31,Суббота,22:00,460,427,33,453,45,7,-38
7875,hosp_covid_dis_covid_hours_for,81711,2021-07-31,Суббота,23:00,476,443,33,458,45,18,-27
7876,hosp_covid_dis_covid_hours_for,81714,2021-08-01,Воскресенье,01:00,12,12,0,0,0,12,12
7877,hosp_covid_dis_covid_hours_for,81717,2021-08-01,Воскресенье,02:00,32,32,0,3,0,29,29
7878,hosp_covid_dis_covid_hours_for,81719,2021-08-01,Воскресенье,03:00,45,45,0,3,0,42,42
7879,hosp_covid_dis_covid_hours_for,81721,2021-08-01,Воскресенье,04:00,54,54,0,3,0,51,51
7880,hosp_covid_dis_covid_hours_for,81723,2021-08-01,Воскресенье,05:00,60,60,0,3,0,57,57
7881,hosp_covid_dis_covid_hours_for,81725,2021-08-01,Воскресенье,06:00,65,65,0,8,0,57,57
7882,hosp_covid_dis_covid_hours_for,81727,2021-08-01,Воскресенье,07:00,69,69,0,9,1,60,59
7883,hosp_covid_dis_covid_hours_for,81729,2021-08-01,Воскресенье,08:00,74,74,0,19,2,55,53
7884,hosp_covid_dis_covid_hours_for,81731,2021-08-01,Воскресенье,09:00,82,80,2,34,4,48,44
7885,hosp_covid_dis_covid_hours_for,81733,2021-08-01,Воскресенье,10:00,87,84,3,65,8,22,14
7886,hosp_covid_dis_covid_hours_for,81735,2021-08-01,Воскресенье,11:00,103,100,3,102,17,1,-16
7887,hosp_covid_dis_covid_hours_for,81737,2021-08-01,Воскресенье,12:00,127,121,6,148,22,-21,-43
7888,hosp_covid_dis_covid_hours_for,81739,2021-08-01,Воскресенье,13:00,156,149,7,199,26,-43,-69
7889,hosp_covid_dis_covid_hours_for,81741,2021-08-01,Воскресенье,14:00,195,182,13,229,32,-34,-66
7890,hosp_covid_dis_covid_hours_for,81743,2021-08-01,Воскресенье,15:00,223,206,17,255,36,-32,-68
7891,hosp_covid_dis_covid_hours_for,81745,2021-08-01,Воскресенье,16:00,246,228,18,261,36,-15,-51
7892,hosp_covid_dis_covid_hours_for,81747,2021-08-01,Воскресенье,17:00,278,260,18,264,38,14,-24
7893,hosp_covid_dis_covid_hours_for,81749,2021-08-01,Воскресенье,18:00,306,283,23,277,38,29,-9
7894,hosp_covid_dis_covid_hours_for,81751,2021-08-01,Воскресенье,19:00,327,302,25,283,39,44,5
7895,hosp_covid_dis_covid_hours_for,81753,2021-08-01,Воскресенье,20:00,357,331,26,285,39,72,33
7896,hosp_covid_dis_covid_hours_for,81755,2021-08-01,Воскресенье,21:00,382,355,27,292,39,90,51
7897,hosp_covid_dis_covid_hours_for,81757,2021-08-01,Воскресенье,22:00,401,373,28,295,39,106,67
7898,hosp_covid_dis_covid_hours_for,81763,2021-08-01,Воскресенье,23:00,415,386,29,298,39,117,78
7899,hosp_covid_dis_covid_hours_for,81764,2021-07-31,Суббота,сутки,492,459,33,458,45,34,-11
7900,hosp_covid_dis_covid_hours_for,81766,2021-08-02,Понедельник,01:00,8,8,0,5,0,3,3
7901,hosp_covid_dis_covid_hours_for,81767,2021-08-01,Воскресенье,сутки,439,410,29,307,40,132,92
7902,hosp_covid_dis_covid_hours_for,81769,2021-08-02,Понедельник,02:00,26,25,1,6,0,20,20
7903,hosp_covid_dis_covid_hours_for,81771,2021-08-02,Понедельник,03:00,39,37,2,7,0,32,32
7904,hosp_covid_dis_covid_hours_for,81773,2021-08-02,Понедельник,04:00,50,48,2,8,0,42,42
7905,hosp_covid_dis_covid_hours_for,81775,2021-08-02,Понедельник,05:00,62,60,2,9,0,53,53
7906,hosp_covid_dis_covid_hours_for,81777,2021-08-02,Понедельник,06:00,68,66,2,9,0,59,59
7907,hosp_covid_dis_covid_hours_for,81779,2021-08-02,Понедельник,07:00,71,69,2,14,1,57,56
7908,hosp_covid_dis_covid_hours_for,81781,2021-08-02,Понедельник,08:00,77,75,2,23,3,54,51
7909,hosp_covid_dis_covid_hours_for,81783,2021-08-02,Понедельник,09:00,79,77,2,41,6,38,32
7910,hosp_covid_dis_covid_hours_for,81785,2021-08-02,Понедельник,10:00,86,81,5,102,9,-16,-25
7911,hosp_covid_dis_covid_hours_for,81787,2021-08-02,Понедельник,11:00,102,97,5,198,12,-96,-108
7912,hosp_covid_dis_covid_hours_for,81789,2021-08-02,Понедельник,12:00,116,108,8,283,13,-167,-180
7913,hosp_covid_dis_covid_hours_for,81791,2021-08-02,Понедельник,13:00,146,132,14,368,16,-222,-238
7914,hosp_covid_dis_covid_hours_for,81793,2021-08-02,Понедельник,14:00,177,161,16,466,29,-289,-318
7915,hosp_covid_dis_covid_hours_for,81795,2021-08-02,Понедельник,15:00,216,196,20,513,29,-297,-326
7916,hosp_covid_dis_covid_hours_for,81797,2021-08-02,Понедельник,16:00,258,230,28,581,29,-323,-352
7917,hosp_covid_dis_covid_hours_for,81799,2021-08-02,Понедельник,17:00,317,283,34,652,30,-335,-365
7918,hosp_covid_dis_covid_hours_for,81801,2021-08-02,Понедельник,18:00,359,321,38,627,27,-268,-295
7919,hosp_covid_dis_covid_hours_for,81803,2021-08-02,Понедельник,19:00,393,346,47,635,27,-242,-269
7920,hosp_covid_dis_covid_hours_for,81805,2021-08-02,Понедельник,20:00,430,377,53,645,28,-215,-243
7921,hosp_covid_dis_covid_hours_for,81807,2021-08-02,Понедельник,21:00,459,401,58,655,28,-196,-224
7922,hosp_covid_dis_covid_hours_for,81809,2021-08-02,Понедельник,22:00,499,434,65,656,28,-157,-185
7923,hosp_covid_dis_covid_hours_for,81815,2021-08-02,Понедельник,23:00,530,462,68,660,28,-130,-158
7924,hosp_covid_dis_covid_hours_for,81818,2021-08-03,Вторник,01:00,13,13,0,5,0,8,8
7925,hosp_covid_dis_covid_hours_for,81819,2021-08-02,Понедельник,сутки,565,496,69,664,28,-99,-127
7926,hosp_covid_dis_covid_hours_for,81821,2021-08-03,Вторник,02:00,30,29,1,5,0,25,25
7927,hosp_covid_dis_covid_hours_for,81823,2021-08-03,Вторник,03:00,52,51,1,7,0,45,45
7928,hosp_covid_dis_covid_hours_for,81825,2021-08-03,Вторник,04:00,74,73,1,7,0,67,67
7929,hosp_covid_dis_covid_hours_for,81827,2021-08-03,Вторник,05:00,87,86,1,7,0,80,80
7930,hosp_covid_dis_covid_hours_for,81829,2021-08-03,Вторник,06:00,94,93,1,8,0,86,86
7931,hosp_covid_dis_covid_hours_for,81831,2021-08-03,Вторник,07:00,102,101,1,14,0,88,88
7932,hosp_covid_dis_covid_hours_for,81833,2021-08-03,Вторник,08:00,108,107,1,23,0,85,85
7933,hosp_covid_dis_covid_hours_for,81835,2021-08-03,Вторник,09:00,113,112,1,55,1,58,57
7934,hosp_covid_dis_covid_hours_for,81837,2021-08-03,Вторник,10:00,116,115,1,105,2,11,9
7935,hosp_covid_dis_covid_hours_for,81839,2021-08-03,Вторник,11:00,135,133,2,165,2,-30,-32
7936,hosp_covid_dis_covid_hours_for,81841,2021-08-03,Вторник,12:00,160,156,4,264,7,-104,-111
7937,hosp_covid_dis_covid_hours_for,81843,2021-08-03,Вторник,13:00,188,183,5,350,14,-162,-176
7938,hosp_covid_dis_covid_hours_for,81845,2021-08-03,Вторник,14:00,226,213,13,420,30,-194,-224
7939,hosp_covid_dis_covid_hours_for,81847,2021-08-03,Вторник,15:00,255,241,14,482,31,-227,-258
7940,hosp_covid_dis_covid_hours_for,81849,2021-08-03,Вторник,16:00,305,286,19,516,32,-211,-243
7941,hosp_covid_dis_covid_hours_for,81851,2021-08-03,Вторник,17:00,354,330,24,563,33,-209,-242
7942,hosp_covid_dis_covid_hours_for,81853,2021-08-03,Вторник,18:00,391,361,30,587,33,-196,-229
7943,hosp_covid_dis_covid_hours_for,81855,2021-08-03,Вторник,19:00,434,400,34,605,33,-171,-204
7944,hosp_covid_dis_covid_hours_for,81857,2021-08-03,Вторник,20:00,465,428,37,613,33,-148,-181
7945,hosp_covid_dis_covid_hours_for,81859,2021-08-03,Вторник,21:00,496,458,38,617,33,-121,-154
7946,hosp_covid_dis_covid_hours_for,81861,2021-08-03,Вторник,22:00,519,479,40,620,33,-101,-134
7947,hosp_covid_dis_covid_hours_for,81867,2021-08-03,Вторник,23:00,542,502,40,621,33,-79,-112
7948,hosp_covid_dis_covid_hours_for,81870,2021-08-04,Среда,01:00,15,15,0,1,0,14,14
7949,hosp_covid_dis_covid_hours_for,81871,2021-08-03,Вторник,сутки,567,526,41,623,33,-56,-89
7950,hosp_covid_dis_covid_hours_for,81873,2021-08-04,Среда,02:00,31,31,0,2,0,29,29
7951,hosp_covid_dis_covid_hours_for,81875,2021-08-04,Среда,03:00,45,45,0,2,0,43,43
7952,hosp_covid_dis_covid_hours_for,81877,2021-08-04,Среда,04:00,59,59,0,2,0,57,57
7953,hosp_covid_dis_covid_hours_for,81879,2021-08-04,Среда,05:00,70,70,0,3,0,67,67
7954,hosp_covid_dis_covid_hours_for,81881,2021-08-04,Среда,06:00,76,76,0,4,0,72,72
7955,hosp_covid_dis_covid_hours_for,81883,2021-08-04,Среда,07:00,84,84,0,12,0,72,72
7956,hosp_covid_dis_covid_hours_for,81885,2021-08-04,Среда,08:00,90,90,0,23,1,67,66
7957,hosp_covid_dis_covid_hours_for,81887,2021-08-04,Среда,09:00,100,100,0,62,6,38,32
7958,hosp_covid_dis_covid_hours_for,81889,2021-08-04,Среда,10:00,102,102,0,129,6,-27,-33
7959,hosp_covid_dis_covid_hours_for,81891,2021-08-04,Среда,11:00,115,115,0,217,5,-102,-107
7960,hosp_covid_dis_covid_hours_for,81893,2021-08-04,Среда,12:00,147,145,2,267,7,-120,-127
7961,hosp_covid_dis_covid_hours_for,81895,2021-08-04,Среда,13:00,183,176,7,336,11,-153,-164
7962,hosp_covid_dis_covid_hours_for,81897,2021-08-04,Среда,14:00,217,206,11,411,25,-194,-219
7963,hosp_covid_dis_covid_hours_for,81899,2021-08-04,Среда,15:00,262,250,12,463,29,-201,-230
7964,hosp_covid_dis_covid_hours_for,81901,2021-08-04,Среда,16:00,298,281,17,501,31,-203,-234
7965,hosp_covid_dis_covid_hours_for,81903,2021-08-04,Среда,17:00,340,314,26,524,31,-184,-215
7966,hosp_covid_dis_covid_hours_for,81905,2021-08-04,Среда,18:00,376,345,31,535,31,-159,-190
7967,hosp_covid_dis_covid_hours_for,81907,2021-08-04,Среда,19:00,412,379,33,550,31,-138,-169
7968,hosp_covid_dis_covid_hours_for,81909,2021-08-04,Среда,20:00,455,419,36,565,31,-110,-141
7969,hosp_covid_dis_covid_hours_for,81911,2021-08-04,Среда,21:00,496,457,39,574,31,-78,-109
7970,hosp_covid_dis_covid_hours_for,81913,2021-08-04,Среда,22:00,518,479,39,577,32,-59,-91
7971,hosp_covid_dis_covid_hours_for,81919,2021-08-04,Среда,23:00,539,500,39,579,32,-40,-72
7972,hosp_covid_dis_covid_hours_for,81922,2021-08-05,Четверг,01:00,15,15,0,11,0,4,4
7973,hosp_covid_dis_covid_hours_for,81925,2021-08-05,Четверг,02:00,27,27,0,16,0,11,11
7974,hosp_covid_dis_covid_hours_for,81927,2021-08-05,Четверг,03:00,41,41,0,16,0,25,25
7975,hosp_covid_dis_covid_hours_for,81929,2021-08-05,Четверг,04:00,46,46,0,16,0,30,30
7976,hosp_covid_dis_covid_hours_for,81931,2021-08-05,Четверг,05:00,51,51,0,17,0,34,34
7977,hosp_covid_dis_covid_hours_for,81933,2021-08-05,Четверг,06:00,55,55,0,18,0,37,37
7978,hosp_covid_dis_covid_hours_for,81935,2021-08-05,Четверг,07:00,56,56,0,27,0,29,29
7979,hosp_covid_dis_covid_hours_for,81937,2021-08-05,Четверг,08:00,66,66,0,32,2,34,32
7980,hosp_covid_dis_covid_hours_for,81939,2021-08-05,Четверг,09:00,73,73,0,67,4,6,2
7981,hosp_covid_dis_covid_hours_for,81941,2021-08-05,Четверг,10:00,76,76,0,114,4,-38,-42
7982,hosp_covid_dis_covid_hours_for,81943,2021-08-05,Четверг,11:00,84,82,2,203,5,-119,-124
7983,hosp_covid_dis_covid_hours_for,81945,2021-08-05,Четверг,12:00,102,98,4,275,9,-173,-182
7984,hosp_covid_dis_covid_hours_for,81947,2021-08-05,Четверг,13:00,133,129,4,362,17,-229,-246
7985,hosp_covid_dis_covid_hours_for,81949,2021-08-05,Четверг,14:00,172,162,10,430,28,-258,-286
7986,hosp_covid_dis_covid_hours_for,81951,2021-08-05,Четверг,15:00,222,208,14,489,30,-267,-297
7987,hosp_covid_dis_covid_hours_for,81953,2021-08-05,Четверг,16:00,260,240,20,525,30,-265,-295
7988,hosp_covid_dis_covid_hours_for,81955,2021-08-05,Четверг,17:00,301,274,27,554,33,-253,-286
7989,hosp_covid_dis_covid_hours_for,81957,2021-08-05,Четверг,18:00,332,303,29,513,34,-181,-215
7990,hosp_covid_dis_covid_hours_for,81959,2021-08-05,Четверг,19:00,374,343,31,520,34,-146,-180
7991,hosp_covid_dis_covid_hours_for,81961,2021-08-05,Четверг,20:00,402,370,32,542,35,-140,-175
7992,hosp_covid_dis_covid_hours_for,81963,2021-08-05,Четверг,21:00,437,404,33,568,36,-131,-167
7993,hosp_covid_dis_covid_hours_for,81965,2021-08-05,Четверг,22:00,473,437,36,572,36,-99,-135
7994,hosp_covid_dis_covid_hours_for,81971,2021-08-05,Четверг,23:00,475,439,36,572,36,-97,-133
7995,hosp_covid_dis_covid_hours_for,81972,2021-08-04,Среда,сутки,559,519,40,582,32,-23,-55
7996,hosp_covid_dis_covid_hours_for,81974,2021-08-06,Пятница,01:00,9,9,0,7,0,2,2
7997,hosp_covid_dis_covid_hours_for,81977,2021-08-06,Пятница,02:00,20,20,0,8,0,12,12
7998,hosp_covid_dis_covid_hours_for,81979,2021-08-06,Пятница,03:00,37,37,0,8,1,29,28
7999,hosp_covid_dis_covid_hours_for,81981,2021-08-06,Пятница,04:00,44,44,0,8,1,36,35
8000,hosp_covid_dis_covid_hours_for,81983,2021-08-06,Пятница,05:00,48,48,0,9,1,39,38
8001,hosp_covid_dis_covid_hours_for,81985,2021-08-06,Пятница,06:00,54,54,0,9,1,45,44
8002,hosp_covid_dis_covid_hours_for,81987,2021-08-06,Пятница,07:00,61,61,0,17,1,44,43
8003,hosp_covid_dis_covid_hours_for,81989,2021-08-06,Пятница,08:00,63,63,0,30,3,33,30
8004,hosp_covid_dis_covid_hours_for,81991,2021-08-06,Пятница,09:00,68,68,0,54,3,14,11
8005,hosp_covid_dis_covid_hours_for,81993,2021-08-06,Пятница,10:00,79,78,1,124,4,-45,-49
8006,hosp_covid_dis_covid_hours_for,81995,2021-08-06,Пятница,11:00,97,93,4,202,10,-105,-115
8007,hosp_covid_dis_covid_hours_for,81997,2021-08-06,Пятница,12:00,132,126,6,268,14,-136,-150
8008,hosp_covid_dis_covid_hours_for,81999,2021-08-06,Пятница,13:00,160,151,9,379,23,-219,-242
8009,hosp_covid_dis_covid_hours_for,82001,2021-08-06,Пятница,14:00,202,188,14,460,33,-258,-291
8010,hosp_covid_dis_covid_hours_for,82003,2021-08-06,Пятница,15:00,242,226,16,523,34,-281,-315
8011,hosp_covid_dis_covid_hours_for,82005,2021-08-06,Пятница,16:00,284,261,23,590,34,-306,-340
8012,hosp_covid_dis_covid_hours_for,82007,2021-08-06,Пятница,17:00,316,292,24,631,35,-315,-350
8013,hosp_covid_dis_covid_hours_for,82009,2021-08-06,Пятница,18:00,350,323,27,650,35,-300,-335
8014,hosp_covid_dis_covid_hours_for,82011,2021-08-06,Пятница,19:00,398,366,32,666,37,-268,-305
8015,hosp_covid_dis_covid_hours_for,82013,2021-08-06,Пятница,20:00,428,394,34,625,15,-197,-212
8016,hosp_covid_dis_covid_hours_for,82015,2021-08-06,Пятница,21:00,458,423,35,637,15,-179,-194
8017,hosp_covid_dis_covid_hours_for,82017,2021-08-06,Пятница,22:00,484,449,35,638,15,-154,-169
8018,hosp_covid_dis_covid_hours_for,82023,2021-08-06,Пятница,23:00,510,475,35,642,15,-132,-147
8019,hosp_covid_dis_covid_hours_for,82024,2021-08-05,Четверг,сутки,497,461,36,575,37,-78,-115
8020,hosp_covid_dis_covid_hours_for,82026,2021-08-07,Суббота,01:00,16,16,0,6,0,10,10
8021,hosp_covid_dis_covid_hours_for,82027,2021-08-06,Пятница,сутки,535,497,38,645,15,-110,-125
8022,hosp_covid_dis_covid_hours_for,82029,2021-08-07,Суббота,02:00,34,34,0,6,0,28,28
8023,hosp_covid_dis_covid_hours_for,82031,2021-08-07,Суббота,03:00,51,50,1,8,0,43,43
8024,hosp_covid_dis_covid_hours_for,82033,2021-08-07,Суббота,04:00,61,59,2,9,0,52,52
8025,hosp_covid_dis_covid_hours_for,82035,2021-08-07,Суббота,05:00,65,63,2,9,0,56,56
8026,hosp_covid_dis_covid_hours_for,82037,2021-08-07,Суббота,06:00,68,66,2,9,0,59,59
8027,hosp_covid_dis_covid_hours_for,82039,2021-08-07,Суббота,07:00,71,68,3,10,0,61,61
8028,hosp_covid_dis_covid_hours_for,82041,2021-08-07,Суббота,08:00,74,71,3,21,0,53,53
8029,hosp_covid_dis_covid_hours_for,82043,2021-08-07,Суббота,09:00,76,72,4,43,0,33,33
8030,hosp_covid_dis_covid_hours_for,82045,2021-08-07,Суббота,10:00,80,76,4,67,0,13,13
8031,hosp_covid_dis_covid_hours_for,82047,2021-08-07,Суббота,11:00,90,86,4,121,2,-31,-33
8032,hosp_covid_dis_covid_hours_for,82049,2021-08-07,Суббота,12:00,110,106,4,151,6,-41,-47
8033,hosp_covid_dis_covid_hours_for,82051,2021-08-07,Суббота,13:00,131,124,7,195,6,-64,-70
8034,hosp_covid_dis_covid_hours_for,82053,2021-08-07,Суббота,14:00,164,152,12,243,6,-79,-85
8035,hosp_covid_dis_covid_hours_for,82055,2021-08-07,Суббота,15:00,186,174,12,264,6,-78,-84
8036,hosp_covid_dis_covid_hours_for,82057,2021-08-07,Суббота,16:00,209,196,13,277,6,-68,-74
8037,hosp_covid_dis_covid_hours_for,82059,2021-08-07,Суббота,17:00,242,226,16,283,6,-41,-47
8038,hosp_covid_dis_covid_hours_for,82061,2021-08-07,Суббота,18:00,274,256,18,291,6,-17,-23
8039,hosp_covid_dis_covid_hours_for,82063,2021-08-07,Суббота,19:00,303,282,21,310,6,-7,-13
8040,hosp_covid_dis_covid_hours_for,82065,2021-08-07,Суббота,20:00,325,300,25,333,6,-8,-14
8041,hosp_covid_dis_covid_hours_for,82067,2021-08-07,Суббота,21:00,345,318,27,338,7,7,0
8042,hosp_covid_dis_covid_hours_for,82069,2021-08-07,Суббота,22:00,371,342,29,340,7,31,24
8043,hosp_covid_dis_covid_hours_for,82075,2021-08-07,Суббота,23:00,393,364,29,342,7,51,44
8044,hosp_covid_dis_covid_hours_for,82078,2021-08-08,Воскресенье,01:00,9,9,0,5,0,4,4
8045,hosp_covid_dis_covid_hours_for,82081,2021-08-08,Воскресенье,02:00,22,22,0,5,0,17,17
8046,hosp_covid_dis_covid_hours_for,82083,2021-08-08,Воскресенье,03:00,31,31,0,5,0,26,26
8047,hosp_covid_dis_covid_hours_for,82085,2021-08-08,Воскресенье,04:00,41,41,0,6,0,35,35
8048,hosp_covid_dis_covid_hours_for,82087,2021-08-08,Воскресенье,05:00,48,48,0,6,0,42,42
8049,hosp_covid_dis_covid_hours_for,82089,2021-08-08,Воскресенье,06:00,53,52,1,6,0,47,47
8050,hosp_covid_dis_covid_hours_for,82091,2021-08-08,Воскресенье,07:00,55,54,1,9,0,46,46
8051,hosp_covid_dis_covid_hours_for,82093,2021-08-08,Воскресенье,08:00,56,55,1,18,0,38,38
8052,hosp_covid_dis_covid_hours_for,82095,2021-08-08,Воскресенье,09:00,61,60,1,35,0,26,26
8053,hosp_covid_dis_covid_hours_for,82097,2021-08-08,Воскресенье,10:00,66,64,2,75,1,-9,-10
8054,hosp_covid_dis_covid_hours_for,82099,2021-08-08,Воскресенье,11:00,72,70,2,97,3,-25,-28
8055,hosp_covid_dis_covid_hours_for,82101,2021-08-08,Воскресенье,12:00,88,85,3,132,3,-44,-47
8056,hosp_covid_dis_covid_hours_for,82103,2021-08-08,Воскресенье,13:00,104,99,5,164,5,-60,-65
8057,hosp_covid_dis_covid_hours_for,82105,2021-08-08,Воскресенье,14:00,122,115,7,171,5,-49,-54
8058,hosp_covid_dis_covid_hours_for,82107,2021-08-08,Воскресенье,15:00,150,142,8,187,5,-37,-42
8059,hosp_covid_dis_covid_hours_for,82109,2021-08-08,Воскресенье,16:00,172,161,11,193,6,-21,-27
8060,hosp_covid_dis_covid_hours_for,82111,2021-08-08,Воскресенье,17:00,192,181,11,199,12,-7,-19
8061,hosp_covid_dis_covid_hours_for,82113,2021-08-08,Воскресенье,18:00,208,195,13,205,12,3,-9
8062,hosp_covid_dis_covid_hours_for,82115,2021-08-08,Воскресенье,19:00,229,214,15,211,12,18,6
8063,hosp_covid_dis_covid_hours_for,82117,2021-08-08,Воскресенье,20:00,249,233,16,216,12,33,21
8064,hosp_covid_dis_covid_hours_for,82119,2021-08-08,Воскресенье,21:00,268,252,16,221,12,47,35
8065,hosp_covid_dis_covid_hours_for,82121,2021-08-08,Воскресенье,22:00,280,264,16,222,12,58,46
8066,hosp_covid_dis_covid_hours_for,82127,2021-08-08,Воскресенье,23:00,295,279,16,223,12,72,60
8067,hosp_covid_dis_covid_hours_for,82128,2021-08-07,Суббота,сутки,422,392,30,343,7,79,72
8068,hosp_covid_dis_covid_hours_for,82130,2021-08-09,Понедельник,01:00,13,13,0,6,0,7,7
8069,hosp_covid_dis_covid_hours_for,82133,2021-08-09,Понедельник,02:00,23,23,0,7,0,16,16
8070,hosp_covid_dis_covid_hours_for,82135,2021-08-09,Понедельник,03:00,36,36,0,8,0,28,28
8071,hosp_covid_dis_covid_hours_for,82137,2021-08-09,Понедельник,04:00,40,40,0,8,0,32,32
8072,hosp_covid_dis_covid_hours_for,82139,2021-08-09,Понедельник,05:00,42,42,0,8,0,34,34
8073,hosp_covid_dis_covid_hours_for,82141,2021-08-09,Понедельник,06:00,48,48,0,8,0,40,40
8074,hosp_covid_dis_covid_hours_for,82143,2021-08-09,Понедельник,07:00,50,50,0,14,0,36,36
8075,hosp_covid_dis_covid_hours_for,82145,2021-08-09,Понедельник,08:00,54,54,0,23,0,31,31
8076,hosp_covid_dis_covid_hours_for,82147,2021-08-09,Понедельник,09:00,55,55,0,42,0,13,13
8077,hosp_covid_dis_covid_hours_for,82149,2021-08-09,Понедельник,10:00,60,60,0,65,0,-5,-5
8078,hosp_covid_dis_covid_hours_for,82151,2021-08-09,Понедельник,11:00,72,70,2,115,1,-43,-44
8079,hosp_covid_dis_covid_hours_for,82153,2021-08-09,Понедельник,12:00,92,89,3,186,9,-94,-103
8080,hosp_covid_dis_covid_hours_for,82155,2021-08-09,Понедельник,13:00,116,111,5,268,10,-152,-162
8081,hosp_covid_dis_covid_hours_for,82157,2021-08-09,Понедельник,14:00,173,163,10,336,16,-163,-179
8082,hosp_covid_dis_covid_hours_for,82159,2021-08-09,Понедельник,15:00,204,191,13,383,16,-179,-195
8083,hosp_covid_dis_covid_hours_for,82161,2021-08-09,Понедельник,16:00,248,234,14,424,16,-176,-192
8084,hosp_covid_dis_covid_hours_for,82163,2021-08-09,Понедельник,17:00,291,272,19,458,16,-167,-183
8085,hosp_covid_dis_covid_hours_for,82165,2021-08-09,Понедельник,18:00,337,317,20,477,16,-140,-156
8086,hosp_covid_dis_covid_hours_for,82167,2021-08-09,Понедельник,19:00,377,353,24,502,16,-125,-141
8087,hosp_covid_dis_covid_hours_for,82169,2021-08-09,Понедельник,20:00,408,382,26,529,16,-121,-137
8088,hosp_covid_dis_covid_hours_for,82171,2021-08-09,Понедельник,21:00,431,404,27,539,16,-108,-124
8089,hosp_covid_dis_covid_hours_for,82173,2021-08-09,Понедельник,22:00,465,436,29,543,16,-78,-94
8090,hosp_covid_dis_covid_hours_for,82179,2021-08-09,Понедельник,23:00,490,457,33,548,16,-58,-74
8091,hosp_covid_dis_covid_hours_for,82180,2021-08-08,Воскресенье,сутки,313,297,16,226,12,87,75
8092,hosp_covid_dis_covid_hours_for,82182,2021-08-10,Вторник,01:00,9,9,0,4,0,5,5
8093,hosp_covid_dis_covid_hours_for,82183,2021-08-09,Понедельник,сутки,520,484,36,550,16,-30,-46
8094,hosp_covid_dis_covid_hours_for,82185,2021-08-10,Вторник,02:00,28,28,0,5,0,23,23
8095,hosp_covid_dis_covid_hours_for,82187,2021-08-10,Вторник,03:00,44,44,0,7,0,37,37
8096,hosp_covid_dis_covid_hours_for,82189,2021-08-10,Вторник,04:00,59,59,0,7,2,52,50
8097,hosp_covid_dis_covid_hours_for,82191,2021-08-10,Вторник,05:00,74,74,0,9,2,65,63
8098,hosp_covid_dis_covid_hours_for,82193,2021-08-10,Вторник,06:00,76,76,0,12,2,64,62
8099,hosp_covid_dis_covid_hours_for,82195,2021-08-10,Вторник,07:00,82,82,0,14,2,68,66
8100,hosp_covid_dis_covid_hours_for,82197,2021-08-10,Вторник,08:00,84,84,0,24,2,60,58
8101,hosp_covid_dis_covid_hours_for,82199,2021-08-10,Вторник,09:00,105,105,0,66,2,39,37
8102,hosp_covid_dis_covid_hours_for,82201,2021-08-10,Вторник,10:00,107,107,0,113,2,-6,-8
8103,hosp_covid_dis_covid_hours_for,82203,2021-08-10,Вторник,11:00,118,118,0,179,4,-61,-65
8104,hosp_covid_dis_covid_hours_for,82205,2021-08-10,Вторник,12:00,146,145,1,227,7,-81,-88
8105,hosp_covid_dis_covid_hours_for,82207,2021-08-10,Вторник,13:00,180,175,5,290,9,-110,-119
8106,hosp_covid_dis_covid_hours_for,82209,2021-08-10,Вторник,14:01,213,206,7,354,16,-141,-157
8107,hosp_covid_dis_covid_hours_for,82211,2021-08-10,Вторник,15:00,242,232,10,404,18,-162,-180
8108,hosp_covid_dis_covid_hours_for,82213,2021-08-10,Вторник,16:00,277,262,15,441,22,-164,-186
8109,hosp_covid_dis_covid_hours_for,82215,2021-08-10,Вторник,17:00,309,294,15,457,25,-148,-173
8110,hosp_covid_dis_covid_hours_for,82217,2021-08-10,Вторник,18:00,345,329,16,486,26,-141,-167
8111,hosp_covid_dis_covid_hours_for,82219,2021-08-10,Вторник,19:00,386,366,20,501,29,-115,-144
8112,hosp_covid_dis_covid_hours_for,82221,2021-08-10,Вторник,20:00,420,396,24,539,31,-119,-150
8113,hosp_covid_dis_covid_hours_for,82223,2021-08-10,Вторник,21:00,456,431,25,552,35,-96,-131
8114,hosp_covid_dis_covid_hours_for,82225,2021-08-10,Вторник,22:00,479,452,27,553,39,-74,-113
8115,hosp_covid_dis_covid_hours_for,82231,2021-08-10,Вторник,23:00,504,476,28,555,41,-51,-92
8116,hosp_covid_dis_covid_hours_for,82234,2021-08-11,Среда,01:00,12,12,0,6,0,6,6
8117,hosp_covid_dis_covid_hours_for,82237,2021-08-11,Среда,02:00,32,32,0,6,0,26,26
8118,hosp_covid_dis_covid_hours_for,82239,2021-08-11,Среда,03:00,41,41,0,8,1,33,32
8119,hosp_covid_dis_covid_hours_for,82241,2021-08-11,Среда,04:00,53,53,0,8,4,45,41
8120,hosp_covid_dis_covid_hours_for,82243,2021-08-11,Среда,05:00,58,58,0,10,4,48,44
8121,hosp_covid_dis_covid_hours_for,82245,2021-08-11,Среда,06:00,62,62,0,10,4,52,48
8122,hosp_covid_dis_covid_hours_for,82247,2021-08-11,Среда,07:00,65,65,0,14,5,51,46
8123,hosp_covid_dis_covid_hours_for,82249,2021-08-11,Среда,08:00,67,67,0,27,5,40,35
8124,hosp_covid_dis_covid_hours_for,82251,2021-08-11,Среда,09:00,69,69,0,70,5,-1,-6
8125,hosp_covid_dis_covid_hours_for,82253,2021-08-11,Среда,10:00,79,78,1,112,5,-33,-38
8126,hosp_covid_dis_covid_hours_for,82255,2021-08-11,Среда,11:00,88,87,1,160,5,-72,-77
8127,hosp_covid_dis_covid_hours_for,82257,2021-08-11,Среда,12:00,107,105,2,221,1,-114,-115
8128,hosp_covid_dis_covid_hours_for,82259,2021-08-11,Среда,13:00,144,140,4,280,3,-136,-139
8129,hosp_covid_dis_covid_hours_for,82261,2021-08-11,Среда,14:00,187,178,9,341,8,-154,-162
8130,hosp_covid_dis_covid_hours_for,82263,2021-08-11,Среда,15:00,218,207,11,394,8,-176,-184
8131,hosp_covid_dis_covid_hours_for,82265,2021-08-11,Среда,16:00,247,234,13,438,8,-191,-199
8132,hosp_covid_dis_covid_hours_for,82267,2021-08-11,Среда,17:00,287,266,21,441,8,-154,-162
8133,hosp_covid_dis_covid_hours_for,82269,2021-08-11,Среда,18:00,328,301,27,452,9,-124,-133
8134,hosp_covid_dis_covid_hours_for,82271,2021-08-11,Среда,19:00,374,344,30,463,9,-89,-98
8135,hosp_covid_dis_covid_hours_for,82273,2021-08-11,Среда,20:00,415,381,34,488,10,-73,-83
8136,hosp_covid_dis_covid_hours_for,82275,2021-08-11,Среда,21:00,430,395,35,530,12,-100,-112
8137,hosp_covid_dis_covid_hours_for,82277,2021-08-11,Среда,22:00,452,417,35,533,16,-81,-97
8138,hosp_covid_dis_covid_hours_for,82283,2021-08-11,Среда,23:00,479,442,37,537,16,-58,-74
8139,hosp_covid_dis_covid_hours_for,82284,2021-08-10,Вторник,сутки,526,498,28,559,43,-33,-76
8140,hosp_covid_dis_covid_hours_for,82286,2021-08-12,Четверг,01:00,10,10,0,0,0,10,10
8141,hosp_covid_dis_covid_hours_for,82289,2021-08-12,Четверг,02:00,18,18,0,0,0,18,18
8142,hosp_covid_dis_covid_hours_for,82291,2021-08-12,Четверг,03:00,26,26,0,1,0,25,25
8143,hosp_covid_dis_covid_hours_for,82293,2021-08-12,Четверг,04:00,34,34,0,2,0,32,32
8144,hosp_covid_dis_covid_hours_for,82295,2021-08-12,Четверг,05:00,41,41,0,4,0,37,37
8145,hosp_covid_dis_covid_hours_for,82297,2021-08-12,Четверг,06:00,50,50,0,8,0,42,42
8146,hosp_covid_dis_covid_hours_for,82299,2021-08-12,Четверг,07:00,53,53,0,16,0,37,37
8147,hosp_covid_dis_covid_hours_for,82301,2021-08-12,Четверг,08:00,54,54,0,28,0,26,26
8148,hosp_covid_dis_covid_hours_for,82303,2021-08-12,Четверг,09:00,62,62,0,62,0,0,0
8149,hosp_covid_dis_covid_hours_for,82305,2021-08-12,Четверг,10:00,68,66,2,93,0,-25,-25
8150,hosp_covid_dis_covid_hours_for,82307,2021-08-12,Четверг,11:00,85,82,3,145,0,-60,-60
8151,hosp_covid_dis_covid_hours_for,82309,2021-08-12,Четверг,12:00,104,100,4,211,1,-107,-108
8152,hosp_covid_dis_covid_hours_for,82311,2021-08-12,Четверг,13:00,132,127,5,260,3,-128,-131
8153,hosp_covid_dis_covid_hours_for,82313,2021-08-12,Четверг,14:00,164,157,7,316,9,-152,-161
8154,hosp_covid_dis_covid_hours_for,82315,2021-08-12,Четверг,15:00,194,187,7,382,12,-188,-200
8155,hosp_covid_dis_covid_hours_for,82317,2021-08-12,Четверг,16:00,227,215,12,422,12,-195,-207
8156,hosp_covid_dis_covid_hours_for,82319,2021-08-12,Четверг,17:00,257,239,18,456,12,-199,-211
8157,hosp_covid_dis_covid_hours_for,82321,2021-08-12,Четверг,18:00,287,267,20,475,12,-188,-200
8158,hosp_covid_dis_covid_hours_for,82323,2021-08-12,Четверг,19:00,308,286,22,488,16,-180,-196
8159,hosp_covid_dis_covid_hours_for,82325,2021-08-12,Четверг,20:00,332,305,27,490,16,-158,-174
8160,hosp_covid_dis_covid_hours_for,82327,2021-08-12,Четверг,21:00,354,327,27,495,17,-141,-158
8161,hosp_covid_dis_covid_hours_for,82329,2021-08-12,Четверг,22:00,378,350,28,497,17,-119,-136
8162,hosp_covid_dis_covid_hours_for,82335,2021-08-12,Четверг,23:00,397,368,29,499,17,-102,-119
8163,hosp_covid_dis_covid_hours_for,82336,2021-08-11,Среда,сутки,498,461,37,543,16,-45,-61
8164,hosp_covid_dis_covid_hours_for,82338,2021-08-13,Пятница,01:00,7,7,0,11,0,-4,-4
8165,hosp_covid_dis_covid_hours_for,82341,2021-08-13,Пятница,02:00,15,15,0,11,0,4,4
8166,hosp_covid_dis_covid_hours_for,82343,2021-08-13,Пятница,02:59,26,26,0,12,0,14,14
8167,hosp_covid_dis_covid_hours_for,82345,2021-08-13,Пятница,04:00,36,36,0,12,0,24,24
8168,hosp_covid_dis_covid_hours_for,82347,2021-08-13,Пятница,05:00,47,47,0,14,0,33,33
8169,hosp_covid_dis_covid_hours_for,82349,2021-08-13,Пятница,06:00,53,53,0,15,0,38,38
8170,hosp_covid_dis_covid_hours_for,82351,2021-08-13,Пятница,07:00,58,58,0,18,0,40,40
8171,hosp_covid_dis_covid_hours_for,82353,2021-08-13,Пятница,08:00,61,61,0,26,0,35,35
8172,hosp_covid_dis_covid_hours_for,82355,2021-08-13,Пятница,09:00,67,67,0,65,0,2,2
8173,hosp_covid_dis_covid_hours_for,82357,2021-08-13,Пятница,10:00,70,69,1,131,0,-61,-61
8174,hosp_covid_dis_covid_hours_for,82359,2021-08-13,Пятница,11:00,86,84,2,177,3,-91,-94
8175,hosp_covid_dis_covid_hours_for,82361,2021-08-13,Пятница,12:00,108,106,2,263,6,-155,-161
8176,hosp_covid_dis_covid_hours_for,82363,2021-08-13,Пятница,13:00,145,141,4,336,8,-191,-199
8177,hosp_covid_dis_covid_hours_for,82365,2021-08-13,Пятница,14:00,177,172,5,390,13,-213,-226
8178,hosp_covid_dis_covid_hours_for,82367,2021-08-13,Пятница,15:00,216,207,9,430,14,-214,-228
8179,hosp_covid_dis_covid_hours_for,82369,2021-08-13,Пятница,16:00,246,234,12,494,15,-248,-263
8180,hosp_covid_dis_covid_hours_for,82371,2021-08-13,Пятница,17:00,280,267,13,542,16,-262,-278
8181,hosp_covid_dis_covid_hours_for,82373,2021-08-13,Пятница,18:00,316,301,15,560,16,-244,-260
8182,hosp_covid_dis_covid_hours_for,82375,2021-08-13,Пятница,19:00,354,335,19,573,16,-219,-235
8183,hosp_covid_dis_covid_hours_for,82377,2021-08-13,Пятница,20:00,382,359,23,595,16,-213,-229
8184,hosp_covid_dis_covid_hours_for,82379,2021-08-13,Пятница,20:59,405,381,24,601,16,-196,-212
8185,hosp_covid_dis_covid_hours_for,82381,2021-08-13,Пятница,22:00,421,396,25,603,19,-182,-201
8186,hosp_covid_dis_covid_hours_for,82383,2021-08-13,Пятница,22:59,437,412,25,608,20,-171,-191
8187,hosp_covid_dis_covid_hours_for,82387,2021-08-13,Пятница,23:59,458,431,27,614,22,-156,-178
8188,hosp_covid_dis_covid_hours_for,82388,2021-08-12,Четверг,сутки,421,390,31,503,17,-82,-99
8189,hosp_covid_dis_covid_hours_for,82390,2021-08-14,Суббота,01:00,9,9,0,4,0,5,5
8190,hosp_covid_dis_covid_hours_for,82393,2021-08-14,Суббота,02:00,20,20,0,6,0,14,14
8191,hosp_covid_dis_covid_hours_for,82395,2021-08-14,Суббота,02:59,23,23,0,6,0,17,17
8192,hosp_covid_dis_covid_hours_for,82397,2021-08-14,Суббота,04:00,26,26,0,6,0,20,20
8193,hosp_covid_dis_covid_hours_for,82399,2021-08-14,Суббота,04:59,30,30,0,6,0,24,24
8194,hosp_covid_dis_covid_hours_for,82401,2021-08-14,Суббота,05:59,32,32,0,7,0,25,25
8195,hosp_covid_dis_covid_hours_for,82403,2021-08-14,Суббота,07:00,35,35,0,10,0,25,25
8196,hosp_covid_dis_covid_hours_for,82405,2021-08-14,Суббота,07:59,36,36,0,22,0,14,14
8197,hosp_covid_dis_covid_hours_for,82407,2021-08-14,Суббота,09:00,36,36,0,41,0,-5,-5
8198,hosp_covid_dis_covid_hours_for,82409,2021-08-14,Суббота,10:00,38,38,0,81,0,-43,-43
8199,hosp_covid_dis_covid_hours_for,82411,2021-08-14,Суббота,10:59,50,50,0,119,4,-69,-73
8200,hosp_covid_dis_covid_hours_for,82413,2021-08-14,Суббота,12:00,71,71,0,164,8,-93,-101
8201,hosp_covid_dis_covid_hours_for,82415,2021-08-14,Суббота,12:59,94,91,3,193,8,-99,-107
8202,hosp_covid_dis_covid_hours_for,82417,2021-08-14,Суббота,14:00,117,114,3,223,8,-106,-114
8203,hosp_covid_dis_covid_hours_for,82419,2021-08-14,Суббота,15:00,142,136,6,249,8,-107,-115
8204,hosp_covid_dis_covid_hours_for,82421,2021-08-14,Суббота,16:00,164,154,10,267,8,-103,-111
8205,hosp_covid_dis_covid_hours_for,82423,2021-08-14,Суббота,16:59,181,168,13,282,8,-101,-109
8206,hosp_covid_dis_covid_hours_for,82425,2021-08-14,Суббота,18:00,206,189,17,287,8,-81,-89
8207,hosp_covid_dis_covid_hours_for,82427,2021-08-14,Суббота,18:59,224,205,19,299,8,-75,-83
8208,hosp_covid_dis_covid_hours_for,82429,2021-08-14,Суббота,20:00,243,219,24,300,8,-57,-65
8209,hosp_covid_dis_covid_hours_for,82431,2021-08-14,Суббота,20:59,259,235,24,303,10,-44,-54
8210,hosp_covid_dis_covid_hours_for,82433,2021-08-14,Суббота,21:59,275,251,24,310,11,-35,-46
8211,hosp_covid_dis_covid_hours_for,82435,2021-08-14,Суббота,23:00,290,264,26,312,11,-22,-33
8212,hosp_covid_dis_covid_hours_for,82439,2021-08-14,Суббота,23:59,307,281,26,316,11,-9,-20
8213,hosp_covid_dis_covid_hours_for,82440,2021-08-13,Пятница,сутки,461,434,27,615,22,-154,-176
8214,hosp_covid_dis_covid_hours_for,82442,2021-08-15,Воскресенье,01:00,10,10,0,0,0,10,10
8215,hosp_covid_dis_covid_hours_for,82443,2021-08-14,Суббота,сутки,308,282,26,316,11,-8,-19
8216,hosp_covid_dis_covid_hours_for,82445,2021-08-15,Воскресенье,01:59,18,18,0,0,0,18,18
8217,hosp_covid_dis_covid_hours_for,82447,2021-08-15,Воскресенье,03:00,22,22,0,1,0,21,21
8218,hosp_covid_dis_covid_hours_for,82449,2021-08-15,Воскресенье,04:00,31,31,0,3,0,28,28
8219,hosp_covid_dis_covid_hours_for,82451,2021-08-15,Воскресенье,04:59,40,40,0,4,0,36,36
8220,hosp_covid_dis_covid_hours_for,82453,2021-08-15,Воскресенье,06:00,43,43,0,6,0,37,37
8221,hosp_covid_dis_covid_hours_for,82455,2021-08-15,Воскресенье,06:59,46,46,0,11,0,35,35
8222,hosp_covid_dis_covid_hours_for,82457,2021-08-15,Воскресенье,07:59,46,46,0,21,0,25,25
8223,hosp_covid_dis_covid_hours_for,82459,2021-08-15,Воскресенье,08:59,49,49,0,36,0,13,13
8224,hosp_covid_dis_covid_hours_for,82461,2021-08-15,Воскресенье,09:59,54,54,0,61,1,-7,-8
8225,hosp_covid_dis_covid_hours_for,82463,2021-08-15,Воскресенье,10:59,65,64,1,114,3,-49,-52
8226,hosp_covid_dis_covid_hours_for,82465,2021-08-15,Воскресенье,11:59,82,81,1,136,10,-54,-64
8227,hosp_covid_dis_covid_hours_for,82467,2021-08-15,Воскресенье,12:59,97,93,4,170,11,-73,-84
8228,hosp_covid_dis_covid_hours_for,82469,2021-08-15,Воскресенье,13:59,108,103,5,194,11,-86,-97
8229,hosp_covid_dis_covid_hours_for,82471,2021-08-15,Воскресенье,15:00,130,121,9,204,11,-74,-85
8230,hosp_covid_dis_covid_hours_for,82473,2021-08-15,Воскресенье,15:59,146,137,9,228,11,-82,-93
8231,hosp_covid_dis_covid_hours_for,82475,2021-08-15,Воскресенье,17:00,162,153,9,234,11,-72,-83
8232,hosp_covid_dis_covid_hours_for,82477,2021-08-15,Воскресенье,18:00,184,174,10,242,11,-58,-69
8233,hosp_covid_dis_covid_hours_for,82479,2021-08-15,Воскресенье,19:00,201,191,10,256,11,-55,-66
8234,hosp_covid_dis_covid_hours_for,82481,2021-08-15,Воскресенье,20:00,215,204,11,264,11,-49,-60
8235,hosp_covid_dis_covid_hours_for,82483,2021-08-15,Воскресенье,21:00,228,216,12,267,11,-39,-50
8236,hosp_covid_dis_covid_hours_for,82485,2021-08-15,Воскресенье,22:00,246,234,12,269,11,-23,-34
8237,hosp_covid_dis_covid_hours_for,82491,2021-08-15,Воскресенье,23:00,255,243,12,272,11,-17,-28
8238,hosp_covid_dis_covid_hours_for,82494,2021-08-16,Понедельник,01:00,10,10,0,7,0,3,3
8239,hosp_covid_dis_covid_hours_for,82497,2021-08-16,Понедельник,02:00,15,15,0,8,0,7,7
8240,hosp_covid_dis_covid_hours_for,82499,2021-08-16,Понедельник,03:00,23,22,1,8,0,15,15
8241,hosp_covid_dis_covid_hours_for,82501,2021-08-16,Понедельник,04:00,26,25,1,9,0,17,17
8242,hosp_covid_dis_covid_hours_for,82503,2021-08-16,Понедельник,05:00,29,28,1,10,0,19,19
8243,hosp_covid_dis_covid_hours_for,82505,2021-08-16,Понедельник,06:00,31,30,1,12,0,19,19
8244,hosp_covid_dis_covid_hours_for,82507,2021-08-16,Понедельник,06:59,34,33,1,17,0,17,17
8245,hosp_covid_dis_covid_hours_for,82509,2021-08-16,Понедельник,07:59,37,36,1,22,0,15,15
8246,hosp_covid_dis_covid_hours_for,82511,2021-08-16,Понедельник,08:59,41,40,1,55,0,-14,-14
8247,hosp_covid_dis_covid_hours_for,82513,2021-08-16,Понедельник,09:59,58,57,1,94,0,-36,-36
8248,hosp_covid_dis_covid_hours_for,82515,2021-08-16,Понедельник,11:00,70,67,3,148,0,-78,-78
8249,hosp_covid_dis_covid_hours_for,82517,2021-08-16,Понедельник,12:00,91,88,3,200,3,-109,-112
8250,hosp_covid_dis_covid_hours_for,82519,2021-08-16,Понедельник,13:00,122,116,6,297,3,-175,-178
8251,hosp_covid_dis_covid_hours_for,82521,2021-08-16,Понедельник,14:00,146,138,8,359,7,-213,-220
8252,hosp_covid_dis_covid_hours_for,82523,2021-08-16,Понедельник,15:00,180,168,12,431,8,-251,-259
8253,hosp_covid_dis_covid_hours_for,82525,2021-08-16,Понедельник,16:00,204,188,16,464,8,-260,-268
8254,hosp_covid_dis_covid_hours_for,82527,2021-08-16,Понедельник,17:00,239,223,16,492,8,-253,-261
8255,hosp_covid_dis_covid_hours_for,82529,2021-08-16,Понедельник,17:59,265,246,19,501,10,-236,-246
8256,hosp_covid_dis_covid_hours_for,82531,2021-08-16,Понедельник,19:00,296,272,24,514,10,-218,-228
8257,hosp_covid_dis_covid_hours_for,82533,2021-08-16,Понедельник,20:00,332,306,26,548,10,-216,-226
8258,hosp_covid_dis_covid_hours_for,82535,2021-08-16,Понедельник,21:00,370,340,30,562,10,-192,-202
8259,hosp_covid_dis_covid_hours_for,82537,2021-08-16,Понедельник,22:00,389,354,35,567,11,-178,-189
8260,hosp_covid_dis_covid_hours_for,82539,2021-08-16,Понедельник,22:59,406,370,36,570,11,-164,-175
8261,hosp_covid_dis_covid_hours_for,82541,2021-08-16,Понедельник,23:59,430,393,37,572,11,-142,-153
8262,hosp_covid_dis_covid_hours_for,82543,2021-08-16,Понедельник,23:00,406,370,36,570,11,-164,-175
8263,hosp_covid_dis_covid_hours_for,82544,2021-08-15,Воскресенье,сутки,267,252,15,276,11,-9,-20
8264,hosp_covid_dis_covid_hours_for,82546,2021-08-17,Вторник,01:00,6,6,0,0,0,6,6
8265,hosp_covid_dis_covid_hours_for,82549,2021-08-17,Вторник,02:00,16,16,0,0,0,16,16
8266,hosp_covid_dis_covid_hours_for,82551,2021-08-17,Вторник,02:59,30,30,0,1,0,29,29
8267,hosp_covid_dis_covid_hours_for,82553,2021-08-17,Вторник,04:00,42,42,0,1,0,41,41
8268,hosp_covid_dis_covid_hours_for,82555,2021-08-17,Вторник,04:59,47,47,0,2,0,45,45
8269,hosp_covid_dis_covid_hours_for,82557,2021-08-17,Вторник,05:59,53,53,0,2,0,51,51
8270,hosp_covid_dis_covid_hours_for,82559,2021-08-17,Вторник,07:00,57,57,0,15,0,42,42
8271,hosp_covid_dis_covid_hours_for,82561,2021-08-17,Вторник,07:59,61,61,0,25,0,36,36
8272,hosp_covid_dis_covid_hours_for,82563,2021-08-17,Вторник,08:59,79,79,0,70,0,9,9
8273,hosp_covid_dis_covid_hours_for,82565,2021-08-17,Вторник,09:59,85,84,1,124,0,-39,-39
8274,hosp_covid_dis_covid_hours_for,82567,2021-08-17,Вторник,11:00,89,88,1,167,0,-78,-78
8275,hosp_covid_dis_covid_hours_for,82569,2021-08-17,Вторник,12:00,113,109,4,238,5,-125,-130
8276,hosp_covid_dis_covid_hours_for,82571,2021-08-17,Вторник,13:00,137,132,5,309,10,-172,-182
8277,hosp_covid_dis_covid_hours_for,82573,2021-08-17,Вторник,14:00,172,164,8,363,10,-191,-201
8278,hosp_covid_dis_covid_hours_for,82575,2021-08-17,Вторник,15:00,207,195,12,422,10,-215,-225
8279,hosp_covid_dis_covid_hours_for,82577,2021-08-17,Вторник,16:00,238,224,14,460,11,-222,-233
8280,hosp_covid_dis_covid_hours_for,82579,2021-08-17,Вторник,17:00,264,247,17,481,13,-217,-230
8281,hosp_covid_dis_covid_hours_for,82581,2021-08-17,Вторник,18:00,297,279,18,503,13,-206,-219
8282,hosp_covid_dis_covid_hours_for,82583,2021-08-17,Вторник,19:00,319,300,19,517,13,-198,-211
8283,hosp_covid_dis_covid_hours_for,82585,2021-08-17,Вторник,20:00,361,337,24,544,13,-183,-196
8284,hosp_covid_dis_covid_hours_for,82587,2021-08-17,Вторник,20:59,385,359,26,549,13,-164,-177
8285,hosp_covid_dis_covid_hours_for,82589,2021-08-17,Вторник,22:00,410,382,28,553,13,-143,-156
8286,hosp_covid_dis_covid_hours_for,82593,2021-08-17,Вторник,23:59,453,422,31,565,13,-112,-125
8287,hosp_covid_dis_covid_hours_for,82595,2021-08-17,Вторник,23:00,431,401,30,558,13,-127,-140
8288,hosp_covid_dis_covid_hours_for,82596,2021-08-16,Понедельник,сутки,432,395,37,573,11,-141,-152
8289,hosp_covid_dis_covid_hours_for,82598,2021-08-18,Среда,01:00,8,8,0,1,0,7,7
8290,hosp_covid_dis_covid_hours_for,82601,2021-08-18,Среда,02:00,21,21,0,1,0,20,20
8291,hosp_covid_dis_covid_hours_for,82603,2021-08-18,Среда,03:00,35,35,0,1,0,34,34
8292,hosp_covid_dis_covid_hours_for,82605,2021-08-18,Среда,04:00,37,37,0,3,0,34,34
8293,hosp_covid_dis_covid_hours_for,82607,2021-08-18,Среда,05:00,43,43,0,5,0,38,38
8294,hosp_covid_dis_covid_hours_for,82609,2021-08-18,Среда,06:00,47,47,0,5,0,42,42
8295,hosp_covid_dis_covid_hours_for,82611,2021-08-18,Среда,07:00,49,49,0,11,0,38,38
8296,hosp_covid_dis_covid_hours_for,82613,2021-08-18,Среда,08:00,53,53,0,18,0,35,35
8297,hosp_covid_dis_covid_hours_for,82615,2021-08-18,Среда,09:00,61,61,0,68,0,-7,-7
8298,hosp_covid_dis_covid_hours_for,82617,2021-08-18,Среда,10:00,66,65,1,121,0,-55,-55
8299,hosp_covid_dis_covid_hours_for,82619,2021-08-18,Среда,11:00,78,77,1,157,0,-79,-79
8300,hosp_covid_dis_covid_hours_for,82621,2021-08-18,Среда,12:00,99,97,2,231,2,-132,-134
8301,hosp_covid_dis_covid_hours_for,82623,2021-08-18,Среда,13:00,113,109,4,298,7,-185,-192
8302,hosp_covid_dis_covid_hours_for,82625,2021-08-18,Среда,14:00,145,138,7,367,24,-222,-246
8303,hosp_covid_dis_covid_hours_for,82627,2021-08-18,Среда,15:00,166,156,10,419,26,-253,-279
8304,hosp_covid_dis_covid_hours_for,82629,2021-08-18,Среда,16:00,187,176,11,452,27,-265,-292
8305,hosp_covid_dis_covid_hours_for,82631,2021-08-18,Среда,17:00,220,204,16,476,27,-256,-283
8306,hosp_covid_dis_covid_hours_for,82633,2021-08-18,Среда,18:00,247,224,23,490,28,-243,-271
8307,hosp_covid_dis_covid_hours_for,82635,2021-08-18,Среда,19:00,274,248,26,512,28,-238,-266
8308,hosp_covid_dis_covid_hours_for,82637,2021-08-18,Среда,20:00,313,284,29,531,30,-218,-248
8309,hosp_covid_dis_covid_hours_for,82639,2021-08-18,Среда,21:00,341,312,29,534,32,-193,-225
8310,hosp_covid_dis_covid_hours_for,82641,2021-08-18,Среда,22:00,366,336,30,538,32,-172,-204
8311,hosp_covid_dis_covid_hours_for,82647,2021-08-18,Среда,23:00,386,356,30,539,32,-153,-185
8312,hosp_covid_dis_covid_hours_for,82648,2021-08-17,Вторник,сутки,455,424,31,565,13,-110,-123
8313,hosp_covid_dis_covid_hours_for,82650,2021-08-19,Четверг,01:00,14,9,5,5,0,9,9
8314,hosp_covid_dis_covid_hours_for,82653,2021-08-19,Четверг,02:00,28,22,6,7,0,21,21
8315,hosp_covid_dis_covid_hours_for,82655,2021-08-19,Четверг,03:00,37,31,6,7,0,30,30
8316,hosp_covid_dis_covid_hours_for,82657,2021-08-19,Четверг,04:00,44,37,7,7,0,37,37
8317,hosp_covid_dis_covid_hours_for,82659,2021-08-19,Четверг,05:00,48,41,7,7,0,41,41
8318,hosp_covid_dis_covid_hours_for,82661,2021-08-19,Четверг,06:00,52,45,7,9,0,43,43
8319,hosp_covid_dis_covid_hours_for,82663,2021-08-19,Четверг,07:00,56,49,7,15,2,41,39
8320,hosp_covid_dis_covid_hours_for,82665,2021-08-19,Четверг,08:00,61,55,6,24,2,37,35
8321,hosp_covid_dis_covid_hours_for,82667,2021-08-19,Четверг,09:00,66,60,6,55,2,11,9
8322,hosp_covid_dis_covid_hours_for,82669,2021-08-19,Четверг,10:00,83,77,6,97,2,-14,-16
8323,hosp_covid_dis_covid_hours_for,82671,2021-08-19,Четверг,11:00,91,84,7,146,2,-55,-57
8324,hosp_covid_dis_covid_hours_for,82673,2021-08-19,Четверг,12:00,116,106,10,206,4,-90,-94
8325,hosp_covid_dis_covid_hours_for,82675,2021-08-19,Четверг,13:00,143,132,11,255,11,-112,-123
8326,hosp_covid_dis_covid_hours_for,82677,2021-08-19,Четверг,14:00,178,164,14,322,12,-144,-156
8327,hosp_covid_dis_covid_hours_for,82679,2021-08-19,Четверг,15:00,209,192,17,353,12,-144,-156
8328,hosp_covid_dis_covid_hours_for,82681,2021-08-19,Четверг,16:00,245,226,19,381,12,-136,-148
8329,hosp_covid_dis_covid_hours_for,82683,2021-08-19,Четверг,17:00,263,241,22,396,12,-133,-145
8330,hosp_covid_dis_covid_hours_for,82685,2021-08-19,Четверг,18:00,290,265,25,412,12,-122,-134
8331,hosp_covid_dis_covid_hours_for,82687,2021-08-19,Четверг,19:00,319,294,25,423,12,-104,-116
8332,hosp_covid_dis_covid_hours_for,82689,2021-08-19,Четверг,20:00,348,317,31,427,12,-79,-91
8333,hosp_covid_dis_covid_hours_for,82691,2021-08-19,Четверг,21:00,381,349,32,429,12,-48,-60
8334,hosp_covid_dis_covid_hours_for,82693,2021-08-19,Четверг,22:00,411,377,34,430,12,-19,-31
8335,hosp_covid_dis_covid_hours_for,82699,2021-08-19,Четверг,23:00,416,382,34,431,12,-15,-27
8336,hosp_covid_dis_covid_hours_for,82700,2021-08-18,Среда,сутки,403,373,30,546,32,-143,-175
8337,hosp_covid_dis_covid_hours_for,82702,2021-08-20,Пятница,01:00,11,11,0,1,0,10,10
8338,hosp_covid_dis_covid_hours_for,82705,2021-08-20,Пятница,02:00,26,26,0,3,0,23,23
8339,hosp_covid_dis_covid_hours_for,82707,2021-08-20,Пятница,03:00,35,35,0,4,0,31,31
8340,hosp_covid_dis_covid_hours_for,82709,2021-08-20,Пятница,04:00,42,41,1,5,0,37,37
8341,hosp_covid_dis_covid_hours_for,82711,2021-08-20,Пятница,05:00,44,42,2,5,0,39,39
8342,hosp_covid_dis_covid_hours_for,82713,2021-08-20,Пятница,06:00,50,48,2,7,0,43,43
8343,hosp_covid_dis_covid_hours_for,82715,2021-08-20,Пятница,07:00,52,50,2,17,0,35,35
8344,hosp_covid_dis_covid_hours_for,82717,2021-08-20,Пятница,08:00,53,51,2,26,1,27,26
8345,hosp_covid_dis_covid_hours_for,82719,2021-08-20,Пятница,09:00,56,54,2,76,1,-20,-21
8346,hosp_covid_dis_covid_hours_for,82721,2021-08-20,Пятница,10:00,64,62,2,133,2,-69,-71
8347,hosp_covid_dis_covid_hours_for,82723,2021-08-20,Пятница,11:00,68,66,2,190,3,-122,-125
8348,hosp_covid_dis_covid_hours_for,82725,2021-08-20,Пятница,12:00,83,80,3,232,3,-149,-152
8349,hosp_covid_dis_covid_hours_for,82727,2021-08-20,Пятница,13:00,113,108,5,293,3,-180,-183
8350,hosp_covid_dis_covid_hours_for,82729,2021-08-20,Пятница,14:00,145,135,10,346,3,-201,-204
8351,hosp_covid_dis_covid_hours_for,82731,2021-08-20,Пятница,15:00,181,170,11,396,3,-215,-218
8352,hosp_covid_dis_covid_hours_for,82733,2021-08-20,Пятница,16:00,211,199,12,448,3,-237,-240
8353,hosp_covid_dis_covid_hours_for,82735,2021-08-20,Пятница,17:00,242,227,15,470,3,-228,-231
8354,hosp_covid_dis_covid_hours_for,82737,2021-08-20,Пятница,18:00,265,247,18,490,3,-225,-228
8355,hosp_covid_dis_covid_hours_for,82739,2021-08-20,Пятница,19:00,285,262,23,495,3,-210,-213
8356,hosp_covid_dis_covid_hours_for,82741,2021-08-20,Пятница,20:00,304,279,25,503,3,-199,-202
8357,hosp_covid_dis_covid_hours_for,82743,2021-08-20,Пятница,21:00,317,291,26,512,3,-195,-198
8358,hosp_covid_dis_covid_hours_for,82745,2021-08-20,Пятница,22:00,333,304,29,517,3,-184,-187
8359,hosp_covid_dis_covid_hours_for,82751,2021-08-20,Пятница,23:00,353,324,29,521,3,-168,-171
8360,hosp_covid_dis_covid_hours_for,82752,2021-08-19,Четверг,сутки,450,416,34,433,12,17,5
8361,hosp_covid_dis_covid_hours_for,82754,2021-08-21,Суббота,01:00,5,5,0,0,0,5,5
8362,hosp_covid_dis_covid_hours_for,82757,2021-08-21,Суббота,02:00,18,18,0,0,0,18,18
8363,hosp_covid_dis_covid_hours_for,82759,2021-08-21,Суббота,03:00,28,28,0,1,0,27,27
8364,hosp_covid_dis_covid_hours_for,82761,2021-08-21,Суббота,04:00,37,37,0,1,0,36,36
8365,hosp_covid_dis_covid_hours_for,82763,2021-08-21,Суббота,05:00,43,43,0,2,0,41,41
8366,hosp_covid_dis_covid_hours_for,82765,2021-08-21,Суббота,06:00,48,47,1,3,0,45,45
8367,hosp_covid_dis_covid_hours_for,82767,2021-08-21,Суббота,07:00,49,48,1,3,0,46,46
8368,hosp_covid_dis_covid_hours_for,82769,2021-08-21,Суббота,08:00,56,55,1,13,1,43,42
8369,hosp_covid_dis_covid_hours_for,82771,2021-08-21,Суббота,09:00,59,58,1,29,1,30,29
8370,hosp_covid_dis_covid_hours_for,82773,2021-08-21,Суббота,10:00,63,62,1,70,1,-7,-8
8371,hosp_covid_dis_covid_hours_for,82775,2021-08-21,Суббота,11:00,77,76,1,116,2,-39,-41
8372,hosp_covid_dis_covid_hours_for,82777,2021-08-21,Суббота,12:00,101,99,2,147,4,-46,-50
8373,hosp_covid_dis_covid_hours_for,82779,2021-08-21,Суббота,13:00,118,115,3,181,4,-63,-67
8374,hosp_covid_dis_covid_hours_for,82781,2021-08-21,Суббота,14:00,137,132,5,214,5,-77,-82
8375,hosp_covid_dis_covid_hours_for,82783,2021-08-21,Суббота,15:00,160,150,10,233,8,-73,-81
8376,hosp_covid_dis_covid_hours_for,82785,2021-08-21,Суббота,16:00,176,166,10,244,8,-68,-76
8377,hosp_covid_dis_covid_hours_for,82787,2021-08-21,Суббота,17:00,202,189,13,255,8,-53,-61
8378,hosp_covid_dis_covid_hours_for,82789,2021-08-21,Суббота,18:00,224,211,13,258,8,-34,-42
8379,hosp_covid_dis_covid_hours_for,82791,2021-08-21,Суббота,19:00,247,233,14,264,8,-17,-25
8380,hosp_covid_dis_covid_hours_for,82793,2021-08-21,Суббота,20:00,263,246,17,272,8,-9,-17
8381,hosp_covid_dis_covid_hours_for,82795,2021-08-21,Суббота,21:00,279,262,17,274,8,5,-3
8382,hosp_covid_dis_covid_hours_for,82797,2021-08-21,Суббота,22:00,292,275,17,278,8,14,6
8383,hosp_covid_dis_covid_hours_for,82803,2021-08-21,Суббота,23:00,310,293,17,283,8,27,19
8384,hosp_covid_dis_covid_hours_for,82804,2021-08-20,Пятница,сутки,365,335,30,523,4,-158,-162
8385,hosp_covid_dis_covid_hours_for,82806,2021-08-22,Воскресенье,01:00,5,5,0,2,0,3,3
8386,hosp_covid_dis_covid_hours_for,82807,2021-08-21,Суббота,сутки,319,302,17,286,8,33,25
8387,hosp_covid_dis_covid_hours_for,82809,2021-08-22,Воскресенье,02:00,14,14,0,2,0,12,12
8388,hosp_covid_dis_covid_hours_for,82811,2021-08-22,Воскресенье,03:00,26,26,0,2,0,24,24
8389,hosp_covid_dis_covid_hours_for,82813,2021-08-22,Воскресенье,04:00,31,31,0,3,0,28,28
8390,hosp_covid_dis_covid_hours_for,82815,2021-08-22,Воскресенье,05:00,37,37,0,3,0,34,34
8391,hosp_covid_dis_covid_hours_for,82817,2021-08-22,Воскресенье,06:00,41,41,0,3,0,38,38
8392,hosp_covid_dis_covid_hours_for,82819,2021-08-22,Воскресенье,07:00,43,42,1,9,0,34,34
8393,hosp_covid_dis_covid_hours_for,82821,2021-08-22,Воскресенье,08:00,44,43,1,20,0,24,24
8394,hosp_covid_dis_covid_hours_for,82823,2021-08-22,Воскресенье,09:00,51,49,2,32,0,19,19
8395,hosp_covid_dis_covid_hours_for,82825,2021-08-22,Воскресенье,10:00,56,54,2,62,0,-6,-6
8396,hosp_covid_dis_covid_hours_for,82827,2021-08-22,Воскресенье,11:00,61,59,2,86,1,-25,-26
8397,hosp_covid_dis_covid_hours_for,82829,2021-08-22,Воскресенье,12:00,76,74,2,115,3,-39,-42
8398,hosp_covid_dis_covid_hours_for,82831,2021-08-22,Воскресенье,13:00,89,86,3,133,4,-44,-48
8399,hosp_covid_dis_covid_hours_for,82833,2021-08-22,Воскресенье,14:00,105,102,3,149,4,-44,-48
8400,hosp_covid_dis_covid_hours_for,82835,2021-08-22,Воскресенье,15:00,118,114,4,162,4,-44,-48
8401,hosp_covid_dis_covid_hours_for,82837,2021-08-22,Воскресенье,16:00,137,133,4,178,4,-41,-45
8402,hosp_covid_dis_covid_hours_for,82839,2021-08-22,Воскресенье,17:00,156,152,4,187,4,-31,-35
8403,hosp_covid_dis_covid_hours_for,82841,2021-08-22,Воскресенье,18:00,175,170,5,194,4,-19,-23
8404,hosp_covid_dis_covid_hours_for,82843,2021-08-22,Воскресенье,19:00,191,185,6,204,4,-13,-17
8405,hosp_covid_dis_covid_hours_for,82845,2021-08-22,Воскресенье,20:00,198,192,6,206,4,-8,-12
8406,hosp_covid_dis_covid_hours_for,82847,2021-08-22,Воскресенье,21:00,212,206,6,209,4,3,-1
8407,hosp_covid_dis_covid_hours_for,82849,2021-08-22,Воскресенье,22:00,227,221,6,210,4,17,13
8408,hosp_covid_dis_covid_hours_for,82855,2021-08-22,Воскресенье,23:00,239,233,6,211,4,28,24
8409,hosp_covid_dis_covid_hours_for,82858,2021-08-23,Понедельник,01:00,8,8,0,1,0,7,7
8410,hosp_covid_dis_covid_hours_for,82861,2021-08-23,Понедельник,02:00,23,23,0,1,0,22,22
8411,hosp_covid_dis_covid_hours_for,82863,2021-08-23,Понедельник,03:00,39,39,0,1,0,38,38
8412,hosp_covid_dis_covid_hours_for,82865,2021-08-23,Понедельник,04:00,44,43,1,2,0,42,42
8413,hosp_covid_dis_covid_hours_for,82867,2021-08-23,Понедельник,05:00,50,49,1,2,1,48,47
8414,hosp_covid_dis_covid_hours_for,82869,2021-08-23,Понедельник,06:00,51,50,1,2,1,49,48
8415,hosp_covid_dis_covid_hours_for,82871,2021-08-23,Понедельник,07:00,54,53,1,4,1,50,49
8416,hosp_covid_dis_covid_hours_for,82873,2021-08-23,Понедельник,08:00,58,57,1,15,1,43,42
8417,hosp_covid_dis_covid_hours_for,82875,2021-08-23,Понедельник,09:00,60,59,1,42,1,18,17
8418,hosp_covid_dis_covid_hours_for,82877,2021-08-23,Понедельник,10:00,63,62,1,61,1,2,1
8419,hosp_covid_dis_covid_hours_for,82879,2021-08-23,Понедельник,11:00,69,68,1,104,1,-35,-36
8420,hosp_covid_dis_covid_hours_for,82881,2021-08-23,Понедельник,12:00,84,82,2,151,1,-67,-68
8421,hosp_covid_dis_covid_hours_for,82883,2021-08-23,Понедельник,13:00,112,108,4,226,1,-114,-115
8422,hosp_covid_dis_covid_hours_for,82885,2021-08-23,Понедельник,14:00,133,126,7,276,3,-143,-146
8423,hosp_covid_dis_covid_hours_for,82887,2021-08-23,Понедельник,15:00,157,150,7,326,3,-169,-172
8424,hosp_covid_dis_covid_hours_for,82889,2021-08-23,Понедельник,16:00,180,169,11,349,3,-169,-172
8425,hosp_covid_dis_covid_hours_for,82891,2021-08-23,Понедельник,17:00,202,189,13,369,3,-167,-170
8426,hosp_covid_dis_covid_hours_for,82893,2021-08-23,Понедельник,18:00,221,207,14,376,3,-155,-158
8427,hosp_covid_dis_covid_hours_for,82895,2021-08-23,Понедельник,19:00,247,230,17,383,3,-136,-139
8428,hosp_covid_dis_covid_hours_for,82897,2021-08-23,Понедельник,20:00,269,249,20,389,3,-120,-123
8429,hosp_covid_dis_covid_hours_for,82899,2021-08-23,Понедельник,21:00,287,262,25,397,3,-110,-113
8430,hosp_covid_dis_covid_hours_for,82901,2021-08-23,Понедельник,22:00,302,274,28,402,3,-100,-103
8431,hosp_covid_dis_covid_hours_for,82907,2021-08-23,Понедельник,23:00,325,296,29,406,3,-81,-84
8432,hosp_covid_dis_covid_hours_for,82908,2021-08-22,Воскресенье,сутки,250,243,7,214,4,36,32
8433,hosp_covid_dis_covid_hours_for,82910,2021-08-24,Вторник,01:00,10,9,1,1,0,9,9
8434,hosp_covid_dis_covid_hours_for,82913,2021-08-24,Вторник,02:00,20,19,1,0,0,20,20
8435,hosp_covid_dis_covid_hours_for,82915,2021-08-24,Вторник,03:00,32,31,1,0,0,32,32
8436,hosp_covid_dis_covid_hours_for,82917,2021-08-24,Вторник,04:00,37,36,1,0,0,37,37
8437,hosp_covid_dis_covid_hours_for,82919,2021-08-24,Вторник,05:00,42,41,1,1,0,41,41
8438,hosp_covid_dis_covid_hours_for,82921,2021-08-24,Вторник,06:00,49,48,1,1,0,48,48
8439,hosp_covid_dis_covid_hours_for,82923,2021-08-24,Вторник,07:00,54,53,1,4,0,50,50
8440,hosp_covid_dis_covid_hours_for,82925,2021-08-24,Вторник,08:00,62,61,1,20,0,42,42
8441,hosp_covid_dis_covid_hours_for,82927,2021-08-24,Вторник,09:00,65,64,1,47,0,18,18
8442,hosp_covid_dis_covid_hours_for,82929,2021-08-24,Вторник,10:00,69,68,1,115,0,-46,-46
8443,hosp_covid_dis_covid_hours_for,82931,2021-08-24,Вторник,11:00,93,92,1,151,1,-58,-59
8444,hosp_covid_dis_covid_hours_for,82933,2021-08-24,Вторник,12:00,118,115,3,202,2,-84,-86
8445,hosp_covid_dis_covid_hours_for,82935,2021-08-24,Вторник,13:00,138,132,6,262,2,-124,-126
8446,hosp_covid_dis_covid_hours_for,82937,2021-08-24,Вторник,14:00,158,151,7,307,2,-149,-151
8447,hosp_covid_dis_covid_hours_for,82939,2021-08-24,Вторник,15:00,195,183,12,353,3,-158,-161
8448,hosp_covid_dis_covid_hours_for,82941,2021-08-24,Вторник,16:00,217,203,14,384,3,-167,-170
8449,hosp_covid_dis_covid_hours_for,82943,2021-08-24,Вторник,17:00,241,222,19,396,3,-155,-158
8450,hosp_covid_dis_covid_hours_for,82945,2021-08-24,Вторник,18:00,261,240,21,413,3,-152,-155
8451,hosp_covid_dis_covid_hours_for,82947,2021-08-24,Вторник,19:00,290,267,23,433,4,-143,-147
8452,hosp_covid_dis_covid_hours_for,82949,2021-08-24,Вторник,20:00,319,293,26,440,4,-121,-125
8453,hosp_covid_dis_covid_hours_for,82951,2021-08-24,Вторник,21:00,339,310,29,442,4,-103,-107
8454,hosp_covid_dis_covid_hours_for,82953,2021-08-24,Вторник,22:00,364,334,30,448,4,-84,-88
8455,hosp_covid_dis_covid_hours_for,82959,2021-08-24,Вторник,23:00,386,355,31,450,4,-64,-68
8456,hosp_covid_dis_covid_hours_for,82960,2021-08-23,Понедельник,сутки,343,314,29,408,3,-65,-68
8457,hosp_covid_dis_covid_hours_for,82962,2021-08-25,Среда,01:00,6,6,0,0,0,6,6
8458,hosp_covid_dis_covid_hours_for,82965,2021-08-25,Среда,02:00,14,14,0,1,0,13,13
8459,hosp_covid_dis_covid_hours_for,82967,2021-08-25,Среда,03:00,22,22,0,2,0,20,20
8460,hosp_covid_dis_covid_hours_for,82969,2021-08-25,Среда,04:00,26,26,0,2,0,24,24
8461,hosp_covid_dis_covid_hours_for,82971,2021-08-25,Среда,05:00,32,32,0,2,0,30,30
8462,hosp_covid_dis_covid_hours_for,82973,2021-08-25,Среда,06:00,34,34,0,2,0,32,32
8463,hosp_covid_dis_covid_hours_for,82975,2021-08-25,Среда,07:00,40,40,0,4,0,36,36
8464,hosp_covid_dis_covid_hours_for,82977,2021-08-25,Среда,08:00,42,42,0,13,0,29,29
8465,hosp_covid_dis_covid_hours_for,82979,2021-08-25,Среда,09:00,48,47,1,47,0,1,1
8466,hosp_covid_dis_covid_hours_for,82981,2021-08-25,Среда,10:00,54,51,3,90,0,-36,-36
8467,hosp_covid_dis_covid_hours_for,82983,2021-08-25,Среда,11:00,65,60,5,132,2,-67,-69
8468,hosp_covid_dis_covid_hours_for,82985,2021-08-25,Среда,12:00,82,77,5,187,4,-105,-109
8469,hosp_covid_dis_covid_hours_for,82987,2021-08-25,Среда,13:00,108,103,5,233,9,-125,-134
8470,hosp_covid_dis_covid_hours_for,82989,2021-08-25,Среда,14:00,145,137,8,300,9,-155,-164
8471,hosp_covid_dis_covid_hours_for,82991,2021-08-25,Среда,15:00,179,165,14,340,10,-161,-171
8472,hosp_covid_dis_covid_hours_for,82993,2021-08-25,Среда,16:00,212,198,14,372,12,-160,-172
8473,hosp_covid_dis_covid_hours_for,82995,2021-08-25,Среда,17:00,238,221,17,385,12,-147,-159
8474,hosp_covid_dis_covid_hours_for,82997,2021-08-25,Среда,18:00,266,247,19,402,14,-136,-150
8475,hosp_covid_dis_covid_hours_for,82999,2021-08-25,Среда,19:00,295,272,23,414,14,-119,-133
8476,hosp_covid_dis_covid_hours_for,83001,2021-08-25,Среда,20:00,320,297,23,416,14,-96,-110
8477,hosp_covid_dis_covid_hours_for,83003,2021-08-25,Среда,21:00,334,309,25,418,14,-84,-98
8478,hosp_covid_dis_covid_hours_for,83005,2021-08-25,Среда,22:00,347,321,26,419,14,-72,-86
8479,hosp_covid_dis_covid_hours_for,83011,2021-08-25,Среда,23:00,359,333,26,424,14,-65,-79
8480,hosp_covid_dis_covid_hours_for,83012,2021-08-24,Вторник,сутки,397,366,31,456,4,-59,-63
8481,hosp_covid_dis_covid_hours_for,83014,2021-08-26,Четверг,01:00,6,6,0,0,0,6,6
8482,hosp_covid_dis_covid_hours_for,83017,2021-08-26,Четверг,02:00,13,13,0,1,0,12,12
8483,hosp_covid_dis_covid_hours_for,83019,2021-08-26,Четверг,03:00,27,27,0,3,0,24,24
8484,hosp_covid_dis_covid_hours_for,83021,2021-08-26,Четверг,04:00,33,33,0,3,0,30,30
8485,hosp_covid_dis_covid_hours_for,83023,2021-08-26,Четверг,05:00,39,39,0,3,0,36,36
8486,hosp_covid_dis_covid_hours_for,83025,2021-08-26,Четверг,06:00,41,41,0,3,0,38,38
8487,hosp_covid_dis_covid_hours_for,83027,2021-08-26,Четверг,07:00,43,43,0,6,0,37,37
8488,hosp_covid_dis_covid_hours_for,83029,2021-08-26,Четверг,08:00,48,48,0,14,0,34,34
8489,hosp_covid_dis_covid_hours_for,83031,2021-08-26,Четверг,09:00,56,55,1,42,0,14,14
8490,hosp_covid_dis_covid_hours_for,83033,2021-08-26,Четверг,10:00,60,59,1,89,0,-29,-29
8491,hosp_covid_dis_covid_hours_for,83035,2021-08-26,Четверг,11:00,70,68,2,148,0,-78,-78
8492,hosp_covid_dis_covid_hours_for,83037,2021-08-26,Четверг,12:00,84,79,5,191,2,-107,-109
8493,hosp_covid_dis_covid_hours_for,83039,2021-08-26,Четверг,13:00,101,95,6,259,6,-158,-164
8494,hosp_covid_dis_covid_hours_for,83041,2021-08-26,Четверг,14:00,135,127,8,310,6,-175,-181
8495,hosp_covid_dis_covid_hours_for,83043,2021-08-26,Четверг,15:00,162,152,10,359,6,-197,-203
8496,hosp_covid_dis_covid_hours_for,83045,2021-08-26,Четверг,16:00,178,166,12,397,7,-219,-226
8497,hosp_covid_dis_covid_hours_for,83047,2021-08-26,Четверг,17:00,198,184,14,413,7,-215,-222
8498,hosp_covid_dis_covid_hours_for,83049,2021-08-26,Четверг,18:00,220,204,16,432,7,-212,-219
8499,hosp_covid_dis_covid_hours_for,83051,2021-08-26,Четверг,19:00,262,243,19,447,8,-185,-193
8500,hosp_covid_dis_covid_hours_for,83053,2021-08-26,Четверг,20:00,293,271,22,447,8,-154,-162
8501,hosp_covid_dis_covid_hours_for,83055,2021-08-26,Четверг,21:00,311,286,25,449,8,-138,-146
8502,hosp_covid_dis_covid_hours_for,83057,2021-08-26,Четверг,22:00,328,303,25,451,10,-123,-133
8503,hosp_covid_dis_covid_hours_for,83063,2021-08-26,Четверг,23:00,343,318,25,452,10,-109,-119
8504,hosp_covid_dis_covid_hours_for,83064,2021-08-25,Среда,сутки,374,347,27,428,14,-54,-68
8505,hosp_covid_dis_covid_hours_for,83066,2021-08-27,Пятница,01:00,8,8,0,1,0,7,7
8506,hosp_covid_dis_covid_hours_for,83069,2021-08-27,Пятница,02:00,16,16,0,1,0,15,15
8507,hosp_covid_dis_covid_hours_for,83071,2021-08-27,Пятница,03:00,20,20,0,1,0,19,19
8508,hosp_covid_dis_covid_hours_for,83073,2021-08-27,Пятница,04:00,24,24,0,2,0,22,22
8509,hosp_covid_dis_covid_hours_for,83075,2021-08-27,Пятница,05:00,29,29,0,2,0,27,27
8510,hosp_covid_dis_covid_hours_for,83077,2021-08-27,Пятница,06:00,33,33,0,2,0,31,31
8511,hosp_covid_dis_covid_hours_for,83079,2021-08-27,Пятница,07:00,33,33,0,7,0,26,26
8512,hosp_covid_dis_covid_hours_for,83081,2021-08-27,Пятница,08:00,33,33,0,19,1,14,13
8513,hosp_covid_dis_covid_hours_for,83083,2021-08-27,Пятница,09:00,36,36,0,46,1,-10,-11
8514,hosp_covid_dis_covid_hours_for,83085,2021-08-27,Пятница,10:00,39,39,0,107,1,-68,-69
8515,hosp_covid_dis_covid_hours_for,83087,2021-08-27,Пятница,11:00,45,45,0,176,3,-131,-134
8516,hosp_covid_dis_covid_hours_for,83089,2021-08-27,Пятница,12:00,65,64,1,242,3,-177,-180
8517,hosp_covid_dis_covid_hours_for,83091,2021-08-27,Пятница,13:00,85,84,1,300,4,-215,-219
8518,hosp_covid_dis_covid_hours_for,83093,2021-08-27,Пятница,14:00,103,101,2,333,6,-230,-236
8519,hosp_covid_dis_covid_hours_for,83095,2021-08-27,Пятница,15:00,136,128,8,391,7,-255,-262
8520,hosp_covid_dis_covid_hours_for,83097,2021-08-27,Пятница,16:00,157,146,11,452,7,-295,-302
8521,hosp_covid_dis_covid_hours_for,83099,2021-08-27,Пятница,17:00,186,171,15,480,7,-294,-301
8522,hosp_covid_dis_covid_hours_for,83101,2021-08-27,Пятница,18:00,219,202,17,492,7,-273,-280
8523,hosp_covid_dis_covid_hours_for,83103,2021-08-27,Пятница,19:00,243,220,23,502,7,-259,-266
8524,hosp_covid_dis_covid_hours_for,83105,2021-08-27,Пятница,20:00,263,239,24,508,7,-245,-252
8525,hosp_covid_dis_covid_hours_for,83107,2021-08-27,Пятница,21:00,275,250,25,509,7,-234,-241
8526,hosp_covid_dis_covid_hours_for,83109,2021-08-27,Пятница,22:00,294,268,26,513,7,-219,-226
8527,hosp_covid_dis_covid_hours_for,83115,2021-08-27,Пятница,23:00,302,276,26,520,7,-218,-225
8528,hosp_covid_dis_covid_hours_for,83116,2021-08-26,Четверг,сутки,353,329,24,452,10,-99,-109
8529,hosp_covid_dis_covid_hours_for,83118,2021-08-28,Суббота,01:00,2,2,0,0,0,2,2
8530,hosp_covid_dis_covid_hours_for,83121,2021-08-28,Суббота,02:00,11,11,0,1,0,10,10
8531,hosp_covid_dis_covid_hours_for,83123,2021-08-28,Суббота,03:00,14,14,0,4,0,10,10
8532,hosp_covid_dis_covid_hours_for,83125,2021-08-28,Суббота,04:00,17,17,0,4,0,13,13
8533,hosp_covid_dis_covid_hours_for,83127,2021-08-28,Суббота,05:00,20,20,0,5,0,15,15
8534,hosp_covid_dis_covid_hours_for,83129,2021-08-28,Суббота,06:00,23,23,0,6,0,17,17
8535,hosp_covid_dis_covid_hours_for,83131,2021-08-28,Суббота,07:00,23,23,0,6,0,17,17
8536,hosp_covid_dis_covid_hours_for,83133,2021-08-28,Суббота,08:00,24,24,0,23,0,1,1
8537,hosp_covid_dis_covid_hours_for,83135,2021-08-28,Суббота,09:00,26,26,0,46,0,-20,-20
8538,hosp_covid_dis_covid_hours_for,83137,2021-08-28,Суббота,10:00,33,33,0,80,0,-47,-47
8539,hosp_covid_dis_covid_hours_for,83139,2021-08-28,Суббота,11:00,38,38,0,116,3,-78,-81
8540,hosp_covid_dis_covid_hours_for,83141,2021-08-28,Суббота,12:00,56,55,1,172,3,-116,-119
8541,hosp_covid_dis_covid_hours_for,83143,2021-08-28,Суббота,13:00,75,71,4,210,4,-135,-139
8542,hosp_covid_dis_covid_hours_for,83145,2021-08-28,Суббота,14:00,98,91,7,224,4,-126,-130
8543,hosp_covid_dis_covid_hours_for,83147,2021-08-28,Суббота,15:00,117,108,9,242,4,-125,-129
8544,hosp_covid_dis_covid_hours_for,83149,2021-08-28,Суббота,16:00,134,125,9,261,4,-127,-131
8545,hosp_covid_dis_covid_hours_for,83151,2021-08-28,Суббота,17:00,152,142,10,266,4,-114,-118
8546,hosp_covid_dis_covid_hours_for,83153,2021-08-28,Суббота,18:00,168,156,12,274,4,-106,-110
8547,hosp_covid_dis_covid_hours_for,83155,2021-08-28,Суббота,19:00,183,170,13,280,9,-97,-106
8548,hosp_covid_dis_covid_hours_for,83157,2021-08-28,Суббота,20:00,199,186,13,285,9,-86,-95
8549,hosp_covid_dis_covid_hours_for,83159,2021-08-28,Суббота,21:00,215,200,15,286,9,-71,-80
8550,hosp_covid_dis_covid_hours_for,83161,2021-08-28,Суббота,22:00,226,211,15,287,9,-61,-70
8551,hosp_covid_dis_covid_hours_for,83167,2021-08-28,Суббота,23:00,233,218,15,290,9,-57,-66
8552,hosp_covid_dis_covid_hours_for,83168,2021-08-27,Пятница,сутки,317,291,26,522,7,-205,-212
8553,hosp_covid_dis_covid_hours_for,83170,2021-08-29,Воскресенье,01:00,6,6,0,0,0,6,6
8554,hosp_covid_dis_covid_hours_for,83173,2021-08-29,Воскресенье,02:00,13,13,0,1,0,12,12
8555,hosp_covid_dis_covid_hours_for,83175,2021-08-29,Воскресенье,03:00,18,18,0,1,0,17,17
8556,hosp_covid_dis_covid_hours_for,83177,2021-08-29,Воскресенье,04:00,26,26,0,1,0,25,25
8557,hosp_covid_dis_covid_hours_for,83179,2021-08-29,Воскресенье,05:00,29,29,0,1,0,28,28
8558,hosp_covid_dis_covid_hours_for,83181,2021-08-29,Воскресенье,06:00,31,31,0,1,0,30,30
8559,hosp_covid_dis_covid_hours_for,83183,2021-08-29,Воскресенье,07:00,30,30,0,4,1,26,25
8560,hosp_covid_dis_covid_hours_for,83185,2021-08-29,Воскресенье,08:00,32,32,0,14,1,18,17
8561,hosp_covid_dis_covid_hours_for,83187,2021-08-29,Воскресенье,09:00,36,36,0,38,1,-2,-3
8562,hosp_covid_dis_covid_hours_for,83189,2021-08-29,Воскресенье,10:00,38,38,0,67,3,-29,-32
8563,hosp_covid_dis_covid_hours_for,83191,2021-08-29,Воскресенье,11:00,44,44,0,81,3,-37,-40
8564,hosp_covid_dis_covid_hours_for,83193,2021-08-29,Воскресенье,12:00,54,54,0,107,5,-53,-58
8565,hosp_covid_dis_covid_hours_for,83195,2021-08-29,Воскресенье,13:00,68,67,1,133,10,-65,-75
8566,hosp_covid_dis_covid_hours_for,83197,2021-08-29,Воскресенье,14:00,86,82,4,152,11,-66,-77
8567,hosp_covid_dis_covid_hours_for,83199,2021-08-29,Воскресенье,15:00,100,96,4,168,11,-68,-79
8568,hosp_covid_dis_covid_hours_for,83201,2021-08-29,Воскресенье,16:00,118,112,6,181,11,-63,-74
8569,hosp_covid_dis_covid_hours_for,83203,2021-08-29,Воскресенье,17:00,133,125,8,185,11,-52,-63
8570,hosp_covid_dis_covid_hours_for,83205,2021-08-29,Воскресенье,18:00,152,143,9,186,11,-34,-45
8571,hosp_covid_dis_covid_hours_for,83207,2021-08-29,Воскресенье,19:00,172,162,10,190,11,-18,-29
8572,hosp_covid_dis_covid_hours_for,83209,2021-08-29,Воскресенье,20:00,182,171,11,194,11,-12,-23
8573,hosp_covid_dis_covid_hours_for,83211,2021-08-29,Воскресенье,21:00,192,180,12,195,11,-3,-14
8574,hosp_covid_dis_covid_hours_for,83213,2021-08-29,Воскресенье,22:00,201,189,12,196,11,5,-6
8575,hosp_covid_dis_covid_hours_for,83219,2021-08-29,Воскресенье,23:00,211,199,12,200,11,11,0
8576,hosp_covid_dis_covid_hours_for,83220,2021-08-28,Суббота,сутки,245,230,15,294,9,-49,-58
8577,hosp_covid_dis_covid_hours_for,83222,2021-08-30,Понедельник,01:00,4,4,0,0,0,4,4
8578,hosp_covid_dis_covid_hours_for,83225,2021-08-30,Понедельник,02:00,9,9,0,1,0,8,8
8579,hosp_covid_dis_covid_hours_for,83227,2021-08-30,Понедельник,03:00,18,18,0,1,0,17,17
8580,hosp_covid_dis_covid_hours_for,83229,2021-08-30,Понедельник,04:00,20,20,0,1,0,19,19
8581,hosp_covid_dis_covid_hours_for,83231,2021-08-30,Понедельник,05:00,22,22,0,1,0,21,21
8582,hosp_covid_dis_covid_hours_for,83233,2021-08-30,Понедельник,06:00,23,23,0,1,0,22,22
8583,hosp_covid_dis_covid_hours_for,83235,2021-08-30,Понедельник,07:00,28,28,0,2,0,26,26
8584,hosp_covid_dis_covid_hours_for,83237,2021-08-30,Понедельник,08:00,29,29,0,9,0,20,20
8585,hosp_covid_dis_covid_hours_for,83239,2021-08-30,Понедельник,09:00,30,30,0,34,0,-4,-4
8586,hosp_covid_dis_covid_hours_for,83241,2021-08-30,Понедельник,10:00,33,33,0,78,0,-45,-45
8587,hosp_covid_dis_covid_hours_for,83243,2021-08-30,Понедельник,11:00,41,41,0,116,1,-75,-76
8588,hosp_covid_dis_covid_hours_for,83245,2021-08-30,Понедельник,12:00,63,59,4,162,1,-99,-100
8589,hosp_covid_dis_covid_hours_for,83247,2021-08-30,Понедельник,13:00,83,79,4,229,1,-146,-147
8590,hosp_covid_dis_covid_hours_for,83249,2021-08-30,Понедельник,14:00,117,108,9,273,1,-156,-157
8591,hosp_covid_dis_covid_hours_for,83251,2021-08-30,Понедельник,15:00,139,127,12,318,1,-179,-180
8592,hosp_covid_dis_covid_hours_for,83253,2021-08-30,Понедельник,16:00,171,157,14,374,3,-203,-206
8593,hosp_covid_dis_covid_hours_for,83255,2021-08-30,Понедельник,17:00,202,186,16,401,3,-199,-202
8594,hosp_covid_dis_covid_hours_for,83257,2021-08-30,Понедельник,18:00,231,211,20,406,3,-175,-178
8595,hosp_covid_dis_covid_hours_for,83259,2021-08-30,Понедельник,19:00,261,234,27,429,4,-168,-172
8596,hosp_covid_dis_covid_hours_for,83261,2021-08-30,Понедельник,20:00,300,267,33,436,5,-136,-141
8597,hosp_covid_dis_covid_hours_for,83263,2021-08-30,Понедельник,21:00,317,284,33,441,5,-124,-129
8598,hosp_covid_dis_covid_hours_for,83265,2021-08-30,Понедельник,22:00,334,298,36,446,5,-112,-117
8599,hosp_covid_dis_covid_hours_for,83271,2021-08-30,Понедельник,23:00,349,313,36,447,5,-98,-103
8600,hosp_covid_dis_covid_hours_for,83272,2021-08-29,Воскресенье,сутки,229,216,13,202,11,27,16
8601,hosp_covid_dis_covid_hours_for,83274,2021-08-31,Вторник,01:00,7,7,0,0,0,7,7
8602,hosp_covid_dis_covid_hours_for,83277,2021-08-31,Вторник,02:00,14,14,0,5,0,9,9
8603,hosp_covid_dis_covid_hours_for,83279,2021-08-31,Вторник,03:00,22,22,0,6,0,16,16
8604,hosp_covid_dis_covid_hours_for,83281,2021-08-31,Вторник,04:00,27,27,0,6,0,21,21
8605,hosp_covid_dis_covid_hours_for,83283,2021-08-31,Вторник,05:00,30,30,0,7,0,23,23
8606,hosp_covid_dis_covid_hours_for,83285,2021-08-31,Вторник,06:00,33,33,0,7,0,26,26
8607,hosp_covid_dis_covid_hours_for,83287,2021-08-31,Вторник,07:00,34,34,0,7,0,27,27
8608,hosp_covid_dis_covid_hours_for,83289,2021-08-31,Вторник,08:00,37,37,0,19,0,18,18
8609,hosp_covid_dis_covid_hours_for,83291,2021-08-31,Вторник,09:00,46,46,0,79,0,-33,-33
8610,hosp_covid_dis_covid_hours_for,83293,2021-08-31,Вторник,10:00,51,48,3,113,0,-62,-62
8611,hosp_covid_dis_covid_hours_for,83295,2021-08-31,Вторник,11:00,62,59,3,173,0,-111,-111
8612,hosp_covid_dis_covid_hours_for,83297,2021-08-31,Вторник,12:00,80,75,5,226,0,-146,-146
8613,hosp_covid_dis_covid_hours_for,83299,2021-08-31,Вторник,13:00,98,92,6,301,0,-203,-203
8614,hosp_covid_dis_covid_hours_for,83301,2021-08-31,Вторник,14:00,115,107,8,343,1,-228,-229
8615,hosp_covid_dis_covid_hours_for,83303,2021-08-31,Вторник,15:00,146,134,12,373,1,-227,-228
8616,hosp_covid_dis_covid_hours_for,83305,2021-08-31,Вторник,16:00,170,152,18,405,1,-235,-236
8617,hosp_covid_dis_covid_hours_for,83307,2021-08-31,Вторник,17:00,190,168,22,431,0,-241,-241
8618,hosp_covid_dis_covid_hours_for,83309,2021-08-31,Вторник,18:00,227,200,27,440,0,-213,-213
8619,hosp_covid_dis_covid_hours_for,83311,2021-08-31,Вторник,19:00,245,218,27,473,0,-228,-228
8620,hosp_covid_dis_covid_hours_for,83313,2021-08-31,Вторник,20:00,287,259,28,481,0,-194,-194
8621,hosp_covid_dis_covid_hours_for,83315,2021-08-31,Вторник,21:00,301,273,28,484,0,-183,-183
8622,hosp_covid_dis_covid_hours_for,83321,2021-08-31,Вторник,22:00,306,277,29,484,0,-178,-178
8623,hosp_covid_dis_covid_hours_for,83322,2021-08-30,Понедельник,сутки,367,331,36,451,5,-84,-89
8624,hosp_covid_dis_covid_hours_for,83324,2021-09-01,Среда,01:00,8,8,0,0,0,8,8
8625,hosp_covid_dis_covid_hours_for,83327,2021-09-01,Среда,02:00,22,22,0,1,0,21,21
8626,hosp_covid_dis_covid_hours_for,83329,2021-09-01,Среда,03:00,36,36,0,1,0,35,35
8627,hosp_covid_dis_covid_hours_for,83331,2021-09-01,Среда,04:00,45,45,0,1,0,44,44
8628,hosp_covid_dis_covid_hours_for,83333,2021-09-01,Среда,05:00,48,48,0,1,0,47,47
8629,hosp_covid_dis_covid_hours_for,83335,2021-09-01,Среда,06:00,49,49,0,2,0,47,47
8630,hosp_covid_dis_covid_hours_for,83337,2021-09-01,Среда,07:00,50,50,0,7,0,43,43
8631,hosp_covid_dis_covid_hours_for,83339,2021-09-01,Среда,08:00,50,50,0,14,0,36,36
8632,hosp_covid_dis_covid_hours_for,83341,2021-09-01,Среда,09:00,59,59,0,36,0,23,23
8633,hosp_covid_dis_covid_hours_for,83343,2021-09-01,Среда,10:00,63,63,0,71,0,-8,-8
8634,hosp_covid_dis_covid_hours_for,83345,2021-09-01,Среда,11:00,73,71,2,94,0,-21,-21
8635,hosp_covid_dis_covid_hours_for,83347,2021-09-01,Среда,12:00,88,86,2,131,0,-43,-43
8636,hosp_covid_dis_covid_hours_for,83349,2021-09-01,Среда,13:00,104,101,3,185,0,-81,-81
8637,hosp_covid_dis_covid_hours_for,83351,2021-09-01,Среда,14:00,133,128,5,222,0,-89,-89
8638,hosp_covid_dis_covid_hours_for,83353,2021-09-01,Среда,15:00,161,156,5,263,0,-102,-102
8639,hosp_covid_dis_covid_hours_for,83355,2021-09-01,Среда,16:00,176,171,5,286,0,-110,-110
8640,hosp_covid_dis_covid_hours_for,83357,2021-09-01,Среда,17:00,210,202,8,314,0,-104,-104
8641,hosp_covid_dis_covid_hours_for,83359,2021-09-01,Среда,18:00,233,224,9,323,0,-90,-90
8642,hosp_covid_dis_covid_hours_for,83361,2021-09-01,Среда,19:00,254,243,11,334,0,-80,-80
8643,hosp_covid_dis_covid_hours_for,83363,2021-09-01,Среда,20:00,286,273,13,343,0,-57,-57
8644,hosp_covid_dis_covid_hours_for,83365,2021-09-01,Среда,21:00,314,301,13,345,0,-31,-31
8645,hosp_covid_dis_covid_hours_for,83367,2021-09-01,Среда,22:00,328,315,13,348,0,-20,-20
8646,hosp_covid_dis_covid_hours_for,83373,2021-09-01,Среда,23:00,340,327,13,349,0,-9,-9
8647,hosp_covid_dis_covid_hours_for,83374,2021-08-31,Вторник,сутки,306,277,29,484,0,-178,-178
8648,hosp_covid_dis_covid_hours_for,83376,2021-09-02,Четверг,01:00,6,6,0,1,0,5,5
8649,hosp_covid_dis_covid_hours_for,83379,2021-09-02,Четверг,02:00,18,17,1,2,0,16,16
8650,hosp_covid_dis_covid_hours_for,83381,2021-09-02,Четверг,03:00,22,21,1,3,0,19,19
8651,hosp_covid_dis_covid_hours_for,83383,2021-09-02,Четверг,04:00,26,25,1,3,0,23,23
8652,hosp_covid_dis_covid_hours_for,83385,2021-09-02,Четверг,05:00,27,26,1,3,0,24,24
8653,hosp_covid_dis_covid_hours_for,83387,2021-09-02,Четверг,06:00,31,30,1,3,0,28,28
8654,hosp_covid_dis_covid_hours_for,83389,2021-09-02,Четверг,07:00,33,32,1,6,0,27,27
8655,hosp_covid_dis_covid_hours_for,83391,2021-09-02,Четверг,08:00,35,34,1,11,0,24,24
8656,hosp_covid_dis_covid_hours_for,83393,2021-09-02,Четверг,09:00,38,37,1,29,0,9,9
8657,hosp_covid_dis_covid_hours_for,83395,2021-09-02,Четверг,10:00,43,41,2,74,0,-31,-31
8658,hosp_covid_dis_covid_hours_for,83397,2021-09-02,Четверг,11:00,51,48,3,115,0,-64,-64
8659,hosp_covid_dis_covid_hours_for,83399,2021-09-02,Четверг,12:00,62,58,4,148,0,-86,-86
8660,hosp_covid_dis_covid_hours_for,83401,2021-09-02,Четверг,13:00,89,84,5,191,2,-102,-104
8661,hosp_covid_dis_covid_hours_for,83403,2021-09-02,Четверг,14:00,118,110,8,226,4,-108,-112
8662,hosp_covid_dis_covid_hours_for,83405,2021-09-02,Четверг,15:00,149,139,10,253,3,-104,-107
8663,hosp_covid_dis_covid_hours_for,83407,2021-09-02,Четверг,16:00,182,171,11,273,3,-91,-94
8664,hosp_covid_dis_covid_hours_for,83409,2021-09-02,Четверг,17:00,205,190,15,290,3,-85,-88
8665,hosp_covid_dis_covid_hours_for,83411,2021-09-02,Четверг,18:00,228,209,19,303,3,-75,-78
8666,hosp_covid_dis_covid_hours_for,83413,2021-09-02,Четверг,19:00,264,241,23,306,3,-42,-45
8667,hosp_covid_dis_covid_hours_for,83415,2021-09-02,Четверг,20:00,294,270,24,328,3,-34,-37
8668,hosp_covid_dis_covid_hours_for,83417,2021-09-02,Четверг,21:00,317,290,27,332,3,-15,-18
8669,hosp_covid_dis_covid_hours_for,83419,2021-09-02,Четверг,22:00,337,307,30,335,3,2,-1
8670,hosp_covid_dis_covid_hours_for,83425,2021-09-02,Четверг,23:00,350,320,30,337,3,13,10
8671,hosp_covid_dis_covid_hours_for,83426,2021-09-01,Среда,сутки,352,339,13,349,0,3,3
8672,hosp_covid_dis_covid_hours_for,83428,2021-09-03,Пятница,01:00,12,12,0,0,0,12,12
8673,hosp_covid_dis_covid_hours_for,83431,2021-09-03,Пятница,02:00,17,17,0,1,0,16,16
8674,hosp_covid_dis_covid_hours_for,83433,2021-09-03,Пятница,03:00,19,19,0,2,0,17,17
8675,hosp_covid_dis_covid_hours_for,83435,2021-09-03,Пятница,04:00,24,24,0,2,0,22,22
8676,hosp_covid_dis_covid_hours_for,83437,2021-09-03,Пятница,05:00,25,25,0,2,0,23,23
8677,hosp_covid_dis_covid_hours_for,83439,2021-09-03,Пятница,06:00,27,27,0,2,0,25,25
8678,hosp_covid_dis_covid_hours_for,83441,2021-09-03,Пятница,07:00,30,30,0,13,0,17,17
8679,hosp_covid_dis_covid_hours_for,83443,2021-09-03,Пятница,08:00,31,31,0,19,0,12,12
8680,hosp_covid_dis_covid_hours_for,83445,2021-09-03,Пятница,09:00,33,33,0,46,0,-13,-13
8681,hosp_covid_dis_covid_hours_for,83447,2021-09-03,Пятница,10:00,36,35,1,84,2,-48,-50
8682,hosp_covid_dis_covid_hours_for,83449,2021-09-03,Пятница,11:00,46,43,3,118,4,-72,-76
8683,hosp_covid_dis_covid_hours_for,83451,2021-09-03,Пятница,12:00,60,56,4,173,4,-113,-117
8684,hosp_covid_dis_covid_hours_for,83453,2021-09-03,Пятница,13:00,79,72,7,213,5,-134,-139
8685,hosp_covid_dis_covid_hours_for,83455,2021-09-03,Пятница,14:00,96,89,7,267,5,-171,-176
8686,hosp_covid_dis_covid_hours_for,83457,2021-09-03,Пятница,15:00,124,115,9,310,5,-186,-191
8687,hosp_covid_dis_covid_hours_for,83459,2021-09-03,Пятница,16:00,140,129,11,347,5,-207,-212
8688,hosp_covid_dis_covid_hours_for,83461,2021-09-03,Пятница,17:00,163,152,11,373,5,-210,-215
8689,hosp_covid_dis_covid_hours_for,83463,2021-09-03,Пятница,18:00,186,171,15,390,6,-204,-210
8690,hosp_covid_dis_covid_hours_for,83465,2021-09-03,Пятница,19:00,215,199,16,402,6,-187,-193
8691,hosp_covid_dis_covid_hours_for,83467,2021-09-03,Пятница,20:00,242,223,19,416,6,-174,-180
8692,hosp_covid_dis_covid_hours_for,83469,2021-09-03,Пятница,21:00,262,241,21,420,6,-158,-164
8693,hosp_covid_dis_covid_hours_for,83471,2021-09-03,Пятница,22:00,269,248,21,422,6,-153,-159
8694,hosp_covid_dis_covid_hours_for,83477,2021-09-03,Пятница,23:00,282,260,22,424,6,-142,-148
8695,hosp_covid_dis_covid_hours_for,83478,2021-09-02,Четверг,сутки,367,337,30,337,3,30,27
8696,hosp_covid_dis_covid_hours_for,83480,2021-09-04,Суббота,01:00,11,11,0,2,0,9,9
8697,hosp_covid_dis_covid_hours_for,83483,2021-09-04,Суббота,02:00,20,20,0,3,0,17,17
8698,hosp_covid_dis_covid_hours_for,83485,2021-09-04,Суббота,03:00,27,27,0,3,0,24,24
8699,hosp_covid_dis_covid_hours_for,83487,2021-09-04,Суббота,04:00,28,28,0,3,0,25,25
8700,hosp_covid_dis_covid_hours_for,83489,2021-09-04,Суббота,05:00,30,30,0,4,0,26,26
8701,hosp_covid_dis_covid_hours_for,83491,2021-09-04,Суббота,06:00,31,31,0,6,0,25,25
8702,hosp_covid_dis_covid_hours_for,83493,2021-09-04,Суббота,07:00,31,31,0,12,0,19,19
8703,hosp_covid_dis_covid_hours_for,83495,2021-09-04,Суббота,08:00,31,31,0,19,0,12,12
8704,hosp_covid_dis_covid_hours_for,83497,2021-09-04,Суббота,09:00,32,32,0,40,0,-8,-8
8705,hosp_covid_dis_covid_hours_for,83499,2021-09-04,Суббота,10:00,35,35,0,56,0,-21,-21
8706,hosp_covid_dis_covid_hours_for,83501,2021-09-04,Суббота,11:00,50,49,1,83,0,-33,-33
8707,hosp_covid_dis_covid_hours_for,83503,2021-09-04,Суббота,12:00,62,60,2,105,0,-43,-43
8708,hosp_covid_dis_covid_hours_for,83505,2021-09-04,Суббота,13:00,78,76,2,137,0,-59,-59
8709,hosp_covid_dis_covid_hours_for,83507,2021-09-04,Суббота,14:00,91,87,4,159,2,-68,-70
8710,hosp_covid_dis_covid_hours_for,83509,2021-09-04,Суббота,15:00,102,97,5,170,2,-68,-70
8711,hosp_covid_dis_covid_hours_for,83511,2021-09-04,Суббота,16:00,123,117,6,175,2,-52,-54
8712,hosp_covid_dis_covid_hours_for,83513,2021-09-04,Суббота,17:00,135,129,6,181,2,-46,-48
8713,hosp_covid_dis_covid_hours_for,83515,2021-09-04,Суббота,18:00,142,136,6,191,2,-49,-51
8714,hosp_covid_dis_covid_hours_for,83517,2021-09-04,Суббота,19:00,159,148,11,193,2,-34,-36
8715,hosp_covid_dis_covid_hours_for,83519,2021-09-04,Суббота,20:00,172,159,13,204,2,-32,-34
8716,hosp_covid_dis_covid_hours_for,83521,2021-09-04,Суббота,21:00,182,167,15,207,2,-25,-27
8717,hosp_covid_dis_covid_hours_for,83523,2021-09-04,Суббота,22:00,195,180,15,208,2,-13,-15
8718,hosp_covid_dis_covid_hours_for,83529,2021-09-04,Суббота,23:00,206,191,15,210,2,-4,-6
8719,hosp_covid_dis_covid_hours_for,83530,2021-09-03,Пятница,сутки,296,273,23,428,6,-132,-138
8720,hosp_covid_dis_covid_hours_for,83532,2021-09-05,Воскресенье,01:00,6,6,0,3,0,3,3
8721,hosp_covid_dis_covid_hours_for,83535,2021-09-05,Воскресенье,02:00,10,10,0,4,0,6,6
8722,hosp_covid_dis_covid_hours_for,83537,2021-09-05,Воскресенье,03:00,18,18,0,4,0,14,14
8723,hosp_covid_dis_covid_hours_for,83539,2021-09-05,Воскресенье,04:00,23,23,0,5,0,18,18
8724,hosp_covid_dis_covid_hours_for,83541,2021-09-05,Воскресенье,05:00,29,29,0,5,0,24,24
8725,hosp_covid_dis_covid_hours_for,83543,2021-09-05,Воскресенье,06:00,31,31,0,5,0,26,26
8726,hosp_covid_dis_covid_hours_for,83545,2021-09-05,Воскресенье,07:00,31,31,0,9,0,22,22
8727,hosp_covid_dis_covid_hours_for,83547,2021-09-05,Воскресенье,08:00,32,32,0,18,0,14,14
8728,hosp_covid_dis_covid_hours_for,83549,2021-09-05,Воскресенье,09:00,33,33,0,31,0,2,2
8729,hosp_covid_dis_covid_hours_for,83551,2021-09-05,Воскресенье,10:00,37,37,0,50,3,-13,-16
8730,hosp_covid_dis_covid_hours_for,83553,2021-09-05,Воскресенье,11:00,43,43,0,83,6,-40,-46
8731,hosp_covid_dis_covid_hours_for,83555,2021-09-05,Воскресенье,12:00,56,54,2,109,8,-53,-61
8732,hosp_covid_dis_covid_hours_for,83557,2021-09-05,Воскресенье,13:00,70,68,2,124,8,-54,-62
8733,hosp_covid_dis_covid_hours_for,83559,2021-09-05,Воскресенье,14:00,89,87,2,133,10,-44,-54
8734,hosp_covid_dis_covid_hours_for,83561,2021-09-05,Воскресенье,15:00,119,117,2,141,10,-22,-32
8735,hosp_covid_dis_covid_hours_for,83563,2021-09-05,Воскресенье,16:00,137,133,4,149,10,-12,-22
8736,hosp_covid_dis_covid_hours_for,83565,2021-09-05,Воскресенье,17:00,146,142,4,160,10,-14,-24
8737,hosp_covid_dis_covid_hours_for,83567,2021-09-05,Воскресенье,18:00,158,154,4,160,10,-2,-12
8738,hosp_covid_dis_covid_hours_for,83569,2021-09-05,Воскресенье,19:00,172,168,4,165,10,7,-3
8739,hosp_covid_dis_covid_hours_for,83571,2021-09-05,Воскресенье,20:00,189,184,5,169,10,20,10
8740,hosp_covid_dis_covid_hours_for,83573,2021-09-05,Воскресенье,21:00,200,195,5,173,10,27,17
8741,hosp_covid_dis_covid_hours_for,83575,2021-09-05,Воскресенье,22:00,207,201,6,176,10,31,21
8742,hosp_covid_dis_covid_hours_for,83581,2021-09-05,Воскресенье,23:00,218,212,6,178,10,40,30
8743,hosp_covid_dis_covid_hours_for,83582,2021-09-04,Суббота,сутки,216,201,15,210,2,6,4
8744,hosp_covid_dis_covid_hours_for,83584,2021-09-06,Понедельник,01:00,1,1,0,3,0,-2,-2
8745,hosp_covid_dis_covid_hours_for,83585,2021-09-05,Воскресенье,сутки,231,225,6,182,10,49,39
8746,hosp_covid_dis_covid_hours_for,83587,2021-09-06,Понедельник,05:48,13,13,0,5,0,8,8
8747,hosp_covid_dis_covid_hours_for,83589,2021-09-06,Понедельник,06:00,13,13,0,5,0,8,8
8748,hosp_covid_dis_covid_hours_for,83591,2021-09-06,Понедельник,07:00,16,16,0,8,0,8,8
8749,hosp_covid_dis_covid_hours_for,83593,2021-09-06,Понедельник,08:00,16,16,0,13,0,3,3
8750,hosp_covid_dis_covid_hours_for,83595,2021-09-06,Понедельник,09:00,18,18,0,40,0,-22,-22
8751,hosp_covid_dis_covid_hours_for,83597,2021-09-06,Понедельник,10:00,19,19,0,55,0,-36,-36
8752,hosp_covid_dis_covid_hours_for,83599,2021-09-06,Понедельник,11:00,25,25,0,83,0,-58,-58
8753,hosp_covid_dis_covid_hours_for,83601,2021-09-06,Понедельник,12:00,42,42,0,127,0,-85,-85
8754,hosp_covid_dis_covid_hours_for,83603,2021-09-06,Понедельник,13:00,56,53,3,166,0,-110,-110
8755,hosp_covid_dis_covid_hours_for,83605,2021-09-06,Понедельник,14:00,77,73,4,221,0,-144,-144
8756,hosp_covid_dis_covid_hours_for,83607,2021-09-06,Понедельник,15:00,95,86,9,235,4,-140,-144
8757,hosp_covid_dis_covid_hours_for,83609,2021-09-06,Понедельник,16:00,113,102,11,248,5,-135,-140
8758,hosp_covid_dis_covid_hours_for,83611,2021-09-06,Понедельник,17:00,151,136,15,271,7,-120,-127
8759,hosp_covid_dis_covid_hours_for,83613,2021-09-06,Понедельник,18:00,172,155,17,283,7,-111,-118
8760,hosp_covid_dis_covid_hours_for,83615,2021-09-06,Понедельник,19:00,197,175,22,296,7,-99,-106
8761,hosp_covid_dis_covid_hours_for,83617,2021-09-06,Понедельник,20:00,233,208,25,331,7,-98,-105
8762,hosp_covid_dis_covid_hours_for,83619,2021-09-06,Понедельник,21:00,262,237,25,337,7,-75,-82
8763,hosp_covid_dis_covid_hours_for,83621,2021-09-06,Понедельник,22:00,276,249,27,339,7,-63,-70
8764,hosp_covid_dis_covid_hours_for,83627,2021-09-06,Понедельник,23:00,297,269,28,343,7,-46,-53
8765,hosp_covid_dis_covid_hours_for,83630,2021-09-07,Вторник,01:00,8,7,1,0,0,8,8
8766,hosp_covid_dis_covid_hours_for,83633,2021-09-07,Вторник,02:00,14,13,1,0,0,14,14
8767,hosp_covid_dis_covid_hours_for,83635,2021-09-07,Вторник,03:00,18,17,1,0,0,18,18
8768,hosp_covid_dis_covid_hours_for,83637,2021-09-07,Вторник,04:00,23,22,1,1,0,22,22
8769,hosp_covid_dis_covid_hours_for,83639,2021-09-07,Вторник,05:00,22,21,1,1,0,21,21
8770,hosp_covid_dis_covid_hours_for,83641,2021-09-07,Вторник,06:00,25,24,1,1,0,24,24
8771,hosp_covid_dis_covid_hours_for,83643,2021-09-07,Вторник,07:00,27,26,1,6,0,21,21
8772,hosp_covid_dis_covid_hours_for,83645,2021-09-07,Вторник,08:00,27,26,1,12,0,15,15
8773,hosp_covid_dis_covid_hours_for,83647,2021-09-07,Вторник,09:00,31,28,3,25,0,6,6
8774,hosp_covid_dis_covid_hours_for,83649,2021-09-07,Вторник,10:00,36,33,3,73,0,-37,-37
8775,hosp_covid_dis_covid_hours_for,83651,2021-09-07,Вторник,11:00,51,44,7,127,1,-76,-77
8776,hosp_covid_dis_covid_hours_for,83653,2021-09-07,Вторник,12:00,72,62,10,173,1,-101,-102
8777,hosp_covid_dis_covid_hours_for,83655,2021-09-07,Вторник,13:00,85,74,11,224,1,-139,-140
8778,hosp_covid_dis_covid_hours_for,83657,2021-09-07,Вторник,14:00,107,95,12,261,5,-154,-159
8779,hosp_covid_dis_covid_hours_for,83659,2021-09-07,Вторник,15:00,128,115,13,297,5,-169,-174
8780,hosp_covid_dis_covid_hours_for,83661,2021-09-07,Вторник,16:00,151,138,13,325,5,-174,-179
8781,hosp_covid_dis_covid_hours_for,83663,2021-09-07,Вторник,17:00,172,155,17,338,7,-166,-173
8782,hosp_covid_dis_covid_hours_for,83665,2021-09-07,Вторник,18:00,189,168,21,348,7,-159,-166
8783,hosp_covid_dis_covid_hours_for,83667,2021-09-07,Вторник,19:00,232,205,27,351,7,-119,-126
8784,hosp_covid_dis_covid_hours_for,83669,2021-09-07,Вторник,20:00,261,233,28,382,7,-121,-128
8785,hosp_covid_dis_covid_hours_for,83671,2021-09-07,Вторник,21:00,272,242,30,390,7,-118,-125
8786,hosp_covid_dis_covid_hours_for,83673,2021-09-07,Вторник,22:00,282,252,30,392,7,-110,-117
8787,hosp_covid_dis_covid_hours_for,83679,2021-09-07,Вторник,23:00,293,262,31,395,7,-102,-109
8788,hosp_covid_dis_covid_hours_for,83680,2021-09-06,Понедельник,сутки,313,285,28,346,7,-33,-40
8789,hosp_covid_dis_covid_hours_for,83682,2021-09-08,Среда,01:00,3,3,0,1,0,2,2
8790,hosp_covid_dis_covid_hours_for,83683,2021-09-07,Вторник,сутки,311,280,31,395,7,-84,-91
8791,hosp_covid_dis_covid_hours_for,83685,2021-09-08,Среда,02:00,10,10,0,3,0,7,7
8792,hosp_covid_dis_covid_hours_for,83687,2021-09-08,Среда,03:00,13,13,0,3,0,10,10
8793,hosp_covid_dis_covid_hours_for,83689,2021-09-08,Среда,04:00,17,17,0,3,0,14,14
8794,hosp_covid_dis_covid_hours_for,83691,2021-09-08,Среда,05:00,22,22,0,3,0,19,19
8795,hosp_covid_dis_covid_hours_for,83693,2021-09-08,Среда,06:00,23,23,0,3,0,20,20
8796,hosp_covid_dis_covid_hours_for,83695,2021-09-08,Среда,07:00,24,24,0,9,0,15,15
8797,hosp_covid_dis_covid_hours_for,83697,2021-09-08,Среда,08:00,26,26,0,13,0,13,13
8798,hosp_covid_dis_covid_hours_for,83699,2021-09-08,Среда,09:00,38,38,0,48,0,-10,-10
8799,hosp_covid_dis_covid_hours_for,83701,2021-09-08,Среда,10:00,46,45,1,75,0,-29,-29
8800,hosp_covid_dis_covid_hours_for,83703,2021-09-08,Среда,11:00,51,50,1,125,6,-74,-80
8801,hosp_covid_dis_covid_hours_for,83705,2021-09-08,Среда,12:00,68,65,3,161,9,-93,-102
8802,hosp_covid_dis_covid_hours_for,83707,2021-09-08,Среда,13:00,93,88,5,216,12,-123,-135
8803,hosp_covid_dis_covid_hours_for,83709,2021-09-08,Среда,14:00,115,106,9,255,12,-140,-152
8804,hosp_covid_dis_covid_hours_for,83711,2021-09-08,Среда,15:00,130,119,11,271,12,-141,-153
8805,hosp_covid_dis_covid_hours_for,83713,2021-09-08,Среда,16:00,153,141,12,284,12,-131,-143
8806,hosp_covid_dis_covid_hours_for,83715,2021-09-08,Среда,17:00,173,159,14,292,12,-119,-131
8807,hosp_covid_dis_covid_hours_for,83717,2021-09-08,Среда,18:00,201,185,16,300,12,-99,-111
8808,hosp_covid_dis_covid_hours_for,83719,2021-09-08,Среда,19:00,227,210,17,326,12,-99,-111
8809,hosp_covid_dis_covid_hours_for,83721,2021-09-08,Среда,20:00,250,230,20,331,12,-81,-93
8810,hosp_covid_dis_covid_hours_for,83723,2021-09-08,Среда,21:00,271,251,20,335,12,-64,-76
8811,hosp_covid_dis_covid_hours_for,83725,2021-09-08,Среда,22:00,289,267,22,335,12,-46,-58
8812,hosp_covid_dis_covid_hours_for,83731,2021-09-08,Среда,23:00,306,284,22,339,12,-33,-45
8813,hosp_covid_dis_covid_hours_for,83734,2021-09-09,Четверг,01:00,4,4,0,0,0,4,4
8814,hosp_covid_dis_covid_hours_for,83737,2021-09-09,Четверг,02:00,12,12,0,0,0,12,12
8815,hosp_covid_dis_covid_hours_for,83739,2021-09-09,Четверг,03:00,21,21,0,0,0,21,21
8816,hosp_covid_dis_covid_hours_for,83741,2021-09-09,Четверг,04:00,26,26,0,0,0,26,26
8817,hosp_covid_dis_covid_hours_for,83743,2021-09-09,Четверг,05:00,28,28,0,0,0,28,28
8818,hosp_covid_dis_covid_hours_for,83745,2021-09-09,Четверг,06:00,30,30,0,0,0,30,30
8819,hosp_covid_dis_covid_hours_for,83747,2021-09-09,Четверг,07:00,31,31,0,0,0,31,31
8820,hosp_covid_dis_covid_hours_for,83749,2021-09-09,Четверг,08:00,32,32,0,11,0,21,21
8821,hosp_covid_dis_covid_hours_for,83751,2021-09-09,Четверг,09:00,32,32,0,47,0,-15,-15
8822,hosp_covid_dis_covid_hours_for,83753,2021-09-09,Четверг,10:00,38,38,0,77,0,-39,-39
8823,hosp_covid_dis_covid_hours_for,83755,2021-09-09,Четверг,11:00,57,57,0,124,0,-67,-67
8824,hosp_covid_dis_covid_hours_for,83757,2021-09-09,Четверг,12:00,73,67,6,168,1,-95,-96
8825,hosp_covid_dis_covid_hours_for,83759,2021-09-09,Четверг,13:00,94,85,9,205,1,-111,-112
8826,hosp_covid_dis_covid_hours_for,83761,2021-09-09,Четверг,14:00,117,105,12,227,1,-110,-111
8827,hosp_covid_dis_covid_hours_for,83763,2021-09-09,Четверг,15:00,149,136,13,254,1,-105,-106
8828,hosp_covid_dis_covid_hours_for,83765,2021-09-09,Четверг,16:00,169,154,15,286,1,-117,-118
8829,hosp_covid_dis_covid_hours_for,83767,2021-09-09,Четверг,17:00,192,174,18,296,2,-104,-106
8830,hosp_covid_dis_covid_hours_for,83769,2021-09-09,Четверг,18:00,211,192,19,302,3,-91,-94
8831,hosp_covid_dis_covid_hours_for,83771,2021-09-09,Четверг,19:00,251,231,20,307,3,-56,-59
8832,hosp_covid_dis_covid_hours_for,83773,2021-09-09,Четверг,20:00,278,255,23,318,3,-40,-43
8833,hosp_covid_dis_covid_hours_for,83775,2021-09-09,Четверг,21:00,298,272,26,342,3,-44,-47
8834,hosp_covid_dis_covid_hours_for,83777,2021-09-09,Четверг,22:00,311,284,27,343,3,-32,-35
8835,hosp_covid_dis_covid_hours_for,83783,2021-09-09,Четверг,23:00,327,297,30,345,3,-18,-21
8836,hosp_covid_dis_covid_hours_for,83784,2021-09-08,Среда,сутки,316,294,22,341,12,-25,-37
8837,hosp_covid_dis_covid_hours_for,83786,2021-09-10,Пятница,01:00,8,8,0,2,0,6,6
8838,hosp_covid_dis_covid_hours_for,83789,2021-09-10,Пятница,02:00,15,15,0,9,0,6,6
8839,hosp_covid_dis_covid_hours_for,83791,2021-09-10,Пятница,03:00,22,21,1,10,0,12,12
8840,hosp_covid_dis_covid_hours_for,83793,2021-09-10,Пятница,04:00,28,27,1,10,0,18,18
8841,hosp_covid_dis_covid_hours_for,83795,2021-09-10,Пятница,05:00,32,31,1,10,0,22,22
8842,hosp_covid_dis_covid_hours_for,83797,2021-09-10,Пятница,06:00,34,33,1,10,0,24,24
8843,hosp_covid_dis_covid_hours_for,83799,2021-09-10,Пятница,07:00,38,37,1,17,0,21,21
8844,hosp_covid_dis_covid_hours_for,83801,2021-09-10,Пятница,08:00,39,38,1,24,0,15,15
8845,hosp_covid_dis_covid_hours_for,83803,2021-09-10,Пятница,09:00,58,57,1,59,0,-1,-1
8846,hosp_covid_dis_covid_hours_for,83805,2021-09-10,Пятница,10:00,64,63,1,84,0,-20,-20
8847,hosp_covid_dis_covid_hours_for,83807,2021-09-10,Пятница,11:00,72,70,2,119,0,-47,-47
8848,hosp_covid_dis_covid_hours_for,83809,2021-09-10,Пятница,12:00,91,88,3,186,0,-95,-95
8849,hosp_covid_dis_covid_hours_for,83811,2021-09-10,Пятница,13:00,123,119,4,238,0,-115,-115
8850,hosp_covid_dis_covid_hours_for,83813,2021-09-10,Пятница,14:00,155,149,6,282,0,-127,-127
8851,hosp_covid_dis_covid_hours_for,83815,2021-09-10,Пятница,15:00,175,166,9,306,0,-131,-131
8852,hosp_covid_dis_covid_hours_for,83817,2021-09-10,Пятница,16:00,205,192,13,342,0,-137,-137
8853,hosp_covid_dis_covid_hours_for,83819,2021-09-10,Пятница,17:00,219,201,18,353,0,-134,-134
8854,hosp_covid_dis_covid_hours_for,83821,2021-09-10,Пятница,18:00,241,218,23,363,0,-122,-122
8855,hosp_covid_dis_covid_hours_for,83823,2021-09-10,Пятница,19:00,269,245,24,400,0,-131,-131
8856,hosp_covid_dis_covid_hours_for,83825,2021-09-10,Пятница,20:00,328,299,29,404,0,-76,-76
8857,hosp_covid_dis_covid_hours_for,83827,2021-09-10,Пятница,21:00,343,313,30,412,0,-69,-69
8858,hosp_covid_dis_covid_hours_for,83829,2021-09-10,Пятница,22:00,364,334,30,417,0,-53,-53
8859,hosp_covid_dis_covid_hours_for,83835,2021-09-10,Пятница,23:00,389,357,32,419,0,-30,-30
8860,hosp_covid_dis_covid_hours_for,83836,2021-09-09,Четверг,сутки,336,306,30,347,3,-11,-14
8861,hosp_covid_dis_covid_hours_for,83838,2021-09-11,Суббота,01:00,10,10,0,0,0,10,10
8862,hosp_covid_dis_covid_hours_for,83841,2021-09-11,Суббота,02:00,18,17,1,0,0,18,18
8863,hosp_covid_dis_covid_hours_for,83843,2021-09-11,Суббота,03:00,27,26,1,0,0,27,27
8864,hosp_covid_dis_covid_hours_for,83845,2021-09-11,Суббота,04:00,34,33,1,1,0,33,33
8865,hosp_covid_dis_covid_hours_for,83847,2021-09-11,Суббота,05:00,37,36,1,1,0,36,36
8866,hosp_covid_dis_covid_hours_for,83849,2021-09-11,Суббота,06:00,40,38,2,2,0,38,38
8867,hosp_covid_dis_covid_hours_for,83851,2021-09-11,Суббота,07:00,41,39,2,7,0,34,34
8868,hosp_covid_dis_covid_hours_for,83853,2021-09-11,Суббота,08:00,43,42,1,11,0,32,32
8869,hosp_covid_dis_covid_hours_for,83855,2021-09-11,Суббота,09:00,44,43,1,28,0,16,16
8870,hosp_covid_dis_covid_hours_for,83857,2021-09-11,Суббота,10:00,50,49,1,61,0,-11,-11
8871,hosp_covid_dis_covid_hours_for,83859,2021-09-11,Суббота,11:00,59,58,1,85,0,-26,-26
8872,hosp_covid_dis_covid_hours_for,83861,2021-09-11,Суббота,12:00,76,74,2,112,1,-36,-37
8873,hosp_covid_dis_covid_hours_for,83863,2021-09-11,Суббота,13:00,91,87,4,145,1,-54,-55
8874,hosp_covid_dis_covid_hours_for,83865,2021-09-11,Суббота,14:00,105,98,7,176,1,-71,-72
8875,hosp_covid_dis_covid_hours_for,83867,2021-09-11,Суббота,15:00,127,116,11,184,1,-57,-58
8876,hosp_covid_dis_covid_hours_for,83869,2021-09-11,Суббота,16:00,150,138,12,190,1,-40,-41
8877,hosp_covid_dis_covid_hours_for,83871,2021-09-11,Суббота,17:00,167,152,15,196,1,-29,-30
8878,hosp_covid_dis_covid_hours_for,83873,2021-09-11,Суббота,18:00,180,164,16,206,2,-26,-28
8879,hosp_covid_dis_covid_hours_for,83875,2021-09-11,Суббота,19:00,197,180,17,214,2,-17,-19
8880,hosp_covid_dis_covid_hours_for,83877,2021-09-11,Суббота,20:00,216,199,17,221,2,-5,-7
8881,hosp_covid_dis_covid_hours_for,83879,2021-09-11,Суббота,21:00,236,217,19,224,2,12,10
8882,hosp_covid_dis_covid_hours_for,83881,2021-09-11,Суббота,22:00,261,241,20,225,2,36,34
8883,hosp_covid_dis_covid_hours_for,83887,2021-09-11,Суббота,23:00,277,255,22,227,2,50,48
8884,hosp_covid_dis_covid_hours_for,83888,2021-09-10,Пятница,сутки,403,371,32,422,0,-19,-19
8885,hosp_covid_dis_covid_hours_for,83890,2021-09-12,Воскресенье,01:00,10,9,1,0,0,10,10
8886,hosp_covid_dis_covid_hours_for,83893,2021-09-12,Воскресенье,02:00,19,18,1,0,0,19,19
8887,hosp_covid_dis_covid_hours_for,83895,2021-09-12,Воскресенье,03:00,27,26,1,2,0,25,25
8888,hosp_covid_dis_covid_hours_for,83897,2021-09-12,Воскресенье,04:00,31,30,1,2,0,29,29
8889,hosp_covid_dis_covid_hours_for,83899,2021-09-12,Воскресенье,05:00,37,36,1,3,0,34,34
8890,hosp_covid_dis_covid_hours_for,83901,2021-09-12,Воскресенье,06:00,37,36,1,3,0,34,34
8891,hosp_covid_dis_covid_hours_for,83903,2021-09-12,Воскресенье,07:00,38,37,1,6,0,32,32
8892,hosp_covid_dis_covid_hours_for,83905,2021-09-12,Воскресенье,08:00,41,40,1,14,0,27,27
8893,hosp_covid_dis_covid_hours_for,83907,2021-09-12,Воскресенье,09:00,45,44,1,41,0,4,4
8894,hosp_covid_dis_covid_hours_for,83909,2021-09-12,Воскресенье,10:00,50,49,1,60,0,-10,-10
8895,hosp_covid_dis_covid_hours_for,83911,2021-09-12,Воскресенье,11:00,53,52,1,85,0,-32,-32
8896,hosp_covid_dis_covid_hours_for,83913,2021-09-12,Воскресенье,12:00,68,66,2,101,0,-33,-33
8897,hosp_covid_dis_covid_hours_for,83915,2021-09-12,Воскресенье,13:00,80,76,4,112,0,-32,-32
8898,hosp_covid_dis_covid_hours_for,83917,2021-09-12,Воскресенье,14:00,96,92,4,119,0,-23,-23
8899,hosp_covid_dis_covid_hours_for,83919,2021-09-12,Воскресенье,15:00,110,105,5,125,0,-15,-15
8900,hosp_covid_dis_covid_hours_for,83921,2021-09-12,Воскресенье,16:00,128,123,5,127,0,1,1
8901,hosp_covid_dis_covid_hours_for,83923,2021-09-12,Воскресенье,17:00,141,136,5,136,0,5,5
8902,hosp_covid_dis_covid_hours_for,83925,2021-09-12,Воскресенье,18:00,148,142,6,141,2,7,5
8903,hosp_covid_dis_covid_hours_for,83927,2021-09-12,Воскресенье,19:00,164,157,7,145,2,19,17
8904,hosp_covid_dis_covid_hours_for,83929,2021-09-12,Воскресенье,20:00,178,170,8,148,2,30,28
8905,hosp_covid_dis_covid_hours_for,83931,2021-09-12,Воскресенье,21:00,188,180,8,152,2,36,34
8906,hosp_covid_dis_covid_hours_for,83933,2021-09-12,Воскресенье,22:00,199,191,8,153,2,46,44
8907,hosp_covid_dis_covid_hours_for,83939,2021-09-12,Воскресенье,23:00,210,202,8,157,2,53,51
8908,hosp_covid_dis_covid_hours_for,83940,2021-09-11,Суббота,сутки,291,268,23,228,2,63,61
8909,hosp_covid_dis_covid_hours_for,83942,2021-09-13,Понедельник,01:00,6,6,0,3,0,3,3
8910,hosp_covid_dis_covid_hours_for,83945,2021-09-13,Понедельник,02:00,11,11,0,3,0,8,8
8911,hosp_covid_dis_covid_hours_for,83947,2021-09-13,Понедельник,03:00,12,12,0,3,0,9,9
8912,hosp_covid_dis_covid_hours_for,83949,2021-09-13,Понедельник,04:00,18,18,0,3,0,15,15
8913,hosp_covid_dis_covid_hours_for,83951,2021-09-13,Понедельник,05:00,23,23,0,3,0,20,20
8914,hosp_covid_dis_covid_hours_for,83953,2021-09-13,Понедельник,06:00,26,26,0,3,0,23,23
8915,hosp_covid_dis_covid_hours_for,83955,2021-09-13,Понедельник,07:00,30,30,0,6,0,24,24
8916,hosp_covid_dis_covid_hours_for,83957,2021-09-13,Понедельник,08:00,30,30,0,20,0,10,10
8917,hosp_covid_dis_covid_hours_for,83959,2021-09-13,Понедельник,09:00,31,31,0,37,0,-6,-6
8918,hosp_covid_dis_covid_hours_for,83961,2021-09-13,Понедельник,10:00,48,48,0,67,0,-19,-19
8919,hosp_covid_dis_covid_hours_for,83963,2021-09-13,Понедельник,11:00,52,52,0,91,2,-39,-41
8920,hosp_covid_dis_covid_hours_for,83965,2021-09-13,Понедельник,12:00,72,67,5,143,2,-71,-73
8921,hosp_covid_dis_covid_hours_for,83967,2021-09-13,Понедельник,13:00,98,93,5,200,2,-102,-104
8922,hosp_covid_dis_covid_hours_for,83969,2021-09-13,Понедельник,14:00,128,119,9,236,2,-108,-110
8923,hosp_covid_dis_covid_hours_for,83971,2021-09-13,Понедельник,15:00,157,146,11,264,2,-107,-109
8924,hosp_covid_dis_covid_hours_for,83973,2021-09-13,Понедельник,16:00,181,169,12,287,2,-106,-108
8925,hosp_covid_dis_covid_hours_for,83975,2021-09-13,Понедельник,17:00,200,185,15,299,3,-99,-102
8926,hosp_covid_dis_covid_hours_for,83977,2021-09-13,Понедельник,18:00,231,210,21,315,3,-84,-87
8927,hosp_covid_dis_covid_hours_for,83979,2021-09-13,Понедельник,19:00,249,225,24,325,3,-76,-79
8928,hosp_covid_dis_covid_hours_for,83981,2021-09-13,Понедельник,20:00,279,249,30,352,3,-73,-76
8929,hosp_covid_dis_covid_hours_for,83983,2021-09-13,Понедельник,21:00,326,295,31,367,3,-41,-44
8930,hosp_covid_dis_covid_hours_for,83985,2021-09-13,Понедельник,22:00,343,312,31,371,3,-28,-31
8931,hosp_covid_dis_covid_hours_for,83991,2021-09-13,Понедельник,23:00,364,332,32,373,5,-9,-14
8932,hosp_covid_dis_covid_hours_for,83992,2021-09-12,Воскресенье,сутки,217,209,8,160,2,57,55
8933,hosp_covid_dis_covid_hours_for,83994,2021-09-14,Вторник,01:00,9,9,0,4,0,5,5
8934,hosp_covid_dis_covid_hours_for,83997,2021-09-14,Вторник,02:00,22,22,0,4,0,18,18
8935,hosp_covid_dis_covid_hours_for,83999,2021-09-14,Вторник,03:00,35,35,0,4,0,31,31
8936,hosp_covid_dis_covid_hours_for,84001,2021-09-14,Вторник,04:00,48,48,0,4,0,44,44
8937,hosp_covid_dis_covid_hours_for,84003,2021-09-14,Вторник,05:00,57,57,0,4,0,53,53
8938,hosp_covid_dis_covid_hours_for,84005,2021-09-14,Вторник,06:00,64,64,0,4,0,60,60
8939,hosp_covid_dis_covid_hours_for,84007,2021-09-14,Вторник,07:00,64,64,0,12,0,52,52
8940,hosp_covid_dis_covid_hours_for,84009,2021-09-14,Вторник,08:00,66,66,0,19,0,47,47
8941,hosp_covid_dis_covid_hours_for,84011,2021-09-14,Вторник,09:00,67,66,1,49,0,18,18
8942,hosp_covid_dis_covid_hours_for,84013,2021-09-14,Вторник,10:00,84,78,6,76,0,8,8
8943,hosp_covid_dis_covid_hours_for,84015,2021-09-14,Вторник,11:00,91,83,8,127,1,-36,-37
8944,hosp_covid_dis_covid_hours_for,84017,2021-09-14,Вторник,12:00,108,98,10,170,2,-62,-64
8945,hosp_covid_dis_covid_hours_for,84019,2021-09-14,Вторник,13:00,133,120,13,211,2,-78,-80
8946,hosp_covid_dis_covid_hours_for,84021,2021-09-14,Вторник,14:00,161,145,16,252,2,-91,-93
8947,hosp_covid_dis_covid_hours_for,84023,2021-09-14,Вторник,15:00,190,173,17,272,3,-82,-85
8948,hosp_covid_dis_covid_hours_for,84025,2021-09-14,Вторник,16:00,219,198,21,283,4,-64,-68
8949,hosp_covid_dis_covid_hours_for,84027,2021-09-14,Вторник,17:00,255,229,26,310,5,-55,-60
8950,hosp_covid_dis_covid_hours_for,84029,2021-09-14,Вторник,18:00,279,252,27,334,6,-55,-61
8951,hosp_covid_dis_covid_hours_for,84031,2021-09-14,Вторник,19:00,319,287,32,342,6,-23,-29
8952,hosp_covid_dis_covid_hours_for,84033,2021-09-14,Вторник,20:00,335,303,32,351,6,-16,-22
8953,hosp_covid_dis_covid_hours_for,84035,2021-09-14,Вторник,21:00,358,325,33,353,6,5,-1
8954,hosp_covid_dis_covid_hours_for,84041,2021-09-14,Вторник,22:00,372,336,36,356,6,16,10
8955,hosp_covid_dis_covid_hours_for,84042,2021-09-13,Понедельник,сутки,377,346,31,374,5,3,-2
8956,hosp_covid_dis_covid_hours_for,84044,2021-09-15,Среда,01:00,6,6,0,0,0,6,6
8957,hosp_covid_dis_covid_hours_for,84047,2021-09-15,Среда,02:00,16,16,0,2,0,14,14
8958,hosp_covid_dis_covid_hours_for,84049,2021-09-15,Среда,03:00,26,26,0,2,0,24,24
8959,hosp_covid_dis_covid_hours_for,84051,2021-09-15,Среда,04:00,34,34,0,2,0,32,32
8960,hosp_covid_dis_covid_hours_for,84053,2021-09-15,Среда,05:00,38,38,0,2,0,36,36
8961,hosp_covid_dis_covid_hours_for,84055,2021-09-15,Среда,06:00,40,40,0,2,0,38,38
8962,hosp_covid_dis_covid_hours_for,84057,2021-09-15,Среда,07:00,45,45,0,5,0,40,40
8963,hosp_covid_dis_covid_hours_for,84059,2021-09-15,Среда,08:00,45,44,1,18,0,27,27
8964,hosp_covid_dis_covid_hours_for,84061,2021-09-15,Среда,09:00,47,45,2,42,0,5,5
8965,hosp_covid_dis_covid_hours_for,84063,2021-09-15,Среда,10:00,58,55,3,86,0,-28,-28
8966,hosp_covid_dis_covid_hours_for,84065,2021-09-15,Среда,11:00,65,61,4,122,1,-57,-58
8967,hosp_covid_dis_covid_hours_for,84067,2021-09-15,Среда,12:00,81,76,5,151,2,-70,-72
8968,hosp_covid_dis_covid_hours_for,84069,2021-09-15,Среда,13:00,105,99,6,187,2,-82,-84
8969,hosp_covid_dis_covid_hours_for,84071,2021-09-15,Среда,14:00,126,118,8,220,4,-94,-98
8970,hosp_covid_dis_covid_hours_for,84073,2021-09-15,Среда,15:00,156,146,10,240,4,-84,-88
8971,hosp_covid_dis_covid_hours_for,84075,2021-09-15,Среда,16:00,187,171,16,256,5,-69,-74
8972,hosp_covid_dis_covid_hours_for,84077,2021-09-15,Среда,17:00,212,192,20,263,6,-51,-57
8973,hosp_covid_dis_covid_hours_for,84079,2021-09-15,Среда,18:00,245,221,24,269,8,-24,-32
8974,hosp_covid_dis_covid_hours_for,84081,2021-09-15,Среда,19:00,269,242,27,298,9,-29,-38
8975,hosp_covid_dis_covid_hours_for,84083,2021-09-15,Среда,20:00,325,293,32,314,9,11,2
8976,hosp_covid_dis_covid_hours_for,84085,2021-09-15,Среда,21:00,351,317,34,318,9,33,24
8977,hosp_covid_dis_covid_hours_for,84087,2021-09-15,Среда,22:00,369,333,36,323,9,46,37
8978,hosp_covid_dis_covid_hours_for,84093,2021-09-15,Среда,23:00,390,351,39,327,9,63,54
8979,hosp_covid_dis_covid_hours_for,84094,2021-09-14,Вторник,сутки,397,359,38,364,6,33,27
8980,hosp_covid_dis_covid_hours_for,84096,2021-09-16,Четверг,01:00,5,5,0,4,0,1,1
8981,hosp_covid_dis_covid_hours_for,84099,2021-09-16,Четверг,02:00,16,16,0,5,0,11,11
8982,hosp_covid_dis_covid_hours_for,84101,2021-09-16,Четверг,03:00,23,23,0,5,0,18,18
8983,hosp_covid_dis_covid_hours_for,84103,2021-09-16,Четверг,04:00,30,30,0,5,0,25,25
8984,hosp_covid_dis_covid_hours_for,84105,2021-09-16,Четверг,05:00,31,31,0,5,0,26,26
8985,hosp_covid_dis_covid_hours_for,84107,2021-09-16,Четверг,06:00,35,35,0,7,0,28,28
8986,hosp_covid_dis_covid_hours_for,84109,2021-09-16,Четверг,07:00,40,39,1,14,0,26,26
8987,hosp_covid_dis_covid_hours_for,84111,2021-09-16,Четверг,08:00,41,40,1,29,0,12,12
8988,hosp_covid_dis_covid_hours_for,84113,2021-09-16,Четверг,09:00,44,43,1,48,0,-4,-4
8989,hosp_covid_dis_covid_hours_for,84115,2021-09-16,Четверг,10:00,48,47,1,79,0,-31,-31
8990,hosp_covid_dis_covid_hours_for,84117,2021-09-16,Четверг,11:00,57,55,2,117,1,-60,-61
8991,hosp_covid_dis_covid_hours_for,84119,2021-09-16,Четверг,12:00,72,70,2,140,4,-68,-72
8992,hosp_covid_dis_covid_hours_for,84121,2021-09-16,Четверг,13:00,97,92,5,182,5,-85,-90
8993,hosp_covid_dis_covid_hours_for,84123,2021-09-16,Четверг,14:00,135,127,8,195,6,-60,-66
8994,hosp_covid_dis_covid_hours_for,84125,2021-09-16,Четверг,15:00,169,157,12,232,6,-63,-69
8995,hosp_covid_dis_covid_hours_for,84127,2021-09-16,Четверг,16:00,189,175,14,247,6,-58,-64
8996,hosp_covid_dis_covid_hours_for,84129,2021-09-16,Четверг,17:00,219,198,21,259,8,-40,-48
8997,hosp_covid_dis_covid_hours_for,84131,2021-09-16,Четверг,18:00,250,226,24,271,8,-21,-29
8998,hosp_covid_dis_covid_hours_for,84133,2021-09-16,Четверг,19:00,292,265,27,277,8,15,7
8999,hosp_covid_dis_covid_hours_for,84135,2021-09-16,Четверг,20:00,322,292,30,300,8,22,14
9000,hosp_covid_dis_covid_hours_for,84137,2021-09-16,Четверг,21:00,350,318,32,301,8,49,41
9001,hosp_covid_dis_covid_hours_for,84139,2021-09-16,Четверг,22:00,361,327,34,302,8,59,51
9002,hosp_covid_dis_covid_hours_for,84145,2021-09-16,Четверг,23:00,374,339,35,304,8,70,62
9003,hosp_covid_dis_covid_hours_for,84146,2021-09-15,Среда,сутки,407,368,39,330,9,77,68
9004,hosp_covid_dis_covid_hours_for,84148,2021-09-17,Пятница,01:00,8,8,0,0,0,8,8
9005,hosp_covid_dis_covid_hours_for,84151,2021-09-17,Пятница,02:00,12,12,0,3,0,9,9
9006,hosp_covid_dis_covid_hours_for,84153,2021-09-17,Пятница,03:00,19,19,0,7,0,12,12
9007,hosp_covid_dis_covid_hours_for,84155,2021-09-17,Пятница,04:00,19,19,0,7,0,12,12
9008,hosp_covid_dis_covid_hours_for,84157,2021-09-17,Пятница,05:00,21,21,0,7,0,14,14
9009,hosp_covid_dis_covid_hours_for,84159,2021-09-17,Пятница,06:00,24,24,0,8,0,16,16
9010,hosp_covid_dis_covid_hours_for,84161,2021-09-17,Пятница,07:00,29,29,0,15,0,14,14
9011,hosp_covid_dis_covid_hours_for,84163,2021-09-17,Пятница,08:00,28,28,0,27,0,1,1
9012,hosp_covid_dis_covid_hours_for,84165,2021-09-17,Пятница,09:00,42,41,1,57,0,-15,-15
9013,hosp_covid_dis_covid_hours_for,84167,2021-09-17,Пятница,10:00,48,45,3,89,0,-41,-41
9014,hosp_covid_dis_covid_hours_for,84169,2021-09-17,Пятница,11:00,66,61,5,107,1,-41,-42
9015,hosp_covid_dis_covid_hours_for,84171,2021-09-17,Пятница,12:00,85,77,8,152,10,-67,-77
9016,hosp_covid_dis_covid_hours_for,84173,2021-09-17,Пятница,13:00,108,96,12,207,12,-99,-111
9017,hosp_covid_dis_covid_hours_for,84175,2021-09-17,Пятница,14:00,139,125,14,252,13,-113,-126
9018,hosp_covid_dis_covid_hours_for,84177,2021-09-17,Пятница,15:00,186,162,24,293,13,-107,-120
9019,hosp_covid_dis_covid_hours_for,84179,2021-09-17,Пятница,16:00,220,189,31,319,14,-99,-113
9020,hosp_covid_dis_covid_hours_for,84181,2021-09-17,Пятница,17:00,246,215,31,353,14,-107,-121
9021,hosp_covid_dis_covid_hours_for,84183,2021-09-17,Пятница,18:00,292,257,35,364,15,-72,-87
9022,hosp_covid_dis_covid_hours_for,84185,2021-09-17,Пятница,19:00,325,286,39,388,15,-63,-78
9023,hosp_covid_dis_covid_hours_for,84187,2021-09-17,Пятница,20:00,359,319,40,393,15,-34,-49
9024,hosp_covid_dis_covid_hours_for,84189,2021-09-17,Пятница,21:00,421,380,41,403,15,18,3
9025,hosp_covid_dis_covid_hours_for,84191,2021-09-17,Пятница,22:00,446,403,43,406,15,40,25
9026,hosp_covid_dis_covid_hours_for,84197,2021-09-17,Пятница,23:00,464,420,44,407,15,57,42
9027,hosp_covid_dis_covid_hours_for,84198,2021-09-16,Четверг,сутки,400,364,36,305,8,95,87
9028,hosp_covid_dis_covid_hours_for,84200,2021-09-18,Суббота,01:00,10,10,0,1,0,9,9
9029,hosp_covid_dis_covid_hours_for,84203,2021-09-18,Суббота,02:00,24,24,0,1,0,23,23
9030,hosp_covid_dis_covid_hours_for,84205,2021-09-18,Суббота,03:00,35,35,0,2,0,33,33
9031,hosp_covid_dis_covid_hours_for,84207,2021-09-18,Суббота,04:00,41,41,0,2,0,39,39
9032,hosp_covid_dis_covid_hours_for,84209,2021-09-18,Суббота,05:00,44,44,0,15,0,29,29
9033,hosp_covid_dis_covid_hours_for,84211,2021-09-18,Суббота,06:00,52,51,1,15,0,37,37
9034,hosp_covid_dis_covid_hours_for,84213,2021-09-18,Суббота,07:00,57,56,1,16,0,41,41
9035,hosp_covid_dis_covid_hours_for,84215,2021-09-18,Суббота,08:00,60,59,1,26,0,34,34
9036,hosp_covid_dis_covid_hours_for,84217,2021-09-18,Суббота,09:00,61,60,1,41,0,20,20
9037,hosp_covid_dis_covid_hours_for,84219,2021-09-18,Суббота,10:00,71,70,1,67,0,4,4
9038,hosp_covid_dis_covid_hours_for,84221,2021-09-18,Суббота,11:00,78,76,2,94,0,-16,-16
9039,hosp_covid_dis_covid_hours_for,84223,2021-09-18,Суббота,12:00,91,87,4,106,2,-15,-17
9040,hosp_covid_dis_covid_hours_for,84225,2021-09-18,Суббота,13:00,112,108,4,129,8,-17,-25
9041,hosp_covid_dis_covid_hours_for,84227,2021-09-18,Суббота,14:00,140,129,11,150,10,-10,-20
9042,hosp_covid_dis_covid_hours_for,84229,2021-09-18,Суббота,15:00,171,155,16,170,10,1,-9
9043,hosp_covid_dis_covid_hours_for,84231,2021-09-18,Суббота,16:00,197,180,17,180,11,17,6
9044,hosp_covid_dis_covid_hours_for,84233,2021-09-18,Суббота,17:00,217,199,18,183,11,34,23
9045,hosp_covid_dis_covid_hours_for,84235,2021-09-18,Суббота,18:00,247,226,21,186,11,61,50
9046,hosp_covid_dis_covid_hours_for,84237,2021-09-18,Суббота,19:00,271,247,24,190,13,81,68
9047,hosp_covid_dis_covid_hours_for,84239,2021-09-18,Суббота,20:00,295,267,28,199,13,96,83
9048,hosp_covid_dis_covid_hours_for,84241,2021-09-18,Суббота,21:00,313,285,28,200,12,113,101
9049,hosp_covid_dis_covid_hours_for,84243,2021-09-18,Суббота,22:00,339,311,28,204,12,135,123
9050,hosp_covid_dis_covid_hours_for,84249,2021-09-18,Суббота,23:00,362,333,29,205,12,157,145
9051,hosp_covid_dis_covid_hours_for,84250,2021-09-17,Пятница,сутки,487,441,46,407,15,80,65
9052,hosp_covid_dis_covid_hours_for,84252,2021-09-19,Воскресенье,01:00,10,10,0,1,0,9,9
9053,hosp_covid_dis_covid_hours_for,84255,2021-09-19,Воскресенье,02:00,24,24,0,1,0,23,23
9054,hosp_covid_dis_covid_hours_for,84257,2021-09-19,Воскресенье,03:00,32,32,0,1,0,31,31
9055,hosp_covid_dis_covid_hours_for,84259,2021-09-19,Воскресенье,04:00,42,42,0,1,0,41,41
9056,hosp_covid_dis_covid_hours_for,84261,2021-09-19,Воскресенье,05:00,46,46,0,1,0,45,45
9057,hosp_covid_dis_covid_hours_for,84263,2021-09-19,Воскресенье,06:00,50,50,0,1,0,49,49
9058,hosp_covid_dis_covid_hours_for,84265,2021-09-19,Воскресенье,07:00,57,57,0,5,0,52,52
9059,hosp_covid_dis_covid_hours_for,84267,2021-09-19,Воскресенье,08:00,61,59,2,16,0,45,45
9060,hosp_covid_dis_covid_hours_for,84269,2021-09-19,Воскресенье,09:00,64,61,3,35,0,29,29
9061,hosp_covid_dis_covid_hours_for,84271,2021-09-19,Воскресенье,10:00,65,62,3,40,2,25,23
9062,hosp_covid_dis_covid_hours_for,84273,2021-09-19,Воскресенье,11:00,73,70,3,58,3,15,12
9063,hosp_covid_dis_covid_hours_for,84275,2021-09-19,Воскресенье,12:00,92,89,3,72,3,20,17
9064,hosp_covid_dis_covid_hours_for,84277,2021-09-19,Воскресенье,13:00,117,112,5,96,3,21,18
9065,hosp_covid_dis_covid_hours_for,84279,2021-09-19,Воскресенье,14:00,143,136,7,106,4,37,33
9066,hosp_covid_dis_covid_hours_for,84281,2021-09-19,Воскресенье,15:00,166,158,8,105,5,61,56
9067,hosp_covid_dis_covid_hours_for,84283,2021-09-19,Воскресенье,16:00,190,182,8,108,5,82,77
9068,hosp_covid_dis_covid_hours_for,84285,2021-09-19,Воскресенье,17:00,211,202,9,114,5,97,92
9069,hosp_covid_dis_covid_hours_for,84287,2021-09-19,Воскресенье,18:00,228,217,11,118,6,110,104
9070,hosp_covid_dis_covid_hours_for,84289,2021-09-19,Воскресенье,19:00,253,239,14,124,6,129,123
9071,hosp_covid_dis_covid_hours_for,84291,2021-09-19,Воскресенье,20:00,276,260,16,129,6,147,141
9072,hosp_covid_dis_covid_hours_for,84293,2021-09-19,Воскресенье,21:00,302,283,19,132,6,170,164
9073,hosp_covid_dis_covid_hours_for,84295,2021-09-19,Воскресенье,22:00,322,302,20,135,6,187,181
9074,hosp_covid_dis_covid_hours_for,84301,2021-09-19,Воскресенье,23:00,343,323,20,137,7,206,199
9075,hosp_covid_dis_covid_hours_for,84302,2021-09-18,Суббота,сутки,383,354,29,208,12,175,163
9076,hosp_covid_dis_covid_hours_for,84304,2021-09-20,Понедельник,01:00,8,8,0,2,0,6,6
9077,hosp_covid_dis_covid_hours_for,84307,2021-09-20,Понедельник,02:00,30,29,1,8,0,22,22
9078,hosp_covid_dis_covid_hours_for,84309,2021-09-20,Понедельник,03:00,45,44,1,10,0,35,35
9079,hosp_covid_dis_covid_hours_for,84311,2021-09-20,Понедельник,04:00,51,50,1,10,0,41,41
9080,hosp_covid_dis_covid_hours_for,84313,2021-09-20,Понедельник,05:00,57,56,1,10,0,47,47
9081,hosp_covid_dis_covid_hours_for,84315,2021-09-20,Понедельник,06:00,64,63,1,10,0,54,54
9082,hosp_covid_dis_covid_hours_for,84317,2021-09-20,Понедельник,07:00,66,65,1,14,0,52,52
9083,hosp_covid_dis_covid_hours_for,84319,2021-09-20,Понедельник,08:00,72,71,1,26,0,46,46
9084,hosp_covid_dis_covid_hours_for,84321,2021-09-20,Понедельник,09:00,73,72,1,52,0,21,21
9085,hosp_covid_dis_covid_hours_for,84323,2021-09-20,Понедельник,10:00,78,76,2,75,0,3,3
9086,hosp_covid_dis_covid_hours_for,84325,2021-09-20,Понедельник,11:00,92,88,4,90,2,2,0
9087,hosp_covid_dis_covid_hours_for,84327,2021-09-20,Понедельник,12:00,113,108,5,123,7,-10,-17
9088,hosp_covid_dis_covid_hours_for,84329,2021-09-20,Понедельник,13:00,146,139,7,163,11,-17,-28
9089,hosp_covid_dis_covid_hours_for,84331,2021-09-20,Понедельник,14:00,179,171,8,216,13,-37,-50
9090,hosp_covid_dis_covid_hours_for,84333,2021-09-20,Понедельник,15:00,210,196,14,278,15,-68,-83
9091,hosp_covid_dis_covid_hours_for,84335,2021-09-20,Понедельник,16:00,265,243,22,328,16,-63,-79
9092,hosp_covid_dis_covid_hours_for,84337,2021-09-20,Понедельник,17:00,303,275,28,353,18,-50,-68
9093,hosp_covid_dis_covid_hours_for,84339,2021-09-20,Понедельник,18:00,337,304,33,380,18,-43,-61
9094,hosp_covid_dis_covid_hours_for,84341,2021-09-20,Понедельник,19:00,368,328,40,385,18,-17,-35
9095,hosp_covid_dis_covid_hours_for,84343,2021-09-20,Понедельник,20:00,404,358,46,390,18,14,-4
9096,hosp_covid_dis_covid_hours_for,84345,2021-09-20,Понедельник,21:00,445,397,48,391,18,54,36
9097,hosp_covid_dis_covid_hours_for,84347,2021-09-20,Понедельник,22:01,479,430,49,393,18,86,68
9098,hosp_covid_dis_covid_hours_for,84353,2021-09-20,Понедельник,23:00,485,435,50,393,18,92,74
9099,hosp_covid_dis_covid_hours_for,84354,2021-09-19,Воскресенье,сутки,363,343,20,141,7,222,215
9100,hosp_covid_dis_covid_hours_for,84356,2021-09-21,Вторник,01:00,14,14,0,5,0,9,9
9101,hosp_covid_dis_covid_hours_for,84359,2021-09-21,Вторник,02:00,36,36,0,11,0,25,25
9102,hosp_covid_dis_covid_hours_for,84361,2021-09-21,Вторник,03:00,55,55,0,14,0,41,41
9103,hosp_covid_dis_covid_hours_for,84363,2021-09-21,Вторник,04:00,65,65,0,15,0,50,50
9104,hosp_covid_dis_covid_hours_for,84365,2021-09-21,Вторник,05:00,72,72,0,15,0,57,57
9105,hosp_covid_dis_covid_hours_for,84367,2021-09-21,Вторник,06:00,73,73,0,16,0,57,57
9106,hosp_covid_dis_covid_hours_for,84369,2021-09-21,Вторник,07:00,80,80,0,20,0,60,60
9107,hosp_covid_dis_covid_hours_for,84371,2021-09-21,Вторник,08:00,82,82,0,32,0,50,50
9108,hosp_covid_dis_covid_hours_for,84373,2021-09-21,Вторник,09:00,84,83,1,55,0,29,29
9109,hosp_covid_dis_covid_hours_for,84375,2021-09-21,Вторник,10:00,112,109,3,79,0,33,33
9110,hosp_covid_dis_covid_hours_for,84377,2021-09-21,Вторник,11:00,122,118,4,112,0,10,10
9111,hosp_covid_dis_covid_hours_for,84379,2021-09-21,Вторник,12:00,150,143,7,178,5,-28,-33
9112,hosp_covid_dis_covid_hours_for,84381,2021-09-21,Вторник,13:00,182,171,11,221,5,-39,-44
9113,hosp_covid_dis_covid_hours_for,84383,2021-09-21,Вторник,14:00,218,203,15,266,5,-48,-53
9114,hosp_covid_dis_covid_hours_for,84385,2021-09-21,Вторник,15:00,262,238,24,298,5,-36,-41
9115,hosp_covid_dis_covid_hours_for,84387,2021-09-21,Вторник,16:00,293,265,28,341,7,-48,-55
9116,hosp_covid_dis_covid_hours_for,84389,2021-09-21,Вторник,17:00,341,305,36,350,9,-9,-18
9117,hosp_covid_dis_covid_hours_for,84391,2021-09-21,Вторник,18:00,375,333,42,378,9,-3,-12
9118,hosp_covid_dis_covid_hours_for,84393,2021-09-21,Вторник,19:00,408,359,49,403,10,5,-5
9119,hosp_covid_dis_covid_hours_for,84395,2021-09-21,Вторник,20:00,437,387,50,412,11,25,14
9120,hosp_covid_dis_covid_hours_for,84397,2021-09-21,Вторник,21:10,471,419,52,412,11,59,48
9121,hosp_covid_dis_covid_hours_for,84399,2021-09-21,Вторник,22:00,512,457,55,413,11,99,88
9122,hosp_covid_dis_covid_hours_for,84405,2021-09-21,Вторник,23:00,529,474,55,419,11,110,99
9123,hosp_covid_dis_covid_hours_for,84406,2021-09-20,Понедельник,сутки,520,468,52,396,18,124,106
9124,hosp_covid_dis_covid_hours_for,84408,2021-09-22,Среда,01:00,14,13,1,0,0,14,14
9125,hosp_covid_dis_covid_hours_for,84411,2021-09-22,Среда,02:00,31,30,1,3,0,28,28
9126,hosp_covid_dis_covid_hours_for,84413,2021-09-22,Среда,03:00,45,44,1,9,0,36,36
9127,hosp_covid_dis_covid_hours_for,84415,2021-09-22,Среда,04:00,56,55,1,16,0,40,40
9128,hosp_covid_dis_covid_hours_for,84417,2021-09-22,Среда,05:00,64,63,1,17,0,47,47
9129,hosp_covid_dis_covid_hours_for,84419,2021-09-22,Среда,06:00,68,67,1,18,0,50,50
9130,hosp_covid_dis_covid_hours_for,84421,2021-09-22,Среда,07:00,71,70,1,19,0,52,52
9131,hosp_covid_dis_covid_hours_for,84423,2021-09-22,Среда,08:00,74,73,1,40,0,34,34
9132,hosp_covid_dis_covid_hours_for,84425,2021-09-22,Среда,09:00,78,76,2,61,0,17,17
9133,hosp_covid_dis_covid_hours_for,84427,2021-09-22,Среда,10:00,80,78,2,86,1,-6,-7
9134,hosp_covid_dis_covid_hours_for,84429,2021-09-22,Среда,11:00,100,97,3,121,1,-21,-22
9135,hosp_covid_dis_covid_hours_for,84431,2021-09-22,Среда,12:00,114,110,4,155,1,-41,-42
9136,hosp_covid_dis_covid_hours_for,84433,2021-09-22,Среда,13:00,153,142,11,206,8,-53,-61
9137,hosp_covid_dis_covid_hours_for,84435,2021-09-22,Среда,14:00,165,154,11,247,9,-82,-91
9138,hosp_covid_dis_covid_hours_for,84437,2021-09-22,Среда,15:00,165,154,11,252,9,-87,-96
9139,hosp_covid_dis_covid_hours_for,84439,2021-09-22,Среда,19:00,388,359,29,390,9,-2,-11
9140,hosp_covid_dis_covid_hours_for,84441,2021-09-22,Среда,20:00,428,396,32,401,10,27,17
9141,hosp_covid_dis_covid_hours_for,84443,2021-09-22,Среда,21:00,465,429,36,402,11,63,52
9142,hosp_covid_dis_covid_hours_for,84445,2021-09-22,Среда,22:00,494,454,40,403,11,91,80
9143,hosp_covid_dis_covid_hours_for,84451,2021-09-22,Среда,23:00,521,481,40,405,11,116,105
9144,hosp_covid_dis_covid_hours_for,84452,2021-09-21,Вторник,сутки,555,498,57,422,11,133,122
9145,hosp_covid_dis_covid_hours_for,84454,2021-09-23,Четверг,01:00,16,16,0,4,0,12,12
9146,hosp_covid_dis_covid_hours_for,84457,2021-09-23,Четверг,02:00,29,29,0,9,0,20,20
9147,hosp_covid_dis_covid_hours_for,84459,2021-09-23,Четверг,03:00,43,42,1,12,0,31,31
9148,hosp_covid_dis_covid_hours_for,84461,2021-09-23,Четверг,04:00,56,54,2,13,0,43,43
9149,hosp_covid_dis_covid_hours_for,84463,2021-09-23,Четверг,05:00,62,60,2,13,0,49,49
9150,hosp_covid_dis_covid_hours_for,84465,2021-09-23,Четверг,06:00,68,66,2,15,0,53,53
9151,hosp_covid_dis_covid_hours_for,84467,2021-09-23,Четверг,07:00,76,74,2,19,0,57,57
9152,hosp_covid_dis_covid_hours_for,84469,2021-09-23,Четверг,08:00,83,81,2,32,0,51,51
9153,hosp_covid_dis_covid_hours_for,84471,2021-09-23,Четверг,09:00,90,88,2,46,0,44,44
9154,hosp_covid_dis_covid_hours_for,84473,2021-09-23,Четверг,10:00,98,94,4,75,0,23,23
9155,hosp_covid_dis_covid_hours_for,84475,2021-09-23,Четверг,11:00,118,112,6,125,1,-7,-8
9156,hosp_covid_dis_covid_hours_for,84477,2021-09-23,Четверг,12:00,144,136,8,146,5,-2,-7
9157,hosp_covid_dis_covid_hours_for,84479,2021-09-23,Четверг,13:00,166,154,12,177,7,-11,-18
9158,hosp_covid_dis_covid_hours_for,84481,2021-09-23,Четверг,14:00,201,187,14,208,10,-7,-17
9159,hosp_covid_dis_covid_hours_for,84483,2021-09-23,Четверг,15:00,223,206,17,260,10,-37,-47
9160,hosp_covid_dis_covid_hours_for,84485,2021-09-23,Четверг,16:00,261,239,22,300,10,-39,-49
9161,hosp_covid_dis_covid_hours_for,84487,2021-09-23,Четверг,17:00,308,275,33,318,10,-10,-20
9162,hosp_covid_dis_covid_hours_for,84489,2021-09-23,Четверг,18:00,341,306,35,337,10,4,-6
9163,hosp_covid_dis_covid_hours_for,84491,2021-09-23,Четверг,19:00,390,350,40,360,10,30,20
9164,hosp_covid_dis_covid_hours_for,84493,2021-09-23,Четверг,20:00,436,393,43,380,10,56,46
9165,hosp_covid_dis_covid_hours_for,84495,2021-09-23,Четверг,21:00,480,431,49,385,10,95,85
9166,hosp_covid_dis_covid_hours_for,84497,2021-09-23,Четверг,22:00,517,464,53,390,10,127,117
9167,hosp_covid_dis_covid_hours_for,84503,2021-09-23,Четверг,23:00,550,496,54,393,10,157,147
9168,hosp_covid_dis_covid_hours_for,84504,2021-09-22,Среда,сутки,561,516,45,406,11,155,144
9169,hosp_covid_dis_covid_hours_for,84506,2021-09-24,Пятница,01:00,15,14,1,0,0,15,15
9170,hosp_covid_dis_covid_hours_for,84509,2021-09-24,Пятница,02:00,34,33,1,3,0,31,31
9171,hosp_covid_dis_covid_hours_for,84511,2021-09-24,Пятница,03:00,46,45,1,4,0,42,42
9172,hosp_covid_dis_covid_hours_for,84513,2021-09-24,Пятница,04:00,57,56,1,5,0,52,52
9173,hosp_covid_dis_covid_hours_for,84515,2021-09-24,Пятница,05:00,67,66,1,5,0,62,62
9174,hosp_covid_dis_covid_hours_for,84517,2021-09-24,Пятница,06:00,75,74,1,7,0,68,68
9175,hosp_covid_dis_covid_hours_for,84519,2021-09-24,Пятница,07:00,81,80,1,11,0,70,70
9176,hosp_covid_dis_covid_hours_for,84521,2021-09-24,Пятница,08:00,86,85,1,30,0,56,56
9177,hosp_covid_dis_covid_hours_for,84523,2021-09-24,Пятница,09:00,91,90,1,60,0,31,31
9178,hosp_covid_dis_covid_hours_for,84525,2021-09-24,Пятница,10:00,96,94,2,88,0,8,8
9179,hosp_covid_dis_covid_hours_for,84527,2021-09-24,Пятница,11:00,110,108,2,127,0,-17,-17
9180,hosp_covid_dis_covid_hours_for,84529,2021-09-24,Пятница,12:00,137,133,4,180,1,-43,-44
9181,hosp_covid_dis_covid_hours_for,84531,2021-09-24,Пятница,13:00,181,176,5,244,5,-63,-68
9182,hosp_covid_dis_covid_hours_for,84533,2021-09-24,Пятница,14:00,216,209,7,289,8,-73,-81
9183,hosp_covid_dis_covid_hours_for,84535,2021-09-24,Пятница,15:00,250,242,8,330,10,-80,-90
9184,hosp_covid_dis_covid_hours_for,84537,2021-09-24,Пятница,16:00,284,267,17,369,11,-85,-96
9185,hosp_covid_dis_covid_hours_for,84539,2021-09-24,Пятница,17:00,328,306,22,386,11,-58,-69
9186,hosp_covid_dis_covid_hours_for,84541,2021-09-24,Пятница,18:00,359,336,23,399,11,-40,-51
9187,hosp_covid_dis_covid_hours_for,84543,2021-09-24,Пятница,19:00,402,374,28,416,11,-14,-25
9188,hosp_covid_dis_covid_hours_for,84545,2021-09-24,Пятница,20:00,429,397,32,453,11,-24,-35
9189,hosp_covid_dis_covid_hours_for,84547,2021-09-24,Пятница,21:00,465,430,35,467,11,-2,-13
9190,hosp_covid_dis_covid_hours_for,84549,2021-09-24,Пятница,22:00,482,445,37,476,11,6,-5
9191,hosp_covid_dis_covid_hours_for,84555,2021-09-24,Пятница,23:00,519,479,40,479,11,40,29
9192,hosp_covid_dis_covid_hours_for,84556,2021-09-23,Четверг,сутки,579,524,55,397,10,182,172
9193,hosp_covid_dis_covid_hours_for,84558,2021-09-25,Суббота,01:00,7,7,0,1,0,6,6
9194,hosp_covid_dis_covid_hours_for,84561,2021-09-25,Суббота,02:00,22,22,0,4,0,18,18
9195,hosp_covid_dis_covid_hours_for,84563,2021-09-25,Суббота,03:00,36,36,0,6,0,30,30
9196,hosp_covid_dis_covid_hours_for,84565,2021-09-25,Суббота,04:00,44,44,0,7,0,37,37
9197,hosp_covid_dis_covid_hours_for,84567,2021-09-25,Суббота,05:00,53,53,0,7,0,46,46
9198,hosp_covid_dis_covid_hours_for,84569,2021-09-25,Суббота,06:00,58,58,0,8,0,50,50
9199,hosp_covid_dis_covid_hours_for,84571,2021-09-25,Суббота,07:00,60,60,0,8,0,52,52
9200,hosp_covid_dis_covid_hours_for,84573,2021-09-25,Суббота,08:00,65,65,0,22,0,43,43
9201,hosp_covid_dis_covid_hours_for,84575,2021-09-25,Суббота,09:00,66,65,1,42,0,24,24
9202,hosp_covid_dis_covid_hours_for,84577,2021-09-25,Суббота,10:00,69,68,1,62,0,7,7
9203,hosp_covid_dis_covid_hours_for,84579,2021-09-25,Суббота,11:00,80,77,3,91,0,-11,-11
9204,hosp_covid_dis_covid_hours_for,84581,2021-09-25,Суббота,12:00,95,91,4,132,1,-37,-38
9205,hosp_covid_dis_covid_hours_for,84583,2021-09-25,Суббота,13:00,121,115,6,166,6,-45,-51
9206,hosp_covid_dis_covid_hours_for,84585,2021-09-25,Суббота,14:00,148,138,10,196,6,-48,-54
9207,hosp_covid_dis_covid_hours_for,84587,2021-09-25,Суббота,15:00,171,159,12,211,7,-40,-47
9208,hosp_covid_dis_covid_hours_for,84589,2021-09-25,Суббота,16:00,196,184,12,232,8,-36,-44
9209,hosp_covid_dis_covid_hours_for,84591,2021-09-25,Суббота,17:00,220,207,13,247,8,-27,-35
9210,hosp_covid_dis_covid_hours_for,84593,2021-09-25,Суббота,18:00,246,229,17,253,9,-7,-16
9211,hosp_covid_dis_covid_hours_for,84595,2021-09-25,Суббота,19:00,272,251,21,274,9,-2,-11
9212,hosp_covid_dis_covid_hours_for,84597,2021-09-25,Суббота,21:00,379,349,30,305,9,74,65
9213,hosp_covid_dis_covid_hours_for,84599,2021-09-25,Суббота,22:00,402,371,31,309,9,93,84
9214,hosp_covid_dis_covid_hours_for,84605,2021-09-25,Суббота,23:00,432,398,34,310,9,122,113
9215,hosp_covid_dis_covid_hours_for,84606,2021-09-24,Пятница,сутки,557,517,40,481,11,76,65
9216,hosp_covid_dis_covid_hours_for,84608,2021-09-26,Воскресенье,01:00,14,14,0,5,0,9,9
9217,hosp_covid_dis_covid_hours_for,84611,2021-09-26,Воскресенье,02:00,37,37,0,7,0,30,30
9218,hosp_covid_dis_covid_hours_for,84613,2021-09-26,Воскресенье,03:00,49,49,0,8,0,41,41
9219,hosp_covid_dis_covid_hours_for,84615,2021-09-26,Воскресенье,04:00,60,60,0,10,0,50,50
9220,hosp_covid_dis_covid_hours_for,84617,2021-09-26,Воскресенье,05:00,71,71,0,11,0,60,60
9221,hosp_covid_dis_covid_hours_for,84619,2021-09-26,Воскресенье,06:00,78,78,0,12,2,66,64
9222,hosp_covid_dis_covid_hours_for,84621,2021-09-26,Воскресенье,07:00,85,85,0,14,2,71,69
9223,hosp_covid_dis_covid_hours_for,84623,2021-09-26,Воскресенье,08:00,86,86,0,31,2,55,53
9224,hosp_covid_dis_covid_hours_for,84625,2021-09-26,Воскресенье,09:00,89,89,0,44,2,45,43
9225,hosp_covid_dis_covid_hours_for,84627,2021-09-26,Воскресенье,10:00,95,95,0,84,2,11,9
9226,hosp_covid_dis_covid_hours_for,84629,2021-09-26,Воскресенье,11:00,107,106,1,118,8,-11,-19
9227,hosp_covid_dis_covid_hours_for,84631,2021-09-26,Воскресенье,12:00,121,120,1,139,10,-18,-28
9228,hosp_covid_dis_covid_hours_for,84633,2021-09-26,Воскресенье,13:00,140,138,2,173,16,-33,-49
9229,hosp_covid_dis_covid_hours_for,84635,2021-09-26,Воскресенье,14:00,169,166,3,197,17,-28,-45
9230,hosp_covid_dis_covid_hours_for,84637,2021-09-26,Воскресенье,15:00,201,197,4,226,15,-25,-40
9231,hosp_covid_dis_covid_hours_for,84639,2021-09-26,Воскресенье,16:00,238,229,9,239,15,-1,-16
9232,hosp_covid_dis_covid_hours_for,84641,2021-09-26,Воскресенье,17:00,263,252,11,250,15,13,-2
9233,hosp_covid_dis_covid_hours_for,84643,2021-09-26,Воскресенье,18:00,287,274,13,253,15,34,19
9234,hosp_covid_dis_covid_hours_for,84645,2021-09-26,Воскресенье,19:00,313,299,14,263,15,50,35
9235,hosp_covid_dis_covid_hours_for,84647,2021-09-26,Воскресенье,20:00,350,333,17,266,15,84,69
9236,hosp_covid_dis_covid_hours_for,84649,2021-09-26,Воскресенье,21:00,374,354,20,270,16,104,88
9237,hosp_covid_dis_covid_hours_for,84651,2021-09-26,Воскресенье,22:00,401,379,22,271,16,130,114
9238,hosp_covid_dis_covid_hours_for,84657,2021-09-26,Воскресенье,23:00,427,404,23,276,16,151,135
9239,hosp_covid_dis_covid_hours_for,84658,2021-09-25,Суббота,сутки,449,415,34,316,9,133,124
9240,hosp_covid_dis_covid_hours_for,84660,2021-09-27,Понедельник,01:00,9,7,2,2,1,7,6
9241,hosp_covid_dis_covid_hours_for,84663,2021-09-27,Понедельник,02:00,26,24,2,5,1,21,20
9242,hosp_covid_dis_covid_hours_for,84665,2021-09-27,Понедельник,03:00,40,37,3,6,1,34,33
9243,hosp_covid_dis_covid_hours_for,84667,2021-09-27,Понедельник,04:00,51,45,6,9,1,42,41
9244,hosp_covid_dis_covid_hours_for,84669,2021-09-27,Понедельник,05:00,55,49,6,12,2,43,41
9245,hosp_covid_dis_covid_hours_for,84671,2021-09-27,Понедельник,06:00,59,53,6,12,2,47,45
9246,hosp_covid_dis_covid_hours_for,84673,2021-09-27,Понедельник,07:00,64,58,6,17,2,47,45
9247,hosp_covid_dis_covid_hours_for,84675,2021-09-27,Понедельник,08:00,65,59,6,28,2,37,35
9248,hosp_covid_dis_covid_hours_for,84677,2021-09-27,Понедельник,09:00,69,62,7,45,2,24,22
9249,hosp_covid_dis_covid_hours_for,84679,2021-09-27,Понедельник,10:00,73,65,8,78,3,-5,-8
9250,hosp_covid_dis_covid_hours_for,84681,2021-09-27,Понедельник,11:01,85,76,9,108,4,-23,-27
9251,hosp_covid_dis_covid_hours_for,84683,2021-09-27,Понедельник,12:00,102,92,10,169,4,-67,-71
9252,hosp_covid_dis_covid_hours_for,84685,2021-09-27,Понедельник,13:00,129,116,13,217,10,-88,-98
9253,hosp_covid_dis_covid_hours_for,84687,2021-09-27,Понедельник,14:00,161,148,13,273,12,-112,-124
9254,hosp_covid_dis_covid_hours_for,84689,2021-09-27,Понедельник,15:00,219,201,18,330,12,-111,-123
9255,hosp_covid_dis_covid_hours_for,84691,2021-09-27,Понедельник,16:00,265,246,19,396,13,-131,-144
9256,hosp_covid_dis_covid_hours_for,84693,2021-09-27,Понедельник,17:00,313,288,25,436,13,-123,-136
9257,hosp_covid_dis_covid_hours_for,84695,2021-09-27,Понедельник,18:00,358,329,29,499,13,-141,-154
9258,hosp_covid_dis_covid_hours_for,84697,2021-09-27,Понедельник,19:00,407,373,34,510,13,-103,-116
9259,hosp_covid_dis_covid_hours_for,84699,2021-09-27,Понедельник,20:00,450,409,41,518,13,-68,-81
9260,hosp_covid_dis_covid_hours_for,84701,2021-09-27,Понедельник,21:00,497,455,42,521,13,-24,-37
9261,hosp_covid_dis_covid_hours_for,84703,2021-09-27,Понедельник,22:00,542,493,49,525,13,17,4
9262,hosp_covid_dis_covid_hours_for,84709,2021-09-27,Понедельник,23:00,579,523,56,527,13,52,39
9263,hosp_covid_dis_covid_hours_for,84710,2021-09-26,Воскресенье,сутки,445,420,25,278,16,167,151
9264,hosp_covid_dis_covid_hours_for,84712,2021-09-28,Вторник,01:00,22,22,0,3,0,19,19
9265,hosp_covid_dis_covid_hours_for,84715,2021-09-28,Вторник,02:00,40,40,0,4,0,36,36
9266,hosp_covid_dis_covid_hours_for,84717,2021-09-28,Вторник,03:00,52,52,0,5,0,47,47
9267,hosp_covid_dis_covid_hours_for,84719,2021-09-28,Вторник,04:00,63,63,0,5,0,58,58
9268,hosp_covid_dis_covid_hours_for,84721,2021-09-28,Вторник,05:00,73,73,0,5,0,68,68
9269,hosp_covid_dis_covid_hours_for,84723,2021-09-28,Вторник,06:00,79,79,0,7,2,72,70
9270,hosp_covid_dis_covid_hours_for,84725,2021-09-28,Вторник,07:00,83,83,0,13,2,70,68
9271,hosp_covid_dis_covid_hours_for,84727,2021-09-28,Вторник,08:00,90,90,0,29,2,61,59
9272,hosp_covid_dis_covid_hours_for,84729,2021-09-28,Вторник,09:00,96,94,2,58,2,38,36
9273,hosp_covid_dis_covid_hours_for,84731,2021-09-28,Вторник,10:00,105,101,4,96,2,9,7
9274,hosp_covid_dis_covid_hours_for,84733,2021-09-28,Вторник,11:00,128,123,5,147,4,-19,-23
9275,hosp_covid_dis_covid_hours_for,84735,2021-09-28,Вторник,12:00,153,146,7,211,6,-58,-64
9276,hosp_covid_dis_covid_hours_for,84737,2021-09-28,Вторник,13:00,200,189,11,267,8,-67,-75
9277,hosp_covid_dis_covid_hours_for,84739,2021-09-28,Вторник,14:00,235,220,15,332,9,-97,-106
9278,hosp_covid_dis_covid_hours_for,84741,2021-09-28,Вторник,15:00,284,265,19,379,9,-95,-104
9279,hosp_covid_dis_covid_hours_for,84743,2021-09-28,Вторник,16:00,322,302,20,418,7,-96,-103
9280,hosp_covid_dis_covid_hours_for,84745,2021-09-28,Вторник,17:00,366,343,23,451,7,-85,-92
9281,hosp_covid_dis_covid_hours_for,84747,2021-09-28,Вторник,18:00,408,382,26,479,8,-71,-79
9282,hosp_covid_dis_covid_hours_for,84749,2021-09-28,Вторник,19:00,450,418,32,523,9,-73,-82
9283,hosp_covid_dis_covid_hours_for,84751,2021-09-28,Вторник,20:00,483,446,37,533,9,-50,-59
9284,hosp_covid_dis_covid_hours_for,84753,2021-09-28,Вторник,21:00,504,464,40,534,9,-30,-39
9285,hosp_covid_dis_covid_hours_for,84755,2021-09-28,Вторник,22:00,543,498,45,540,9,3,-6
9286,hosp_covid_dis_covid_hours_for,84761,2021-09-28,Вторник,23:00,590,535,55,550,9,40,31
9287,hosp_covid_dis_covid_hours_for,84762,2021-09-27,Понедельник,сутки,623,562,61,528,13,95,82
9288,hosp_covid_dis_covid_hours_for,84764,2021-09-29,Среда,01:00,15,14,1,4,0,11,11
9289,hosp_covid_dis_covid_hours_for,84767,2021-09-29,Среда,02:00,33,31,2,5,0,28,28
9290,hosp_covid_dis_covid_hours_for,84769,2021-09-29,Среда,03:00,50,48,2,6,0,44,44
9291,hosp_covid_dis_covid_hours_for,84771,2021-09-29,Среда,04:00,57,55,2,5,0,52,52
9292,hosp_covid_dis_covid_hours_for,84773,2021-09-29,Среда,05:04,69,67,2,5,0,64,64
9293,hosp_covid_dis_covid_hours_for,84775,2021-09-29,Среда,06:00,73,71,2,6,0,67,67
9294,hosp_covid_dis_covid_hours_for,84777,2021-09-29,Среда,07:00,82,80,2,13,0,69,69
9295,hosp_covid_dis_covid_hours_for,84779,2021-09-29,Среда,08:00,84,82,2,22,0,62,62
9296,hosp_covid_dis_covid_hours_for,84781,2021-09-29,Среда,09:00,88,86,2,54,0,34,34
9297,hosp_covid_dis_covid_hours_for,84783,2021-09-29,Среда,10:00,111,109,2,87,0,24,24
9298,hosp_covid_dis_covid_hours_for,84785,2021-09-29,Среда,11:00,128,124,4,125,5,3,-2
9299,hosp_covid_dis_covid_hours_for,84787,2021-09-29,Среда,12:00,154,149,5,188,9,-34,-43
9300,hosp_covid_dis_covid_hours_for,84789,2021-09-29,Среда,13:00,186,178,8,240,11,-54,-65
9301,hosp_covid_dis_covid_hours_for,84791,2021-09-29,Среда,14:00,233,220,13,283,11,-50,-61
9302,hosp_covid_dis_covid_hours_for,84793,2021-09-29,Среда,15:00,272,258,14,373,11,-101,-112
9303,hosp_covid_dis_covid_hours_for,84795,2021-09-29,Среда,16:00,313,294,19,416,11,-103,-114
9304,hosp_covid_dis_covid_hours_for,84797,2021-09-29,Среда,17:00,354,329,25,437,13,-83,-96
9305,hosp_covid_dis_covid_hours_for,84799,2021-09-29,Среда,18:00,397,369,28,479,14,-82,-96
9306,hosp_covid_dis_covid_hours_for,84801,2021-09-29,Среда,19:00,441,409,32,501,14,-60,-74
9307,hosp_covid_dis_covid_hours_for,84803,2021-09-29,Среда,20:00,472,433,39,507,16,-35,-51
9308,hosp_covid_dis_covid_hours_for,84805,2021-09-29,Среда,21:00,523,478,45,508,16,15,-1
9309,hosp_covid_dis_covid_hours_for,84807,2021-09-29,Среда,22:00,558,512,46,511,17,47,30
9310,hosp_covid_dis_covid_hours_for,84813,2021-09-29,Среда,23:00,599,551,48,517,17,82,65
9311,hosp_covid_dis_covid_hours_for,84814,2021-09-28,Вторник,сутки,630,572,58,553,9,77,68
9312,hosp_covid_dis_covid_hours_for,84816,2021-09-30,Четверг,01:00,14,14,0,0,0,14,14
9313,hosp_covid_dis_covid_hours_for,84819,2021-09-30,Четверг,02:00,36,36,0,1,0,35,35
9314,hosp_covid_dis_covid_hours_for,84821,2021-09-30,Четверг,03:00,51,51,0,2,0,49,49
9315,hosp_covid_dis_covid_hours_for,84823,2021-09-30,Четверг,04:00,71,71,0,6,0,65,65
9316,hosp_covid_dis_covid_hours_for,84825,2021-09-30,Четверг,05:00,82,82,0,7,0,75,75
9317,hosp_covid_dis_covid_hours_for,84827,2021-09-30,Четверг,06:00,89,89,0,7,0,82,82
9318,hosp_covid_dis_covid_hours_for,84829,2021-09-30,Четверг,07:00,98,98,0,11,0,87,87
9319,hosp_covid_dis_covid_hours_for,84831,2021-09-30,Четверг,08:00,101,101,0,19,0,82,82
9320,hosp_covid_dis_covid_hours_for,84833,2021-09-30,Четверг,09:00,116,114,2,50,0,66,66
9321,hosp_covid_dis_covid_hours_for,84835,2021-09-30,Четверг,10:00,126,123,3,86,0,40,40
9322,hosp_covid_dis_covid_hours_for,84837,2021-09-30,Четверг,11:00,143,139,4,127,3,16,13
9323,hosp_covid_dis_covid_hours_for,84839,2021-09-30,Четверг,12:00,174,164,10,178,7,-4,-11
9324,hosp_covid_dis_covid_hours_for,84841,2021-09-30,Четверг,13:00,207,194,13,253,12,-46,-58
9325,hosp_covid_dis_covid_hours_for,84843,2021-09-30,Четверг,14:00,239,224,15,333,12,-94,-106
9326,hosp_covid_dis_covid_hours_for,84845,2021-09-30,Четверг,15:00,284,267,17,389,14,-105,-119
9327,hosp_covid_dis_covid_hours_for,84847,2021-09-30,Четверг,16:00,321,301,20,433,14,-112,-126
9328,hosp_covid_dis_covid_hours_for,84849,2021-09-30,Четверг,17:00,369,344,25,471,14,-102,-116
9329,hosp_covid_dis_covid_hours_for,84851,2021-09-30,Четверг,18:00,424,396,28,496,14,-72,-86
9330,hosp_covid_dis_covid_hours_for,84853,2021-09-30,Четверг,19:00,477,445,32,506,14,-29,-43
9331,hosp_covid_dis_covid_hours_for,84855,2021-09-30,Четверг,20:00,526,489,37,516,16,10,-6
9332,hosp_covid_dis_covid_hours_for,84857,2021-09-30,Четверг,21:00,569,527,42,517,16,52,36
9333,hosp_covid_dis_covid_hours_for,84859,2021-09-30,Четверг,22:00,602,558,44,517,16,85,69
9334,hosp_covid_dis_covid_hours_for,84865,2021-09-30,Четверг,23:00,628,581,47,522,16,106,90
9335,hosp_covid_dis_covid_hours_for,84866,2021-09-29,Среда,сутки,635,582,53,519,17,116,99
9336,hosp_covid_dis_covid_hours_for,84868,2021-10-01,Пятница,01:00,12,12,0,0,0,12,12
9337,hosp_covid_dis_covid_hours_for,84871,2021-10-01,Пятница,02:00,26,26,0,0,0,26,26
9338,hosp_covid_dis_covid_hours_for,84873,2021-10-01,Пятница,03:00,40,40,0,0,0,40,40
9339,hosp_covid_dis_covid_hours_for,84875,2021-10-01,Пятница,04:00,50,50,0,0,0,50,50
9340,hosp_covid_dis_covid_hours_for,84877,2021-10-01,Пятница,05:00,60,60,0,1,0,59,59
9341,hosp_covid_dis_covid_hours_for,84879,2021-10-01,Пятница,06:00,69,69,0,2,0,67,67
9342,hosp_covid_dis_covid_hours_for,84881,2021-10-01,Пятница,07:00,75,75,0,12,0,63,63
9343,hosp_covid_dis_covid_hours_for,84883,2021-10-01,Пятница,08:00,79,78,1,38,0,41,41
9344,hosp_covid_dis_covid_hours_for,84885,2021-10-01,Пятница,09:00,94,93,1,61,0,33,33
9345,hosp_covid_dis_covid_hours_for,84887,2021-10-01,Пятница,10:00,103,100,3,102,0,1,1
9346,hosp_covid_dis_covid_hours_for,84889,2021-10-01,Пятница,11:00,121,114,7,155,5,-34,-39
9347,hosp_covid_dis_covid_hours_for,84891,2021-10-01,Пятница,12:00,161,148,13,207,13,-46,-59
9348,hosp_covid_dis_covid_hours_for,84893,2021-10-01,Пятница,13:00,196,182,14,269,16,-73,-89
9349,hosp_covid_dis_covid_hours_for,84895,2021-10-01,Пятница,14:00,245,224,21,320,16,-75,-91
9350,hosp_covid_dis_covid_hours_for,84897,2021-10-01,Пятница,15:00,289,260,29,426,16,-137,-153
9351,hosp_covid_dis_covid_hours_for,84899,2021-10-01,Пятница,16:00,329,298,31,495,16,-166,-182
9352,hosp_covid_dis_covid_hours_for,84901,2021-10-01,Пятница,17:00,381,339,42,535,16,-154,-170
9353,hosp_covid_dis_covid_hours_for,84903,2021-10-01,Пятница,18:00,430,381,49,551,17,-121,-138
9354,hosp_covid_dis_covid_hours_for,84905,2021-10-01,Пятница,19:00,486,432,54,570,20,-84,-104
9355,hosp_covid_dis_covid_hours_for,84907,2021-10-01,Пятница,20:00,546,486,60,600,20,-54,-74
9356,hosp_covid_dis_covid_hours_for,84909,2021-10-01,Пятница,21:00,591,522,69,607,20,-16,-36
9357,hosp_covid_dis_covid_hours_for,84911,2021-10-01,Пятница,22:00,637,565,72,608,20,29,9
9358,hosp_covid_dis_covid_hours_for,84917,2021-10-01,Пятница,23:00,683,609,74,613,20,70,50
9359,hosp_covid_dis_covid_hours_for,84918,2021-09-30,Четверг,сутки,665,615,50,524,16,141,125
9360,hosp_covid_dis_covid_hours_for,84920,2021-10-02,Суббота,01:00,20,20,0,0,0,20,20
9361,hosp_covid_dis_covid_hours_for,84923,2021-10-02,Суббота,02:00,45,44,1,0,0,45,45
9362,hosp_covid_dis_covid_hours_for,84925,2021-10-02,Суббота,03:00,60,59,1,0,0,60,60
9363,hosp_covid_dis_covid_hours_for,84927,2021-10-02,Суббота,04:00,74,73,1,0,0,74,74
9364,hosp_covid_dis_covid_hours_for,84929,2021-10-02,Суббота,05:00,89,88,1,0,0,89,89
9365,hosp_covid_dis_covid_hours_for,84931,2021-10-02,Суббота,06:00,90,89,1,0,0,90,90
9366,hosp_covid_dis_covid_hours_for,84933,2021-10-02,Суббота,07:00,97,96,1,3,0,94,94
9367,hosp_covid_dis_covid_hours_for,84935,2021-10-02,Суббота,08:00,106,105,1,19,0,87,87
9368,hosp_covid_dis_covid_hours_for,84937,2021-10-02,Суббота,09:00,109,107,2,54,0,55,55
9369,hosp_covid_dis_covid_hours_for,84939,2021-10-02,Суббота,10:00,117,113,4,97,4,20,16
9370,hosp_covid_dis_covid_hours_for,84941,2021-10-02,Суббота,11:00,134,127,7,132,9,2,-7
9371,hosp_covid_dis_covid_hours_for,84943,2021-10-02,Суббота,12:00,162,150,12,176,10,-14,-24
9372,hosp_covid_dis_covid_hours_for,84945,2021-10-02,Суббота,13:00,194,178,16,226,16,-32,-48
9373,hosp_covid_dis_covid_hours_for,84947,2021-10-02,Суббота,14:00,235,214,21,259,18,-24,-42
9374,hosp_covid_dis_covid_hours_for,84949,2021-10-02,Суббота,15:00,277,250,27,276,19,1,-18
9375,hosp_covid_dis_covid_hours_for,84951,2021-10-02,Суббота,16:00,321,287,34,305,19,16,-3
9376,hosp_covid_dis_covid_hours_for,84953,2021-10-02,Суббота,17:00,359,320,39,313,19,46,27
9377,hosp_covid_dis_covid_hours_for,84955,2021-10-02,Суббота,18:00,402,357,45,332,19,70,51
9378,hosp_covid_dis_covid_hours_for,84957,2021-10-02,Суббота,19:00,438,388,50,342,19,96,77
9379,hosp_covid_dis_covid_hours_for,84959,2021-10-02,Суббота,20:00,482,425,57,350,19,132,113
9380,hosp_covid_dis_covid_hours_for,84961,2021-10-02,Суббота,21:00,523,466,57,354,19,169,150
9381,hosp_covid_dis_covid_hours_for,84963,2021-10-02,Суббота,22:00,551,493,58,359,19,192,173
9382,hosp_covid_dis_covid_hours_for,84969,2021-10-02,Суббота,23:00,587,523,64,364,19,223,204
9383,hosp_covid_dis_covid_hours_for,84970,2021-10-01,Пятница,сутки,719,643,76,618,20,101,81
9384,hosp_covid_dis_covid_hours_for,84972,2021-10-03,Воскресенье,01:00,11,11,0,0,0,11,11
9385,hosp_covid_dis_covid_hours_for,84975,2021-10-03,Воскресенье,02:00,32,31,1,1,0,31,31
9386,hosp_covid_dis_covid_hours_for,84977,2021-10-03,Воскресенье,03:00,44,43,1,1,0,43,43
9387,hosp_covid_dis_covid_hours_for,84979,2021-10-03,Воскресенье,04:00,65,63,2,3,0,62,62
9388,hosp_covid_dis_covid_hours_for,84981,2021-10-03,Воскресенье,05:00,77,75,2,3,0,74,74
9389,hosp_covid_dis_covid_hours_for,84983,2021-10-03,Воскресенье,06:00,91,89,2,3,0,88,88
9390,hosp_covid_dis_covid_hours_for,84985,2021-10-03,Воскресенье,07:00,100,98,2,12,1,88,87
9391,hosp_covid_dis_covid_hours_for,84987,2021-10-03,Воскресенье,08:00,105,103,2,32,1,73,72
9392,hosp_covid_dis_covid_hours_for,84989,2021-10-03,Воскресенье,09:00,111,109,2,54,1,57,56
9393,hosp_covid_dis_covid_hours_for,84991,2021-10-03,Воскресенье,10:00,121,119,2,75,3,46,43
9394,hosp_covid_dis_covid_hours_for,84993,2021-10-03,Воскресенье,11:00,144,139,5,91,6,53,47
9395,hosp_covid_dis_covid_hours_for,84995,2021-10-03,Воскресенье,12:00,164,159,5,148,9,16,7
9396,hosp_covid_dis_covid_hours_for,84997,2021-10-03,Воскресенье,13:00,199,191,8,199,11,0,-11
9397,hosp_covid_dis_covid_hours_for,84999,2021-10-03,Воскресенье,14:00,242,230,12,221,13,21,8
9398,hosp_covid_dis_covid_hours_for,85001,2021-10-03,Воскресенье,15:00,277,263,14,256,14,21,7
9399,hosp_covid_dis_covid_hours_for,85003,2021-10-03,Воскресенье,16:00,306,291,15,269,14,37,23
9400,hosp_covid_dis_covid_hours_for,85005,2021-10-03,Воскресенье,17:00,338,321,17,286,14,52,38
9401,hosp_covid_dis_covid_hours_for,85007,2021-10-03,Воскресенье,18:00,372,349,23,293,14,79,65
9402,hosp_covid_dis_covid_hours_for,85009,2021-10-03,Воскресенье,19:00,405,380,25,313,15,92,77
9403,hosp_covid_dis_covid_hours_for,85011,2021-10-03,Воскресенье,20:00,435,409,26,322,16,113,97
9404,hosp_covid_dis_covid_hours_for,85013,2021-10-03,Воскресенье,21:00,465,439,26,327,16,138,122
9405,hosp_covid_dis_covid_hours_for,85015,2021-10-03,Воскресенье,22:00,490,462,28,329,16,161,145
9406,hosp_covid_dis_covid_hours_for,85021,2021-10-03,Воскресенье,23:00,515,487,28,337,16,178,162
9407,hosp_covid_dis_covid_hours_for,85022,2021-10-02,Суббота,сутки,608,544,64,367,19,241,222
9408,hosp_covid_dis_covid_hours_for,85024,2021-10-04,Понедельник,01:00,11,11,0,0,0,11,11
9409,hosp_covid_dis_covid_hours_for,85027,2021-10-04,Понедельник,02:00,27,27,0,0,0,27,27
9410,hosp_covid_dis_covid_hours_for,85029,2021-10-04,Понедельник,03:00,53,53,0,0,0,53,53
9411,hosp_covid_dis_covid_hours_for,85031,2021-10-04,Понедельник,04:00,60,60,0,1,0,59,59
9412,hosp_covid_dis_covid_hours_for,85033,2021-10-04,Понедельник,05:00,65,64,1,2,0,63,63
9413,hosp_covid_dis_covid_hours_for,85035,2021-10-04,Понедельник,06:00,74,73,1,4,0,70,70
9414,hosp_covid_dis_covid_hours_for,85037,2021-10-04,Понедельник,07:00,79,78,1,6,0,73,73
9415,hosp_covid_dis_covid_hours_for,85039,2021-10-04,Понедельник,08:00,89,86,3,23,0,66,66
9416,hosp_covid_dis_covid_hours_for,85041,2021-10-04,Понедельник,09:00,96,93,3,48,0,48,48
9417,hosp_covid_dis_covid_hours_for,85043,2021-10-04,Понедельник,10:00,115,111,4,81,0,34,34
9418,hosp_covid_dis_covid_hours_for,85045,2021-10-04,Понедельник,11:00,134,125,9,117,7,17,10
9419,hosp_covid_dis_covid_hours_for,85047,2021-10-04,Понедельник,12:00,160,150,10,194,15,-34,-49
9420,hosp_covid_dis_covid_hours_for,85049,2021-10-04,Понедельник,13:00,200,186,14,260,22,-60,-82
9421,hosp_covid_dis_covid_hours_for,85051,2021-10-04,Понедельник,14:00,252,234,18,340,24,-88,-112
9422,hosp_covid_dis_covid_hours_for,85053,2021-10-04,Понедельник,15:00,308,284,24,427,24,-119,-143
9423,hosp_covid_dis_covid_hours_for,85055,2021-10-04,Понедельник,16:00,352,326,26,506,24,-154,-178
9424,hosp_covid_dis_covid_hours_for,85057,2021-10-04,Понедельник,17:00,410,373,37,575,25,-165,-190
9425,hosp_covid_dis_covid_hours_for,85059,2021-10-04,Понедельник,18:00,471,425,46,591,27,-120,-147
9426,hosp_covid_dis_covid_hours_for,85061,2021-10-04,Понедельник,19:00,515,460,55,622,29,-107,-136
9427,hosp_covid_dis_covid_hours_for,85063,2021-10-04,Понедельник,20:00,563,502,61,631,29,-68,-97
9428,hosp_covid_dis_covid_hours_for,85065,2021-10-04,Понедельник,21:00,619,549,70,639,29,-20,-49
9429,hosp_covid_dis_covid_hours_for,85067,2021-10-04,Понедельник,22:00,658,584,74,644,29,14,-15
9430,hosp_covid_dis_covid_hours_for,85073,2021-10-04,Понедельник,23:00,673,597,76,649,29,24,-5
9431,hosp_covid_dis_covid_hours_for,85074,2021-10-03,Воскресенье,сутки,534,505,29,341,16,193,177
9432,hosp_covid_dis_covid_hours_for,85076,2021-10-05,Вторник,01:00,24,24,0,1,0,23,23
9433,hosp_covid_dis_covid_hours_for,85079,2021-10-05,Вторник,02:00,53,53,0,3,0,50,50
9434,hosp_covid_dis_covid_hours_for,85081,2021-10-05,Вторник,03:00,76,75,1,4,0,72,72
9435,hosp_covid_dis_covid_hours_for,85083,2021-10-05,Вторник,04:00,97,96,1,7,0,90,90
9436,hosp_covid_dis_covid_hours_for,85085,2021-10-05,Вторник,05:00,109,108,1,7,0,102,102
9437,hosp_covid_dis_covid_hours_for,85087,2021-10-05,Вторник,06:00,123,122,1,8,0,115,115
9438,hosp_covid_dis_covid_hours_for,85089,2021-10-05,Вторник,07:00,131,129,2,14,0,117,117
9439,hosp_covid_dis_covid_hours_for,85091,2021-10-05,Вторник,08:00,136,134,2,27,0,109,109
9440,hosp_covid_dis_covid_hours_for,85093,2021-10-05,Вторник,09:00,149,145,4,50,0,99,99
9441,hosp_covid_dis_covid_hours_for,85095,2021-10-05,Вторник,10:00,177,167,10,115,0,62,62
9442,hosp_covid_dis_covid_hours_for,85097,2021-10-05,Вторник,11:00,200,188,12,190,7,10,3
9443,hosp_covid_dis_covid_hours_for,85099,2021-10-05,Вторник,12:00,231,215,16,236,13,-5,-18
9444,hosp_covid_dis_covid_hours_for,85101,2021-10-05,Вторник,13:00,287,265,22,322,16,-35,-51
9445,hosp_covid_dis_covid_hours_for,85103,2021-10-05,Вторник,14:00,350,321,29,397,16,-47,-63
9446,hosp_covid_dis_covid_hours_for,85105,2021-10-05,Вторник,15:00,406,368,38,460,16,-54,-70
9447,hosp_covid_dis_covid_hours_for,85107,2021-10-05,Вторник,16:00,462,418,44,494,16,-32,-48
9448,hosp_covid_dis_covid_hours_for,85109,2021-10-05,Вторник,17:00,520,470,50,533,16,-13,-29
9449,hosp_covid_dis_covid_hours_for,85111,2021-10-05,Вторник,18:00,569,514,55,552,16,17,1
9450,hosp_covid_dis_covid_hours_for,85113,2021-10-05,Вторник,19:00,625,563,62,567,20,58,38
9451,hosp_covid_dis_covid_hours_for,85115,2021-10-05,Вторник,20:00,683,610,73,587,21,96,75
9452,hosp_covid_dis_covid_hours_for,85117,2021-10-05,Вторник,21:00,726,644,82,596,21,130,109
9453,hosp_covid_dis_covid_hours_for,85119,2021-10-05,Вторник,22:00,760,676,84,600,21,160,139
9454,hosp_covid_dis_covid_hours_for,85125,2021-10-05,Вторник,23:00,810,720,90,604,21,206,185
9455,hosp_covid_dis_covid_hours_for,85126,2021-10-04,Понедельник,сутки,747,663,84,654,29,93,64
9456,hosp_covid_dis_covid_hours_for,85128,2021-10-06,Среда,01:00,18,18,0,2,0,16,16
9457,hosp_covid_dis_covid_hours_for,85131,2021-10-06,Среда,02:00,44,40,4,2,0,42,42
9458,hosp_covid_dis_covid_hours_for,85133,2021-10-06,Среда,03:00,59,54,5,3,0,56,56
9459,hosp_covid_dis_covid_hours_for,85135,2021-10-06,Среда,04:00,70,65,5,4,0,66,66
9460,hosp_covid_dis_covid_hours_for,85137,2021-10-06,Среда,05:00,79,74,5,4,0,75,75
9461,hosp_covid_dis_covid_hours_for,85139,2021-10-06,Среда,06:00,88,83,5,5,0,83,83
9462,hosp_covid_dis_covid_hours_for,85141,2021-10-06,Среда,07:00,94,89,5,9,0,85,85
9463,hosp_covid_dis_covid_hours_for,85143,2021-10-06,Среда,08:00,101,96,5,26,0,75,75
9464,hosp_covid_dis_covid_hours_for,85145,2021-10-06,Среда,09:00,123,117,6,65,0,58,58
9465,hosp_covid_dis_covid_hours_for,85147,2021-10-06,Среда,10:00,128,121,7,132,0,-4,-4
9466,hosp_covid_dis_covid_hours_for,85149,2021-10-06,Среда,11:00,144,136,8,196,8,-52,-60
9467,hosp_covid_dis_covid_hours_for,85151,2021-10-06,Среда,12:00,178,166,12,278,8,-100,-108
9468,hosp_covid_dis_covid_hours_for,85153,2021-10-06,Среда,13:00,215,199,16,351,16,-136,-152
9469,hosp_covid_dis_covid_hours_for,85155,2021-10-06,Среда,14:00,258,238,20,441,17,-183,-200
9470,hosp_covid_dis_covid_hours_for,85157,2021-10-06,Среда,15:00,313,284,29,496,19,-183,-202
9471,hosp_covid_dis_covid_hours_for,85159,2021-10-06,Среда,16:00,375,339,36,550,19,-175,-194
9472,hosp_covid_dis_covid_hours_for,85161,2021-10-06,Среда,17:00,449,404,45,602,23,-153,-176
9473,hosp_covid_dis_covid_hours_for,85163,2021-10-06,Среда,18:00,519,470,49,629,23,-110,-133
9474,hosp_covid_dis_covid_hours_for,85165,2021-10-06,Среда,19:00,576,526,50,645,23,-69,-92
9475,hosp_covid_dis_covid_hours_for,85167,2021-10-06,Среда,20:00,635,579,56,649,23,-14,-37
9476,hosp_covid_dis_covid_hours_for,85169,2021-10-06,Среда,21:00,678,613,65,657,23,21,-2
9477,hosp_covid_dis_covid_hours_for,85171,2021-10-06,Среда,22:00,711,644,67,670,23,41,18
9478,hosp_covid_dis_covid_hours_for,85177,2021-10-06,Среда,23:00,732,664,68,672,23,60,37
9479,hosp_covid_dis_covid_hours_for,85178,2021-10-05,Вторник,сутки,843,751,92,607,21,236,215
9480,hosp_covid_dis_covid_hours_for,85180,2021-10-07,Четверг,01:00,17,17,0,6,0,11,11
9481,hosp_covid_dis_covid_hours_for,85183,2021-10-07,Четверг,02:00,43,43,0,8,0,35,35
9482,hosp_covid_dis_covid_hours_for,85185,2021-10-07,Четверг,03:00,79,78,1,10,0,69,69
9483,hosp_covid_dis_covid_hours_for,85187,2021-10-07,Четверг,04:00,94,93,1,14,0,80,80
9484,hosp_covid_dis_covid_hours_for,85189,2021-10-07,Четверг,05:00,107,106,1,15,0,92,92
9485,hosp_covid_dis_covid_hours_for,85191,2021-10-07,Четверг,06:00,111,111,0,16,0,95,95
9486,hosp_covid_dis_covid_hours_for,85193,2021-10-07,Четверг,07:00,115,115,0,21,0,94,94
9487,hosp_covid_dis_covid_hours_for,85195,2021-10-07,Четверг,08:00,119,119,0,36,0,83,83
9488,hosp_covid_dis_covid_hours_for,85197,2021-10-07,Четверг,09:00,135,134,1,67,0,68,68
9489,hosp_covid_dis_covid_hours_for,85199,2021-10-07,Четверг,10:00,136,135,1,105,0,31,31
9490,hosp_covid_dis_covid_hours_for,85201,2021-10-07,Четверг,11:00,155,153,2,193,9,-38,-47
9491,hosp_covid_dis_covid_hours_for,85203,2021-10-07,Четверг,12:00,192,187,5,252,12,-60,-72
9492,hosp_covid_dis_covid_hours_for,85205,2021-10-07,Четверг,13:00,233,222,11,338,15,-105,-120
9493,hosp_covid_dis_covid_hours_for,85207,2021-10-07,Четверг,14:00,292,274,18,462,17,-170,-187
9494,hosp_covid_dis_covid_hours_for,85209,2021-10-07,Четверг,15:00,360,335,25,514,18,-154,-172
9495,hosp_covid_dis_covid_hours_for,85211,2021-10-07,Четверг,16:00,404,373,31,572,20,-168,-188
9496,hosp_covid_dis_covid_hours_for,85213,2021-10-07,Четверг,17:00,458,420,38,608,20,-150,-170
9497,hosp_covid_dis_covid_hours_for,85215,2021-10-07,Четверг,18:00,538,495,43,637,22,-99,-121
9498,hosp_covid_dis_covid_hours_for,85217,2021-10-07,Четверг,19:00,592,542,50,656,24,-64,-88
9499,hosp_covid_dis_covid_hours_for,85219,2021-10-07,Четверг,20:00,651,596,55,674,28,-23,-51
9500,hosp_covid_dis_covid_hours_for,85221,2021-10-07,Четверг,21:00,696,637,59,680,31,16,-15
9501,hosp_covid_dis_covid_hours_for,85223,2021-10-07,Четверг,22:00,738,678,60,685,31,53,22
9502,hosp_covid_dis_covid_hours_for,85229,2021-10-07,Четверг,23:00,775,713,62,693,31,82,51
9503,hosp_covid_dis_covid_hours_for,85230,2021-10-06,Среда,сутки,779,708,71,679,23,100,77
9504,hosp_covid_dis_covid_hours_for,85232,2021-10-08,Пятница,01:00,27,27,0,0,0,27,27
9505,hosp_covid_dis_covid_hours_for,85235,2021-10-08,Пятница,02:00,56,55,1,2,1,54,53
9506,hosp_covid_dis_covid_hours_for,85237,2021-10-08,Пятница,03:00,91,90,1,6,1,85,84
9507,hosp_covid_dis_covid_hours_for,85239,2021-10-08,Пятница,04:00,110,108,2,9,1,101,100
9508,hosp_covid_dis_covid_hours_for,85241,2021-10-08,Пятница,05:00,130,128,2,9,1,121,120
9509,hosp_covid_dis_covid_hours_for,85243,2021-10-08,Пятница,06:00,141,139,2,9,1,132,131
9510,hosp_covid_dis_covid_hours_for,85245,2021-10-08,Пятница,07:00,147,145,2,22,1,125,124
9511,hosp_covid_dis_covid_hours_for,85247,2021-10-08,Пятница,08:00,157,155,2,35,1,122,121
9512,hosp_covid_dis_covid_hours_for,85249,2021-10-08,Пятница,09:00,160,157,3,59,1,101,100
9513,hosp_covid_dis_covid_hours_for,85251,2021-10-08,Пятница,10:00,172,167,5,118,2,54,52
9514,hosp_covid_dis_covid_hours_for,85253,2021-10-08,Пятница,11:00,191,182,9,189,6,2,-4
9515,hosp_covid_dis_covid_hours_for,85255,2021-10-08,Пятница,12:00,237,223,14,268,14,-31,-45
9516,hosp_covid_dis_covid_hours_for,85257,2021-10-08,Пятница,13:00,291,267,24,355,19,-64,-83
9517,hosp_covid_dis_covid_hours_for,85259,2021-10-08,Пятница,14:00,349,319,30,459,22,-110,-132
9518,hosp_covid_dis_covid_hours_for,85261,2021-10-08,Пятница,15:00,417,378,39,547,26,-130,-156
9519,hosp_covid_dis_covid_hours_for,85263,2021-10-08,Пятница,16:00,479,435,44,627,36,-148,-184
9520,hosp_covid_dis_covid_hours_for,85265,2021-10-08,Пятница,17:00,521,473,48,666,40,-145,-185
9521,hosp_covid_dis_covid_hours_for,85267,2021-10-08,Пятница,18:00,592,538,54,709,41,-117,-158
9522,hosp_covid_dis_covid_hours_for,85269,2021-10-08,Пятница,19:00,650,593,57,733,43,-83,-126
9523,hosp_covid_dis_covid_hours_for,85271,2021-10-08,Пятница,20:00,711,645,66,743,44,-32,-76
9524,hosp_covid_dis_covid_hours_for,85273,2021-10-08,Пятница,21:00,769,693,76,747,44,22,-22
9525,hosp_covid_dis_covid_hours_for,85275,2021-10-08,Пятница,22:00,822,745,77,748,44,74,30
9526,hosp_covid_dis_covid_hours_for,85281,2021-10-08,Пятница,23:00,854,777,77,757,47,97,50
9527,hosp_covid_dis_covid_hours_for,85282,2021-10-07,Четверг,сутки,817,749,68,696,31,121,90
9528,hosp_covid_dis_covid_hours_for,85284,2021-10-09,Суббота,01:00,27,25,2,4,0,23,23
9529,hosp_covid_dis_covid_hours_for,85287,2021-10-09,Суббота,02:00,59,56,3,4,1,55,54
9530,hosp_covid_dis_covid_hours_for,85289,2021-10-09,Суббота,03:00,94,91,3,4,1,90,89
9531,hosp_covid_dis_covid_hours_for,85291,2021-10-09,Суббота,04:00,119,116,3,4,1,115,114
9532,hosp_covid_dis_covid_hours_for,85293,2021-10-09,Суббота,05:00,133,130,3,5,2,128,126
9533,hosp_covid_dis_covid_hours_for,85295,2021-10-09,Суббота,06:00,138,135,3,6,2,132,130
9534,hosp_covid_dis_covid_hours_for,85297,2021-10-09,Суббота,07:00,146,143,3,18,2,128,126
9535,hosp_covid_dis_covid_hours_for,85299,2021-10-09,Суббота,08:00,152,149,3,37,2,115,113
9536,hosp_covid_dis_covid_hours_for,85301,2021-10-09,Суббота,09:00,159,156,3,76,2,83,81
9537,hosp_covid_dis_covid_hours_for,85303,2021-10-09,Суббота,10:00,166,162,4,127,3,39,36
9538,hosp_covid_dis_covid_hours_for,85305,2021-10-09,Суббота,11:00,174,169,5,192,8,-18,-26
9539,hosp_covid_dis_covid_hours_for,85307,2021-10-09,Суббота,12:00,210,204,6,295,19,-85,-104
9540,hosp_covid_dis_covid_hours_for,85309,2021-10-09,Суббота,13:00,241,232,9,371,20,-130,-150
9541,hosp_covid_dis_covid_hours_for,85311,2021-10-09,Суббота,14:00,288,275,13,410,25,-122,-147
9542,hosp_covid_dis_covid_hours_for,85313,2021-10-09,Суббота,15:00,342,325,17,432,25,-90,-115
9543,hosp_covid_dis_covid_hours_for,85315,2021-10-09,Суббота,16:00,383,363,20,459,29,-76,-105
9544,hosp_covid_dis_covid_hours_for,85317,2021-10-09,Суббота,17:00,438,414,24,469,34,-31,-65
9545,hosp_covid_dis_covid_hours_for,85319,2021-10-09,Суббота,18:00,490,461,29,479,36,11,-25
9546,hosp_covid_dis_covid_hours_for,85321,2021-10-09,Суббота,19:00,529,496,33,497,36,32,-4
9547,hosp_covid_dis_covid_hours_for,85323,2021-10-09,Суббота,20:00,586,546,40,506,37,80,43
9548,hosp_covid_dis_covid_hours_for,85325,2021-10-09,Суббота,21:00,619,577,42,514,38,105,67
9549,hosp_covid_dis_covid_hours_for,85327,2021-10-09,Суббота,22:00,653,607,46,518,38,135,97
9550,hosp_covid_dis_covid_hours_for,85333,2021-10-09,Суббота,23:00,692,644,48,522,39,170,131
9551,hosp_covid_dis_covid_hours_for,85334,2021-10-08,Пятница,сутки,891,813,78,759,47,132,85
9552,hosp_covid_dis_covid_hours_for,85336,2021-10-10,Воскресенье,01:00,17,17,0,7,0,10,10
9553,hosp_covid_dis_covid_hours_for,85339,2021-10-10,Воскресенье,02:00,34,34,0,8,0,26,26
9554,hosp_covid_dis_covid_hours_for,85341,2021-10-10,Воскресенье,03:00,56,55,1,13,0,43,43
9555,hosp_covid_dis_covid_hours_for,85343,2021-10-10,Воскресенье,04:00,68,67,1,15,0,53,53
9556,hosp_covid_dis_covid_hours_for,85345,2021-10-10,Воскресенье,05:00,82,81,1,15,0,67,67
9557,hosp_covid_dis_covid_hours_for,85347,2021-10-10,Воскресенье,06:00,89,88,1,18,0,71,71
9558,hosp_covid_dis_covid_hours_for,85349,2021-10-10,Воскресенье,07:00,97,96,1,29,0,68,68
9559,hosp_covid_dis_covid_hours_for,85351,2021-10-10,Воскресенье,08:00,102,101,1,44,0,58,58
9560,hosp_covid_dis_covid_hours_for,85353,2021-10-10,Воскресенье,09:00,112,110,2,64,0,48,48
9561,hosp_covid_dis_covid_hours_for,85355,2021-10-10,Воскресенье,10:00,125,122,3,122,0,3,3
9562,hosp_covid_dis_covid_hours_for,85357,2021-10-10,Воскресенье,11:00,141,135,6,169,2,-28,-30
9563,hosp_covid_dis_covid_hours_for,85359,2021-10-10,Воскресенье,12:00,169,161,8,220,2,-51,-53
9564,hosp_covid_dis_covid_hours_for,85361,2021-10-10,Воскресенье,13:00,218,205,13,295,13,-77,-90
9565,hosp_covid_dis_covid_hours_for,85363,2021-10-10,Воскресенье,14:00,267,246,21,330,17,-63,-80
9566,hosp_covid_dis_covid_hours_for,85365,2021-10-10,Воскресенье,15:00,306,283,23,360,18,-54,-72
9567,hosp_covid_dis_covid_hours_for,85367,2021-10-10,Воскресенье,16:00,343,317,26,376,21,-33,-54
9568,hosp_covid_dis_covid_hours_for,85369,2021-10-10,Воскресенье,17:00,376,348,28,392,24,-16,-40
9569,hosp_covid_dis_covid_hours_for,85371,2021-10-10,Воскресенье,18:00,406,378,28,401,25,5,-20
9570,hosp_covid_dis_covid_hours_for,85373,2021-10-10,Воскресенье,19:00,445,415,30,415,27,30,3
9571,hosp_covid_dis_covid_hours_for,85375,2021-10-10,Воскресенье,20:00,482,449,33,421,28,61,33
9572,hosp_covid_dis_covid_hours_for,85377,2021-10-10,Воскресенье,21:00,514,478,36,428,28,86,58
9573,hosp_covid_dis_covid_hours_for,85379,2021-10-10,Воскресенье,22:00,555,516,39,434,30,121,91
9574,hosp_covid_dis_covid_hours_for,85385,2021-10-10,Воскресенье,23:00,584,545,39,439,30,145,115
9575,hosp_covid_dis_covid_hours_for,85386,2021-10-09,Суббота,сутки,732,682,50,527,41,205,164
9576,hosp_covid_dis_covid_hours_for,85388,2021-10-11,Понедельник,01:00,18,18,0,6,0,12,12
9577,hosp_covid_dis_covid_hours_for,85391,2021-10-11,Понедельник,02:00,47,47,0,13,0,34,34
9578,hosp_covid_dis_covid_hours_for,85393,2021-10-11,Понедельник,03:00,71,70,1,7,0,64,64
9579,hosp_covid_dis_covid_hours_for,85395,2021-10-11,Понедельник,04:00,88,87,1,7,0,81,81
9580,hosp_covid_dis_covid_hours_for,85397,2021-10-11,Понедельник,05:00,93,92,1,7,0,86,86
9581,hosp_covid_dis_covid_hours_for,85399,2021-10-11,Понедельник,06:00,97,96,1,9,0,88,88
9582,hosp_covid_dis_covid_hours_for,85401,2021-10-11,Понедельник,07:00,103,102,1,15,0,88,88
9583,hosp_covid_dis_covid_hours_for,85403,2021-10-11,Понедельник,08:00,109,108,1,24,0,85,85
9584,hosp_covid_dis_covid_hours_for,85405,2021-10-11,Понедельник,09:00,115,113,2,76,0,39,39
9585,hosp_covid_dis_covid_hours_for,85407,2021-10-11,Понедельник,10:00,129,125,4,121,4,8,4
9586,hosp_covid_dis_covid_hours_for,85409,2021-10-11,Понедельник,11:00,145,140,5,176,7,-31,-38
9587,hosp_covid_dis_covid_hours_for,85411,2021-10-11,Понедельник,12:00,177,167,10,287,15,-110,-125
9588,hosp_covid_dis_covid_hours_for,85413,2021-10-11,Понедельник,13:00,221,208,13,390,18,-169,-187
9589,hosp_covid_dis_covid_hours_for,85415,2021-10-11,Понедельник,14:00,259,242,17,493,21,-234,-255
9590,hosp_covid_dis_covid_hours_for,85417,2021-10-11,Понедельник,15:00,318,295,23,596,23,-278,-301
9591,hosp_covid_dis_covid_hours_for,85419,2021-10-11,Понедельник,16:00,362,331,31,686,25,-324,-349
9592,hosp_covid_dis_covid_hours_for,85421,2021-10-11,Понедельник,17:00,415,379,36,760,35,-345,-380
9593,hosp_covid_dis_covid_hours_for,85423,2021-10-11,Понедельник,18:00,454,410,44,785,42,-331,-373
9594,hosp_covid_dis_covid_hours_for,85425,2021-10-11,Понедельник,19:00,526,472,54,805,44,-279,-323
9595,hosp_covid_dis_covid_hours_for,85427,2021-10-11,Понедельник,20:00,598,532,66,842,50,-244,-294
9596,hosp_covid_dis_covid_hours_for,85429,2021-10-11,Понедельник,21:00,653,578,75,849,53,-196,-249
9597,hosp_covid_dis_covid_hours_for,85431,2021-10-11,Понедельник,22:00,711,634,77,854,54,-143,-197
9598,hosp_covid_dis_covid_hours_for,85437,2021-10-11,Понедельник,23:00,760,674,86,854,54,-94,-148
9599,hosp_covid_dis_covid_hours_for,85438,2021-10-10,Воскресенье,сутки,619,580,39,439,30,180,150
9600,hosp_covid_dis_covid_hours_for,85440,2021-10-12,Вторник,01:00,23,22,1,6,0,17,17
9601,hosp_covid_dis_covid_hours_for,85443,2021-10-12,Вторник,02:00,59,58,1,9,0,50,50
9602,hosp_covid_dis_covid_hours_for,85445,2021-10-12,Вторник,03:00,89,87,2,9,0,80,80
9603,hosp_covid_dis_covid_hours_for,85447,2021-10-12,Вторник,04:00,120,118,2,9,1,111,110
9604,hosp_covid_dis_covid_hours_for,85449,2021-10-12,Вторник,05:00,131,129,2,10,1,121,120
9605,hosp_covid_dis_covid_hours_for,85451,2021-10-12,Вторник,06:00,146,144,2,10,1,136,135
9606,hosp_covid_dis_covid_hours_for,85453,2021-10-12,Вторник,07:00,155,153,2,17,1,138,137
9607,hosp_covid_dis_covid_hours_for,85455,2021-10-12,Вторник,08:00,168,166,2,31,1,137,136
9608,hosp_covid_dis_covid_hours_for,85457,2021-10-12,Вторник,09:00,200,197,3,84,1,116,115
9609,hosp_covid_dis_covid_hours_for,85459,2021-10-12,Вторник,10:00,215,211,4,135,3,80,77
9610,hosp_covid_dis_covid_hours_for,85461,2021-10-12,Вторник,11:00,238,234,4,198,10,40,30
9611,hosp_covid_dis_covid_hours_for,85463,2021-10-12,Вторник,12:00,277,267,10,292,23,-15,-38
9612,hosp_covid_dis_covid_hours_for,85465,2021-10-12,Вторник,13:00,333,320,13,416,24,-83,-107
9613,hosp_covid_dis_covid_hours_for,85467,2021-10-12,Вторник,14:00,389,372,17,531,32,-142,-174
9614,hosp_covid_dis_covid_hours_for,85469,2021-10-12,Вторник,15:00,443,423,20,622,37,-179,-216
9615,hosp_covid_dis_covid_hours_for,85471,2021-10-12,Вторник,16:00,496,472,24,704,41,-208,-249
9616,hosp_covid_dis_covid_hours_for,85473,2021-10-12,Вторник,17:00,567,532,35,756,47,-189,-236
9617,hosp_covid_dis_covid_hours_for,85475,2021-10-12,Вторник,18:00,627,582,45,775,49,-148,-197
9618,hosp_covid_dis_covid_hours_for,85477,2021-10-12,Вторник,19:00,689,640,49,788,51,-99,-150
9619,hosp_covid_dis_covid_hours_for,85479,2021-10-12,Вторник,20:00,750,697,53,802,52,-52,-104
9620,hosp_covid_dis_covid_hours_for,85481,2021-10-12,Вторник,21:00,808,750,58,809,52,-1,-53
9621,hosp_covid_dis_covid_hours_for,85483,2021-10-12,Вторник,22:00,855,796,59,813,52,42,-10
9622,hosp_covid_dis_covid_hours_for,85489,2021-10-12,Вторник,23:00,896,835,61,814,54,82,28
9623,hosp_covid_dis_covid_hours_for,85490,2021-10-11,Понедельник,сутки,805,714,91,859,56,-54,-110
9624,hosp_covid_dis_covid_hours_for,85492,2021-10-13,Среда,01:00,21,21,0,2,2,19,17
9625,hosp_covid_dis_covid_hours_for,85495,2021-10-13,Среда,02:00,52,52,0,3,3,49,46
9626,hosp_covid_dis_covid_hours_for,85497,2021-10-13,Среда,03:00,93,92,1,5,3,88,85
9627,hosp_covid_dis_covid_hours_for,85499,2021-10-13,Среда,04:00,110,109,1,8,5,102,97
9628,hosp_covid_dis_covid_hours_for,85501,2021-10-13,Среда,05:00,122,121,1,10,6,112,106
9629,hosp_covid_dis_covid_hours_for,85503,2021-10-13,Среда,06:00,137,135,2,13,6,124,118
9630,hosp_covid_dis_covid_hours_for,85505,2021-10-13,Среда,07:00,150,148,2,16,6,134,128
9631,hosp_covid_dis_covid_hours_for,85507,2021-10-13,Среда,08:00,152,150,2,34,6,118,112
9632,hosp_covid_dis_covid_hours_for,85509,2021-10-13,Среда,09:00,158,156,2,63,7,95,88
9633,hosp_covid_dis_covid_hours_for,85511,2021-10-13,Среда,10:00,196,192,4,122,8,74,66
9634,hosp_covid_dis_covid_hours_for,85513,2021-10-13,Среда,11:00,215,207,8,195,11,20,9
9635,hosp_covid_dis_covid_hours_for,85515,2021-10-13,Среда,12:00,254,241,13,314,19,-60,-79
9636,hosp_covid_dis_covid_hours_for,85517,2021-10-13,Среда,13:00,310,291,19,415,32,-105,-137
9637,hosp_covid_dis_covid_hours_for,85519,2021-10-13,Среда,14:00,381,352,29,503,34,-122,-156
9638,hosp_covid_dis_covid_hours_for,85521,2021-10-13,Среда,15:00,439,403,36,626,44,-187,-231
9639,hosp_covid_dis_covid_hours_for,85523,2021-10-13,Среда,16:00,492,445,47,689,47,-197,-244
9640,hosp_covid_dis_covid_hours_for,85525,2021-10-13,Среда,17:00,548,495,53,732,54,-184,-238
9641,hosp_covid_dis_covid_hours_for,85527,2021-10-13,Среда,18:00,616,553,63,759,57,-143,-200
9642,hosp_covid_dis_covid_hours_for,85529,2021-10-13,Среда,19:00,686,616,70,770,59,-84,-143
9643,hosp_covid_dis_covid_hours_for,85531,2021-10-13,Среда,20:00,752,679,73,785,59,-33,-92
9644,hosp_covid_dis_covid_hours_for,85533,2021-10-13,Среда,21:00,797,718,79,797,59,0,-59
9645,hosp_covid_dis_covid_hours_for,85535,2021-10-13,Среда,22:00,847,758,89,801,59,46,-13
9646,hosp_covid_dis_covid_hours_for,85541,2021-10-13,Среда,23:00,877,785,92,803,59,74,15
9647,hosp_covid_dis_covid_hours_for,85542,2021-10-12,Вторник,сутки,939,874,65,818,54,121,67
9648,hosp_covid_dis_covid_hours_for,85544,2021-10-14,Четверг,01:00,9,9,0,7,0,2,2
9649,hosp_covid_dis_covid_hours_for,85547,2021-10-14,Четверг,02:00,46,46,0,8,0,38,38
9650,hosp_covid_dis_covid_hours_for,85549,2021-10-14,Четверг,03:00,75,75,0,9,0,66,66
9651,hosp_covid_dis_covid_hours_for,85551,2021-10-14,Четверг,04:00,96,96,0,9,0,87,87
9652,hosp_covid_dis_covid_hours_for,85553,2021-10-14,Четверг,05:00,115,115,0,10,1,105,104
9653,hosp_covid_dis_covid_hours_for,85555,2021-10-14,Четверг,06:00,136,136,0,12,1,124,123
9654,hosp_covid_dis_covid_hours_for,85557,2021-10-14,Четверг,07:00,156,156,0,15,1,141,140
9655,hosp_covid_dis_covid_hours_for,85559,2021-10-14,Четверг,08:00,163,163,0,34,0,129,129
9656,hosp_covid_dis_covid_hours_for,85561,2021-10-14,Четверг,09:00,171,171,0,68,2,103,101
9657,hosp_covid_dis_covid_hours_for,85563,2021-10-14,Четверг,10:00,198,197,1,146,5,52,47
9658,hosp_covid_dis_covid_hours_for,85565,2021-10-14,Четверг,11:00,213,211,2,214,7,-1,-8
9659,hosp_covid_dis_covid_hours_for,85567,2021-10-14,Четверг,12:00,244,238,6,315,19,-71,-90
9660,hosp_covid_dis_covid_hours_for,85569,2021-10-14,Четверг,13:00,287,276,11,401,26,-114,-140
9661,hosp_covid_dis_covid_hours_for,85571,2021-10-14,Четверг,14:00,351,333,18,503,32,-152,-184
9662,hosp_covid_dis_covid_hours_for,85573,2021-10-14,Четверг,15:00,418,394,24,597,34,-179,-213
9663,hosp_covid_dis_covid_hours_for,85575,2021-10-14,Четверг,16:00,475,443,32,679,39,-204,-243
9664,hosp_covid_dis_covid_hours_for,85577,2021-10-14,Четверг,17:00,535,497,38,732,44,-197,-241
9665,hosp_covid_dis_covid_hours_for,85579,2021-10-14,Четверг,18:00,616,570,46,751,49,-135,-184
9666,hosp_covid_dis_covid_hours_for,85581,2021-10-14,Четверг,19:00,675,622,53,787,50,-112,-162
9667,hosp_covid_dis_covid_hours_for,85583,2021-10-14,Четверг,20:00,736,676,60,802,54,-66,-120
9668,hosp_covid_dis_covid_hours_for,85585,2021-10-14,Четверг,21:00,785,718,67,805,54,-20,-74
9669,hosp_covid_dis_covid_hours_for,85591,2021-10-14,Четверг,22:00,834,763,71,820,65,14,-51
9670,hosp_covid_dis_covid_hours_for,85592,2021-10-13,Среда,сутки,928,833,95,810,59,118,59
9671,hosp_covid_dis_covid_hours_for,85594,2021-10-15,Пятница,01:00,27,27,0,1,0,26,26
9672,hosp_covid_dis_covid_hours_for,85597,2021-10-15,Пятница,02:00,68,66,2,4,2,64,62
9673,hosp_covid_dis_covid_hours_for,85599,2021-10-15,Пятница,03:00,107,105,2,5,2,102,100
9674,hosp_covid_dis_covid_hours_for,85601,2021-10-15,Пятница,04:00,127,125,2,6,2,121,119
9675,hosp_covid_dis_covid_hours_for,85603,2021-10-15,Пятница,05:00,144,142,2,6,2,138,136
9676,hosp_covid_dis_covid_hours_for,85605,2021-10-15,Пятница,06:00,162,160,2,9,2,153,151
9677,hosp_covid_dis_covid_hours_for,85607,2021-10-15,Пятница,07:00,183,181,2,15,2,168,166
9678,hosp_covid_dis_covid_hours_for,85609,2021-10-15,Пятница,08:00,198,196,2,33,5,165,160
9679,hosp_covid_dis_covid_hours_for,85611,2021-10-15,Пятница,09:00,216,214,2,75,6,141,135
9680,hosp_covid_dis_covid_hours_for,85613,2021-10-15,Пятница,10:00,227,225,2,156,13,71,58
9681,hosp_covid_dis_covid_hours_for,85615,2021-10-15,Пятница,11:01,248,241,7,245,18,3,-15
9682,hosp_covid_dis_covid_hours_for,85617,2021-10-15,Пятница,12:00,278,268,10,360,24,-82,-106
9683,hosp_covid_dis_covid_hours_for,85619,2021-10-15,Пятница,13:00,331,316,15,464,37,-133,-170
9684,hosp_covid_dis_covid_hours_for,85621,2021-10-15,Пятница,14:00,392,372,20,570,48,-178,-226
9685,hosp_covid_dis_covid_hours_for,85623,2021-10-15,Пятница,15:00,446,420,26,717,56,-271,-327
9686,hosp_covid_dis_covid_hours_for,85625,2021-10-15,Пятница,16:00,507,474,33,808,66,-301,-367
9687,hosp_covid_dis_covid_hours_for,85627,2021-10-15,Пятница,17:00,573,535,38,881,70,-308,-378
9688,hosp_covid_dis_covid_hours_for,85629,2021-10-15,Пятница,18:00,655,607,48,911,77,-256,-333
9689,hosp_covid_dis_covid_hours_for,85631,2021-10-15,Пятница,19:00,709,653,56,938,89,-229,-318
9690,hosp_covid_dis_covid_hours_for,85633,2021-10-15,Пятница,20:00,774,702,72,961,91,-187,-278
9691,hosp_covid_dis_covid_hours_for,85635,2021-10-15,Пятница,21:00,816,738,78,974,94,-158,-252
9692,hosp_covid_dis_covid_hours_for,85637,2021-10-15,Пятница,22:00,874,787,87,983,96,-109,-205
9693,hosp_covid_dis_covid_hours_for,85643,2021-10-15,Пятница,23:00,916,823,93,990,98,-74,-172
9694,hosp_covid_dis_covid_hours_for,85644,2021-10-14,Четверг,сутки,907,830,77,820,67,87,20
9695,hosp_covid_dis_covid_hours_for,85646,2021-10-16,Суббота,01:00,27,26,1,4,0,23,23
9696,hosp_covid_dis_covid_hours_for,85649,2021-10-16,Суббота,02:00,63,62,1,4,2,59,57
9697,hosp_covid_dis_covid_hours_for,85651,2021-10-16,Суббота,03:00,99,98,1,5,2,94,92
9698,hosp_covid_dis_covid_hours_for,85653,2021-10-16,Суббота,04:00,129,128,1,9,2,120,118
9699,hosp_covid_dis_covid_hours_for,85655,2021-10-16,Суббота,05:00,156,155,1,11,2,145,143
9700,hosp_covid_dis_covid_hours_for,85657,2021-10-16,Суббота,06:00,179,178,1,12,2,167,165
9701,hosp_covid_dis_covid_hours_for,85659,2021-10-16,Суббота,07:00,203,202,1,17,2,186,184
9702,hosp_covid_dis_covid_hours_for,85661,2021-10-16,Суббота,08:00,218,217,1,27,4,191,187
9703,hosp_covid_dis_covid_hours_for,85663,2021-10-16,Суббота,09:00,224,223,1,87,5,137,132
9704,hosp_covid_dis_covid_hours_for,85665,2021-10-16,Суббота,10:00,231,229,2,135,9,96,87
9705,hosp_covid_dis_covid_hours_for,85667,2021-10-16,Суббота,11:00,251,245,6,210,26,41,15
9706,hosp_covid_dis_covid_hours_for,85669,2021-10-16,Суббота,12:00,286,279,7,284,34,2,-32
9707,hosp_covid_dis_covid_hours_for,85671,2021-10-16,Суббота,13:00,334,326,8,333,38,1,-37
9708,hosp_covid_dis_covid_hours_for,85673,2021-10-16,Суббота,14:00,392,381,11,412,39,-20,-59
9709,hosp_covid_dis_covid_hours_for,85675,2021-10-16,Суббота,15:00,447,429,18,456,44,-9,-53
9710,hosp_covid_dis_covid_hours_for,85677,2021-10-16,Суббота,16:00,496,476,20,487,50,9,-41
9711,hosp_covid_dis_covid_hours_for,85679,2021-10-16,Суббота,17:00,550,526,24,505,56,45,-11
9712,hosp_covid_dis_covid_hours_for,85681,2021-10-16,Суббота,18:00,599,572,27,523,59,76,17
9713,hosp_covid_dis_covid_hours_for,85683,2021-10-16,Суббота,19:00,648,620,28,544,62,104,42
9714,hosp_covid_dis_covid_hours_for,85685,2021-10-16,Суббота,20:00,700,668,32,554,62,146,84
9715,hosp_covid_dis_covid_hours_for,85687,2021-10-16,Суббота,21:00,763,725,38,564,68,199,131
9716,hosp_covid_dis_covid_hours_for,85689,2021-10-16,Суббота,22:00,809,767,42,570,68,239,171
9717,hosp_covid_dis_covid_hours_for,85695,2021-10-16,Суббота,23:00,856,809,47,574,68,282,214
9718,hosp_covid_dis_covid_hours_for,85696,2021-10-15,Пятница,сутки,955,862,93,998,100,-43,-143
9719,hosp_covid_dis_covid_hours_for,85698,2021-10-17,Воскресенье,01:00,30,30,0,1,0,29,29
9720,hosp_covid_dis_covid_hours_for,85701,2021-10-17,Воскресенье,02:00,63,62,1,5,0,58,58
9721,hosp_covid_dis_covid_hours_for,85703,2021-10-17,Воскресенье,03:00,97,95,2,7,0,90,90
9722,hosp_covid_dis_covid_hours_for,85705,2021-10-17,Воскресенье,04:00,119,117,2,11,0,108,108
9723,hosp_covid_dis_covid_hours_for,85707,2021-10-17,Воскресенье,05:00,147,145,2,12,2,135,133
9724,hosp_covid_dis_covid_hours_for,85709,2021-10-17,Воскресенье,06:00,169,166,3,14,2,155,153
9725,hosp_covid_dis_covid_hours_for,85711,2021-10-17,Воскресенье,07:00,191,188,3,19,3,172,169
9726,hosp_covid_dis_covid_hours_for,85713,2021-10-17,Воскресенье,08:00,216,213,3,39,3,177,174
9727,hosp_covid_dis_covid_hours_for,85715,2021-10-17,Воскресенье,09:00,228,225,3,72,3,156,153
9728,hosp_covid_dis_covid_hours_for,85717,2021-10-17,Воскресенье,10:00,234,230,4,121,3,113,110
9729,hosp_covid_dis_covid_hours_for,85719,2021-10-17,Воскресенье,11:00,254,249,5,192,10,62,52
9730,hosp_covid_dis_covid_hours_for,85721,2021-10-17,Воскресенье,12:00,282,277,5,267,24,15,-9
9731,hosp_covid_dis_covid_hours_for,85723,2021-10-17,Воскресенье,13:00,326,318,8,315,31,11,-20
9732,hosp_covid_dis_covid_hours_for,85725,2021-10-17,Воскресенье,14:00,375,366,9,392,36,-17,-53
9733,hosp_covid_dis_covid_hours_for,85727,2021-10-17,Воскресенье,15:00,427,413,14,454,42,-27,-69
9734,hosp_covid_dis_covid_hours_for,85729,2021-10-17,Воскресенье,16:00,461,444,17,500,47,-39,-86
9735,hosp_covid_dis_covid_hours_for,85731,2021-10-17,Воскресенье,17:00,498,480,18,529,50,-31,-81
9736,hosp_covid_dis_covid_hours_for,85733,2021-10-17,Воскресенье,18:00,549,526,23,552,57,-3,-60
9737,hosp_covid_dis_covid_hours_for,85735,2021-10-17,Воскресенье,19:00,600,571,29,558,57,42,-15
9738,hosp_covid_dis_covid_hours_for,85737,2021-10-17,Воскресенье,20:00,651,620,31,565,60,86,26
9739,hosp_covid_dis_covid_hours_for,85739,2021-10-17,Воскресенье,21:00,685,651,34,571,60,114,54
9740,hosp_covid_dis_covid_hours_for,85741,2021-10-17,Воскресенье,22:00,715,679,36,576,62,139,77
9741,hosp_covid_dis_covid_hours_for,85747,2021-10-17,Воскресенье,23:00,752,714,38,582,62,170,108
9742,hosp_covid_dis_covid_hours_for,85748,2021-10-16,Суббота,сутки,908,860,48,577,71,331,260
9743,hosp_covid_dis_covid_hours_for,85750,2021-10-18,Понедельник,01:00,24,23,1,7,0,17,17
9744,hosp_covid_dis_covid_hours_for,85753,2021-10-18,Понедельник,02:00,53,52,1,8,0,45,45
9745,hosp_covid_dis_covid_hours_for,85755,2021-10-18,Понедельник,03:00,80,79,1,8,0,72,72
9746,hosp_covid_dis_covid_hours_for,85757,2021-10-18,Понедельник,04:00,103,101,2,8,0,95,95
9747,hosp_covid_dis_covid_hours_for,85759,2021-10-18,Понедельник,05:00,120,118,2,8,0,112,112
9748,hosp_covid_dis_covid_hours_for,85761,2021-10-18,Понедельник,06:00,138,136,2,9,0,129,129
9749,hosp_covid_dis_covid_hours_for,85763,2021-10-18,Понедельник,07:00,152,150,2,14,0,138,138
9750,hosp_covid_dis_covid_hours_for,85765,2021-10-18,Понедельник,08:00,169,167,2,28,3,141,138
9751,hosp_covid_dis_covid_hours_for,85767,2021-10-18,Понедельник,09:00,182,179,3,65,5,117,112
9752,hosp_covid_dis_covid_hours_for,85769,2021-10-18,Понедельник,10:00,192,188,4,139,8,53,45
9753,hosp_covid_dis_covid_hours_for,85771,2021-10-18,Понедельник,11:00,208,200,8,221,15,-13,-28
9754,hosp_covid_dis_covid_hours_for,85773,2021-10-18,Понедельник,12:00,254,244,10,326,21,-72,-93
9755,hosp_covid_dis_covid_hours_for,85775,2021-10-18,Понедельник,13:00,293,279,14,438,30,-145,-175
9756,hosp_covid_dis_covid_hours_for,85777,2021-10-18,Понедельник,14:00,344,327,17,568,41,-224,-265
9757,hosp_covid_dis_covid_hours_for,85779,2021-10-18,Понедельник,15:00,403,380,23,677,47,-274,-321
9758,hosp_covid_dis_covid_hours_for,85781,2021-10-18,Понедельник,16:00,472,440,32,784,54,-312,-366
9759,hosp_covid_dis_covid_hours_for,85783,2021-10-18,Понедельник,17:00,533,490,43,882,57,-349,-406
9760,hosp_covid_dis_covid_hours_for,85785,2021-10-18,Понедельник,18:00,592,545,47,919,60,-327,-387
9761,hosp_covid_dis_covid_hours_for,85787,2021-10-18,Понедельник,19:00,652,596,56,946,62,-294,-356
9762,hosp_covid_dis_covid_hours_for,85789,2021-10-18,Понедельник,20:00,725,656,69,967,67,-242,-309
9763,hosp_covid_dis_covid_hours_for,85791,2021-10-18,Понедельник,21:00,785,708,77,983,70,-198,-268
9764,hosp_covid_dis_covid_hours_for,85793,2021-10-18,Понедельник,22:00,835,753,82,1013,82,-178,-260
9765,hosp_covid_dis_covid_hours_for,85799,2021-10-18,Понедельник,23:00,879,791,88,1020,83,-141,-224
9766,hosp_covid_dis_covid_hours_for,85800,2021-10-17,Воскресенье,сутки,787,749,38,590,62,197,135
9767,hosp_covid_dis_covid_hours_for,85802,2021-10-19,Вторник,01:00,17,17,0,8,0,9,9
9768,hosp_covid_dis_covid_hours_for,85805,2021-10-19,Вторник,02:00,44,44,0,10,0,34,34
9769,hosp_covid_dis_covid_hours_for,85807,2021-10-19,Вторник,03:00,73,72,1,10,0,63,63
9770,hosp_covid_dis_covid_hours_for,85809,2021-10-19,Вторник,04:00,107,106,1,12,0,95,95
9771,hosp_covid_dis_covid_hours_for,85811,2021-10-19,Вторник,05:00,133,131,2,14,0,119,119
9772,hosp_covid_dis_covid_hours_for,85813,2021-10-19,Вторник,06:00,150,148,2,17,0,133,133
9773,hosp_covid_dis_covid_hours_for,85815,2021-10-19,Вторник,07:00,179,177,2,22,1,157,156
9774,hosp_covid_dis_covid_hours_for,85817,2021-10-19,Вторник,08:00,196,194,2,36,6,160,154
9775,hosp_covid_dis_covid_hours_for,85819,2021-10-19,Вторник,09:00,246,242,4,77,8,169,161
9776,hosp_covid_dis_covid_hours_for,85821,2021-10-19,Вторник,10:00,268,262,6,147,15,121,106
9777,hosp_covid_dis_covid_hours_for,85823,2021-10-19,Вторник,11:00,296,285,11,245,18,51,33
9778,hosp_covid_dis_covid_hours_for,85825,2021-10-19,Вторник,12:00,332,320,12,335,25,-3,-28
9779,hosp_covid_dis_covid_hours_for,85827,2021-10-19,Вторник,13:00,399,379,20,465,32,-66,-98
9780,hosp_covid_dis_covid_hours_for,85829,2021-10-19,Вторник,14:00,460,430,30,579,38,-119,-157
9781,hosp_covid_dis_covid_hours_for,85831,2021-10-19,Вторник,15:00,520,482,38,707,39,-187,-226
9782,hosp_covid_dis_covid_hours_for,85833,2021-10-19,Вторник,16:00,582,535,47,786,52,-204,-256
9783,hosp_covid_dis_covid_hours_for,85835,2021-10-19,Вторник,17:00,650,595,55,825,58,-175,-233
9784,hosp_covid_dis_covid_hours_for,85837,2021-10-19,Вторник,18:00,718,657,61,879,78,-161,-239
9785,hosp_covid_dis_covid_hours_for,85839,2021-10-19,Вторник,19:00,775,710,65,913,79,-138,-217
9786,hosp_covid_dis_covid_hours_for,85841,2021-10-19,Вторник,20:00,820,754,66,959,91,-139,-230
9787,hosp_covid_dis_covid_hours_for,85843,2021-10-19,Вторник,21:00,863,790,73,959,93,-96,-189
9788,hosp_covid_dis_covid_hours_for,85845,2021-10-19,Вторник,22:00,903,829,74,961,94,-58,-152
9789,hosp_covid_dis_covid_hours_for,85851,2021-10-19,Вторник,23:00,956,875,81,969,94,-13,-107
9790,hosp_covid_dis_covid_hours_for,85852,2021-10-18,Понедельник,сутки,926,836,90,1024,86,-98,-184
9791,hosp_covid_dis_covid_hours_for,85854,2021-10-20,Среда,01:00,24,23,1,8,0,16,16
9792,hosp_covid_dis_covid_hours_for,85857,2021-10-20,Среда,02:00,56,55,1,9,0,47,47
9793,hosp_covid_dis_covid_hours_for,85859,2021-10-20,Среда,03:00,85,84,1,13,0,72,72
9794,hosp_covid_dis_covid_hours_for,85861,2021-10-20,Среда,04:00,112,111,1,13,0,99,99
9795,hosp_covid_dis_covid_hours_for,85863,2021-10-20,Среда,05:00,134,132,2,13,0,121,121
9796,hosp_covid_dis_covid_hours_for,85865,2021-10-20,Среда,06:00,149,147,2,14,1,135,134
9797,hosp_covid_dis_covid_hours_for,85867,2021-10-20,Среда,07:00,159,157,2,21,4,138,134
9798,hosp_covid_dis_covid_hours_for,85869,2021-10-20,Среда,08:00,170,168,2,36,4,134,130
9799,hosp_covid_dis_covid_hours_for,85871,2021-10-20,Среда,09:00,196,193,3,82,7,114,107
9800,hosp_covid_dis_covid_hours_for,85873,2021-10-20,Среда,10:00,213,209,4,146,11,67,56
9801,hosp_covid_dis_covid_hours_for,85875,2021-10-20,Среда,11:00,244,237,7,251,15,-7,-22
9802,hosp_covid_dis_covid_hours_for,85877,2021-10-20,Среда,12:00,293,279,14,344,32,-51,-83
9803,hosp_covid_dis_covid_hours_for,85879,2021-10-20,Среда,13:00,347,325,22,472,48,-125,-173
9804,hosp_covid_dis_covid_hours_for,85881,2021-10-20,Среда,14:00,408,381,27,587,59,-179,-238
9805,hosp_covid_dis_covid_hours_for,85883,2021-10-20,Среда,15:00,476,442,34,736,84,-260,-344
9806,hosp_covid_dis_covid_hours_for,85885,2021-10-20,Среда,16:00,537,500,37,838,91,-301,-392
9807,hosp_covid_dis_covid_hours_for,85887,2021-10-20,Среда,17:00,621,575,46,915,102,-294,-396
9808,hosp_covid_dis_covid_hours_for,85889,2021-10-20,Среда,18:00,683,633,50,942,114,-259,-373
9809,hosp_covid_dis_covid_hours_for,85891,2021-10-20,Среда,19:00,745,689,56,964,116,-219,-335
9810,hosp_covid_dis_covid_hours_for,85893,2021-10-20,Среда,20:00,811,752,59,999,117,-188,-305
9811,hosp_covid_dis_covid_hours_for,85895,2021-10-20,Среда,21:00,870,808,62,1016,118,-146,-264
9812,hosp_covid_dis_covid_hours_for,85897,2021-10-20,Среда,22:00,919,852,67,1028,120,-109,-229
9813,hosp_covid_dis_covid_hours_for,85903,2021-10-20,Среда,23:00,966,899,67,1032,120,-66,-186
9814,hosp_covid_dis_covid_hours_for,85904,2021-10-19,Вторник,сутки,991,907,84,984,97,7,-90
9815,hosp_covid_dis_covid_hours_for,85906,2021-10-21,Четверг,01:00,17,16,1,0,0,17,17
9816,hosp_covid_dis_covid_hours_for,85907,2021-10-20,Среда,сутки,1010,942,68,1038,122,-28,-150
9817,hosp_covid_dis_covid_hours_for,85909,2021-10-21,Четверг,02:00,52,51,1,6,0,46,46
9818,hosp_covid_dis_covid_hours_for,85911,2021-10-21,Четверг,03:00,76,74,2,10,0,66,66
9819,hosp_covid_dis_covid_hours_for,85913,2021-10-21,Четверг,04:00,96,93,3,11,0,85,85
9820,hosp_covid_dis_covid_hours_for,85915,2021-10-21,Четверг,05:01,116,113,3,13,0,103,103
9821,hosp_covid_dis_covid_hours_for,85917,2021-10-21,Четверг,06:00,126,123,3,13,1,113,112
9822,hosp_covid_dis_covid_hours_for,85919,2021-10-21,Четверг,07:00,146,143,3,18,1,128,127
9823,hosp_covid_dis_covid_hours_for,85921,2021-10-21,Четверг,08:00,161,158,3,33,2,128,126
9824,hosp_covid_dis_covid_hours_for,85923,2021-10-21,Четверг,09:00,183,179,4,81,4,102,98
9825,hosp_covid_dis_covid_hours_for,85925,2021-10-21,Четверг,10:00,214,209,5,180,14,34,20
9826,hosp_covid_dis_covid_hours_for,85927,2021-10-21,Четверг,11:00,230,221,9,317,25,-87,-112
9827,hosp_covid_dis_covid_hours_for,85929,2021-10-21,Четверг,12:00,269,258,11,413,42,-144,-186
9828,hosp_covid_dis_covid_hours_for,85931,2021-10-21,Четверг,13:00,350,335,15,534,55,-184,-239
9829,hosp_covid_dis_covid_hours_for,85933,2021-10-21,Четверг,14:00,410,391,19,643,58,-233,-291
9830,hosp_covid_dis_covid_hours_for,85935,2021-10-21,Четверг,15:00,476,449,27,769,68,-293,-361
9831,hosp_covid_dis_covid_hours_for,85937,2021-10-21,Четверг,16:00,530,495,35,857,95,-327,-422
9832,hosp_covid_dis_covid_hours_for,85939,2021-10-21,Четверг,17:00,596,552,44,932,108,-336,-444
9833,hosp_covid_dis_covid_hours_for,85941,2021-10-21,Четверг,19:00,718,655,63,989,111,-271,-382
9834,hosp_covid_dis_covid_hours_for,85943,2021-10-21,Четверг,20:00,794,720,74,1002,113,-208,-321
9835,hosp_covid_dis_covid_hours_for,85945,2021-10-21,Четверг,21:00,853,771,82,1004,114,-151,-265
9836,hosp_covid_dis_covid_hours_for,85947,2021-10-21,Четверг,22:00,906,817,89,1013,116,-107,-223
9837,hosp_covid_dis_covid_hours_for,85949,2021-10-21,Четверг,23:00,918,828,90,1015,116,-97,-213
9838,hosp_covid_dis_covid_hours_for,85951,2021-10-21,Четверг,сутки,918,828,90,1015,116,-97,-213
9839,hosp_covid_dis_covid_hours_for,85953,2021-10-22,Пятница,04:00,14,14,0,5,1,9,8
9840,hosp_covid_dis_covid_hours_for,85955,2021-10-22,Пятница,05:00,59,58,1,8,1,51,50
9841,hosp_covid_dis_covid_hours_for,85957,2021-10-22,Пятница,06:00,96,95,1,10,1,86,85
9842,hosp_covid_dis_covid_hours_for,85959,2021-10-22,Пятница,07:00,126,125,1,16,1,110,109
9843,hosp_covid_dis_covid_hours_for,85961,2021-10-22,Пятница,08:00,171,169,2,27,1,144,143
9844,hosp_covid_dis_covid_hours_for,85963,2021-10-22,Пятница,09:00,210,208,2,77,5,133,128
9845,hosp_covid_dis_covid_hours_for,85965,2021-10-22,Пятница,10:00,267,261,6,169,12,98,86
9846,hosp_covid_dis_covid_hours_for,85967,2021-10-22,Пятница,11:00,316,306,10,288,22,28,6
9847,hosp_covid_dis_covid_hours_for,85969,2021-10-22,Пятница,12:00,370,356,14,412,35,-42,-77
9848,hosp_covid_dis_covid_hours_for,85971,2021-10-22,Пятница,13:00,443,423,20,551,45,-108,-153
9849,hosp_covid_dis_covid_hours_for,85973,2021-10-22,Пятница,14:00,519,495,24,704,59,-185,-244
9850,hosp_covid_dis_covid_hours_for,85975,2021-10-22,Пятница,15:00,596,568,28,832,73,-236,-309
9851,hosp_covid_dis_covid_hours_for,85977,2021-10-22,Пятница,16:00,670,631,39,936,85,-266,-351
9852,hosp_covid_dis_covid_hours_for,85979,2021-10-22,Пятница,17:00,744,697,47,995,99,-251,-350
9853,hosp_covid_dis_covid_hours_for,85981,2021-10-22,Пятница,18:00,804,746,58,1046,99,-242,-341
9854,hosp_covid_dis_covid_hours_for,85983,2021-10-22,Пятница,19:00,884,813,71,1062,104,-178,-282
9855,hosp_covid_dis_covid_hours_for,85985,2021-10-22,Пятница,20:00,965,889,76,1082,107,-117,-224
9856,hosp_covid_dis_covid_hours_for,85987,2021-10-22,Пятница,21:00,1017,938,79,1092,111,-75,-186
9857,hosp_covid_dis_covid_hours_for,85989,2021-10-22,Пятница,22:00,1079,996,83,1094,113,-15,-128
9858,hosp_covid_dis_covid_hours_for,85995,2021-10-22,Пятница,23:00,1135,1046,89,1107,115,28,-87
9859,hosp_covid_dis_covid_hours_for,85998,2021-10-23,Суббота,01:00,28,28,0,9,1,19,18
9860,hosp_covid_dis_covid_hours_for,85999,2021-10-22,Пятница,сутки,1195,1103,92,1129,133,66,-67
9861,hosp_covid_dis_covid_hours_for,86001,2021-10-23,Суббота,02:00,73,73,0,16,2,57,55
9862,hosp_covid_dis_covid_hours_for,86003,2021-10-23,Суббота,03:00,111,110,1,18,2,93,91
9863,hosp_covid_dis_covid_hours_for,86005,2021-10-23,Суббота,04:00,150,148,2,20,2,130,128
9864,hosp_covid_dis_covid_hours_for,86007,2021-10-23,Суббота,05:00,181,178,3,23,4,158,154
9865,hosp_covid_dis_covid_hours_for,86009,2021-10-23,Суббота,06:00,202,199,3,25,4,177,173
9866,hosp_covid_dis_covid_hours_for,86011,2021-10-23,Суббота,07:00,223,220,3,29,4,194,190
9867,hosp_covid_dis_covid_hours_for,86013,2021-10-23,Суббота,08:00,240,236,4,47,4,193,189
9868,hosp_covid_dis_covid_hours_for,86015,2021-10-23,Суббота,09:00,250,245,5,94,5,156,151
9869,hosp_covid_dis_covid_hours_for,86017,2021-10-23,Суббота,10:00,262,257,5,153,5,109,104
9870,hosp_covid_dis_covid_hours_for,86019,2021-10-23,Суббота,11:00,279,270,9,227,12,52,40
9871,hosp_covid_dis_covid_hours_for,86021,2021-10-23,Суббота,12:00,327,317,10,337,31,-10,-41
9872,hosp_covid_dis_covid_hours_for,86023,2021-10-23,Суббота,13:00,373,361,12,435,39,-62,-101
9873,hosp_covid_dis_covid_hours_for,86025,2021-10-23,Суббота,14:00,424,406,18,495,50,-71,-121
9874,hosp_covid_dis_covid_hours_for,86027,2021-10-23,Суббота,15:00,474,447,27,587,54,-113,-167
9875,hosp_covid_dis_covid_hours_for,86029,2021-10-23,Суббота,16:00,542,505,37,646,69,-104,-173
9876,hosp_covid_dis_covid_hours_for,86031,2021-10-23,Суббота,17:00,597,556,41,673,79,-76,-155
9877,hosp_covid_dis_covid_hours_for,86033,2021-10-23,Суббота,18:00,649,604,45,689,85,-40,-125
9878,hosp_covid_dis_covid_hours_for,86035,2021-10-23,Суббота,19:00,700,650,50,699,95,1,-94
9879,hosp_covid_dis_covid_hours_for,86037,2021-10-23,Суббота,20:00,750,697,53,706,105,44,-61
9880,hosp_covid_dis_covid_hours_for,86039,2021-10-23,Суббота,21:00,798,743,55,715,108,83,-25
9881,hosp_covid_dis_covid_hours_for,86041,2021-10-23,Суббота,22:00,838,781,57,722,111,116,5
9882,hosp_covid_dis_covid_hours_for,86047,2021-10-23,Суббота,23:00,884,823,61,731,111,153,42
9883,hosp_covid_dis_covid_hours_for,86050,2021-10-24,Воскресенье,01:00,28,28,0,3,1,25,24
9884,hosp_covid_dis_covid_hours_for,86051,2021-10-23,Суббота,сутки,926,860,66,740,113,186,73
9885,hosp_covid_dis_covid_hours_for,86053,2021-10-24,Воскресенье,02:00,63,60,3,7,1,56,55
9886,hosp_covid_dis_covid_hours_for,86055,2021-10-24,Воскресенье,03:00,90,87,3,9,1,81,80
9887,hosp_covid_dis_covid_hours_for,86057,2021-10-24,Воскресенье,04:00,117,117,0,10,1,107,106
9888,hosp_covid_dis_covid_hours_for,86059,2021-10-24,Воскресенье,05:00,149,149,0,11,1,138,137
9889,hosp_covid_dis_covid_hours_for,86061,2021-10-24,Воскресенье,06:00,178,178,0,13,2,165,163
9890,hosp_covid_dis_covid_hours_for,86063,2021-10-24,Воскресенье,07:00,197,197,0,18,3,179,176
9891,hosp_covid_dis_covid_hours_for,86065,2021-10-24,Воскресенье,08:00,225,224,1,35,4,190,186
9892,hosp_covid_dis_covid_hours_for,86067,2021-10-24,Воскресенье,09:00,239,237,2,65,9,174,165
9893,hosp_covid_dis_covid_hours_for,86069,2021-10-24,Воскресенье,10:00,247,244,3,151,11,96,85
9894,hosp_covid_dis_covid_hours_for,86071,2021-10-24,Воскресенье,11:00,274,268,6,201,24,73,49
9895,hosp_covid_dis_covid_hours_for,86073,2021-10-24,Воскресенье,12:00,304,295,9,287,34,17,-17
9896,hosp_covid_dis_covid_hours_for,86075,2021-10-24,Воскресенье,13:00,347,332,15,379,43,-32,-75
9897,hosp_covid_dis_covid_hours_for,86077,2021-10-24,Воскресенье,14:00,395,375,20,442,51,-47,-98
9898,hosp_covid_dis_covid_hours_for,86079,2021-10-24,Воскресенье,15:00,446,423,23,483,61,-37,-98
9899,hosp_covid_dis_covid_hours_for,86081,2021-10-24,Воскресенье,16:00,501,472,29,534,68,-33,-101
9900,hosp_covid_dis_covid_hours_for,86083,2021-10-24,Воскресенье,17:00,545,513,32,551,73,-6,-79
9901,hosp_covid_dis_covid_hours_for,86085,2021-10-24,Воскресенье,18:00,590,553,37,572,75,18,-57
9902,hosp_covid_dis_covid_hours_for,86087,2021-10-24,Воскресенье,19:00,634,595,39,586,82,48,-34
9903,hosp_covid_dis_covid_hours_for,86089,2021-10-24,Воскресенье,20:00,696,654,42,594,87,102,15
9904,hosp_covid_dis_covid_hours_for,86091,2021-10-24,Воскресенье,21:00,739,692,47,600,88,139,51
9905,hosp_covid_dis_covid_hours_for,86093,2021-10-24,Воскресенье,22:00,779,726,53,616,105,163,58
9906,hosp_covid_dis_covid_hours_for,86099,2021-10-24,Воскресенье,23:00,823,768,55,620,105,203,98
9907,hosp_covid_dis_covid_hours_for,86102,2021-10-25,Понедельник,01:00,13,13,0,2,0,11,11
9908,hosp_covid_dis_covid_hours_for,86105,2021-10-25,Понедельник,02:00,35,34,1,3,0,32,32
9909,hosp_covid_dis_covid_hours_for,86107,2021-10-25,Понедельник,03:00,66,64,2,5,0,61,61
9910,hosp_covid_dis_covid_hours_for,86109,2021-10-25,Понедельник,04:00,84,82,2,5,0,79,79
9911,hosp_covid_dis_covid_hours_for,86111,2021-10-25,Понедельник,05:00,111,109,2,5,0,106,106
9912,hosp_covid_dis_covid_hours_for,86113,2021-10-25,Понедельник,06:00,132,130,2,5,2,127,125
9913,hosp_covid_dis_covid_hours_for,86115,2021-10-25,Понедельник,07:00,148,146,2,8,2,140,138
9914,hosp_covid_dis_covid_hours_for,86117,2021-10-25,Понедельник,08:00,158,156,2,35,5,123,118
9915,hosp_covid_dis_covid_hours_for,86119,2021-10-25,Понедельник,09:00,173,169,4,74,11,99,88
9916,hosp_covid_dis_covid_hours_for,86121,2021-10-25,Понедельник,10:00,182,177,5,148,15,34,19
9917,hosp_covid_dis_covid_hours_for,86122,2021-10-24,Воскресенье,сутки,859,801,58,627,105,232,127
9918,hosp_covid_dis_covid_hours_for,86124,2021-10-25,Понедельник,11:00,208,200,8,261,23,-53,-76
9919,hosp_covid_dis_covid_hours_for,86126,2021-10-25,Понедельник,12:00,248,233,15,414,40,-166,-206
9920,hosp_covid_dis_covid_hours_for,86128,2021-10-25,Понедельник,13:00,305,285,20,530,43,-225,-268
9921,hosp_covid_dis_covid_hours_for,86130,2021-10-25,Понедельник,14:00,362,338,24,704,57,-342,-399
9922,hosp_covid_dis_covid_hours_for,86132,2021-10-25,Понедельник,15:00,424,392,32,841,69,-417,-486
9923,hosp_covid_dis_covid_hours_for,86134,2021-10-25,Понедельник,16:00,489,449,40,913,77,-424,-501
9924,hosp_covid_dis_covid_hours_for,86136,2021-10-25,Понедельник,17:00,558,509,49,965,88,-407,-495
9925,hosp_covid_dis_covid_hours_for,86138,2021-10-25,Понедельник,18:00,640,579,61,1009,93,-369,-462
9926,hosp_covid_dis_covid_hours_for,86140,2021-10-25,Понедельник,19:00,712,640,72,1058,93,-346,-439
9927,hosp_covid_dis_covid_hours_for,86142,2021-10-25,Понедельник,20:00,784,704,80,1070,94,-286,-380
9928,hosp_covid_dis_covid_hours_for,86144,2021-10-25,Понедельник,21:00,837,751,86,1085,96,-248,-344
9929,hosp_covid_dis_covid_hours_for,86146,2021-10-25,Понедельник,22:00,900,809,91,1096,97,-196,-293
9930,hosp_covid_dis_covid_hours_for,86152,2021-10-25,Понедельник,23:00,948,851,97,1100,102,-152,-254
9931,hosp_covid_dis_covid_hours_for,86155,2021-10-26,Вторник,01:00,31,30,1,8,0,23,23
9932,hosp_covid_dis_covid_hours_for,86156,2021-10-25,Понедельник,сутки,1001,901,100,1108,104,-107,-211
9933,hosp_covid_dis_covid_hours_for,86158,2021-10-26,Вторник,02:00,70,68,2,14,1,56,55
9934,hosp_covid_dis_covid_hours_for,86160,2021-10-26,Вторник,03:00,110,108,2,18,1,92,91
9935,hosp_covid_dis_covid_hours_for,86162,2021-10-26,Вторник,04:00,147,145,2,20,1,127,126
9936,hosp_covid_dis_covid_hours_for,86164,2021-10-26,Вторник,05:00,169,167,2,24,2,145,143
9937,hosp_covid_dis_covid_hours_for,86166,2021-10-26,Вторник,06:00,192,190,2,26,2,166,164
9938,hosp_covid_dis_covid_hours_for,86168,2021-10-26,Вторник,07:00,204,202,2,25,2,179,177
9939,hosp_covid_dis_covid_hours_for,86170,2021-10-26,Вторник,08:00,224,221,3,39,2,185,183
9940,hosp_covid_dis_covid_hours_for,86172,2021-10-26,Вторник,09:00,245,242,3,88,7,157,150
9941,hosp_covid_dis_covid_hours_for,86174,2021-10-26,Вторник,10:00,297,292,5,143,18,154,136
9942,hosp_covid_dis_covid_hours_for,86176,2021-10-26,Вторник,11:00,325,319,6,273,33,52,19
9943,hosp_covid_dis_covid_hours_for,86178,2021-10-26,Вторник,12:00,387,376,11,412,51,-25,-76
9944,hosp_covid_dis_covid_hours_for,86180,2021-10-26,Вторник,13:00,441,427,14,543,76,-102,-178
9945,hosp_covid_dis_covid_hours_for,86182,2021-10-26,Вторник,14:00,517,493,24,674,86,-157,-243
9946,hosp_covid_dis_covid_hours_for,86184,2021-10-26,Вторник,15:00,594,556,38,850,95,-256,-351
9947,hosp_covid_dis_covid_hours_for,86186,2021-10-26,Вторник,16:00,669,620,49,1007,103,-338,-441
9948,hosp_covid_dis_covid_hours_for,86188,2021-10-26,Вторник,17:00,726,669,57,1099,137,-373,-510
9949,hosp_covid_dis_covid_hours_for,86190,2021-10-26,Вторник,18:00,795,725,70,1135,154,-340,-494
9950,hosp_covid_dis_covid_hours_for,86192,2021-10-26,Вторник,19:00,859,781,78,1146,160,-287,-447
9951,hosp_covid_dis_covid_hours_for,86194,2021-10-26,Вторник,20:00,942,858,84,1158,163,-216,-379
9952,hosp_covid_dis_covid_hours_for,86196,2021-10-26,Вторник,21:00,996,907,89,1163,167,-167,-334
9953,hosp_covid_dis_covid_hours_for,86198,2021-10-26,Вторник,22:00,1042,948,94,1174,169,-132,-301
9954,hosp_covid_dis_covid_hours_for,86204,2021-10-26,Вторник,23:00,1097,1000,97,1178,171,-81,-252
9955,hosp_covid_dis_covid_hours_for,86207,2021-10-27,Среда,01:00,29,29,0,3,0,26,26
9956,hosp_covid_dis_covid_hours_for,86208,2021-10-26,Вторник,сутки,1162,1063,99,1185,178,-23,-201
9957,hosp_covid_dis_covid_hours_for,86210,2021-10-27,Среда,02:00,65,63,2,6,0,59,59
9958,hosp_covid_dis_covid_hours_for,86212,2021-10-27,Среда,03:00,95,93,2,6,1,89,88
9959,hosp_covid_dis_covid_hours_for,86214,2021-10-27,Среда,04:00,123,121,2,7,1,116,115
9960,hosp_covid_dis_covid_hours_for,86216,2021-10-27,Среда,05:00,147,145,2,7,3,140,137
9961,hosp_covid_dis_covid_hours_for,86218,2021-10-27,Среда,06:00,160,158,2,9,3,151,148
9962,hosp_covid_dis_covid_hours_for,86220,2021-10-27,Среда,07:00,176,174,2,13,3,163,160
9963,hosp_covid_dis_covid_hours_for,86222,2021-10-27,Среда,08:00,190,188,2,32,4,158,154
9964,hosp_covid_dis_covid_hours_for,86224,2021-10-27,Среда,09:00,207,204,3,89,11,118,107
9965,hosp_covid_dis_covid_hours_for,86226,2021-10-27,Среда,10:00,227,223,4,162,17,65,48
9966,hosp_covid_dis_covid_hours_for,86228,2021-10-27,Среда,11:00,252,248,4,267,28,-15,-43
9967,hosp_covid_dis_covid_hours_for,86230,2021-10-27,Среда,12:00,295,288,7,440,45,-145,-190
9968,hosp_covid_dis_covid_hours_for,86232,2021-10-27,Среда,13:00,346,335,11,591,64,-245,-309
9969,hosp_covid_dis_covid_hours_for,86234,2021-10-27,Среда,14:00,437,414,23,732,81,-295,-376
9970,hosp_covid_dis_covid_hours_for,86236,2021-10-27,Среда,15:00,508,474,34,890,101,-382,-483
9971,hosp_covid_dis_covid_hours_for,86238,2021-10-27,Среда,16:00,577,534,43,1003,120,-426,-546
9972,hosp_covid_dis_covid_hours_for,86240,2021-10-27,Среда,17:00,642,589,53,1080,135,-438,-573
9973,hosp_covid_dis_covid_hours_for,86242,2021-10-27,Среда,18:00,706,640,66,1117,146,-411,-557
9974,hosp_covid_dis_covid_hours_for,86244,2021-10-27,Среда,19:00,769,698,71,1124,146,-355,-501
9975,hosp_covid_dis_covid_hours_for,86246,2021-10-27,Среда,20:00,836,751,85,1127,150,-291,-441
9976,hosp_covid_dis_covid_hours_for,86248,2021-10-27,Среда,21:00,895,805,90,1127,150,-232,-382
9977,hosp_covid_dis_covid_hours_for,86250,2021-10-27,Среда,22:00,961,867,94,1137,150,-176,-326
9978,hosp_covid_dis_covid_hours_for,86256,2021-10-27,Среда,23:00,1037,936,101,1142,152,-105,-257
9979,hosp_covid_dis_covid_hours_for,86259,2021-10-28,Четверг,01:00,15,15,0,2,0,13,13
9980,hosp_covid_dis_covid_hours_for,86260,2021-10-27,Среда,сутки,1098,995,103,1148,153,-50,-203
9981,hosp_covid_dis_covid_hours_for,86262,2021-10-28,Четверг,02:00,64,63,1,4,0,60,60
9982,hosp_covid_dis_covid_hours_for,86264,2021-10-28,Четверг,03:00,103,102,1,8,0,95,95
9983,hosp_covid_dis_covid_hours_for,86266,2021-10-28,Четверг,04:00,130,128,2,9,0,121,121
9984,hosp_covid_dis_covid_hours_for,86268,2021-10-28,Четверг,05:00,164,162,2,11,0,153,153
9985,hosp_covid_dis_covid_hours_for,86270,2021-10-28,Четверг,06:00,193,191,2,12,0,181,181
9986,hosp_covid_dis_covid_hours_for,86272,2021-10-28,Четверг,07:00,206,204,2,18,1,188,187
9987,hosp_covid_dis_covid_hours_for,86274,2021-10-28,Четверг,08:00,218,215,3,32,1,186,185
9988,hosp_covid_dis_covid_hours_for,86276,2021-10-28,Четверг,09:00,232,228,4,87,6,145,139
9989,hosp_covid_dis_covid_hours_for,86278,2021-10-28,Четверг,10:00,248,243,5,160,14,88,74
9990,hosp_covid_dis_covid_hours_for,86280,2021-10-28,Четверг,11:00,264,257,7,251,28,13,-15
9991,hosp_covid_dis_covid_hours_for,86282,2021-10-28,Четверг,12:00,328,315,13,380,61,-52,-113
9992,hosp_covid_dis_covid_hours_for,86284,2021-10-28,Четверг,13:00,377,357,20,538,78,-161,-239
9993,hosp_covid_dis_covid_hours_for,86286,2021-10-28,Четверг,14:00,451,429,22,699,98,-248,-346
9994,hosp_covid_dis_covid_hours_for,86288,2021-10-28,Четверг,15:00,533,500,33,822,114,-289,-403
9995,hosp_covid_dis_covid_hours_for,86290,2021-10-28,Четверг,16:00,600,562,38,936,129,-336,-465
9996,hosp_covid_dis_covid_hours_for,86292,2021-10-28,Четверг,17:00,676,632,44,1001,141,-325,-466
9997,hosp_covid_dis_covid_hours_for,86294,2021-10-28,Четверг,18:00,748,698,50,1017,146,-269,-415
9998,hosp_covid_dis_covid_hours_for,86296,2021-10-28,Четверг,19:00,823,766,57,1050,151,-227,-378
9999,hosp_covid_dis_covid_hours_for,86298,2021-10-28,Четверг,20:00,882,819,63,1064,156,-182,-338
10000,hosp_covid_dis_covid_hours_for,86300,2021-10-28,Четверг,21:00,946,873,73,1053,160,-107,-267
10001,hosp_covid_dis_covid_hours_for,86302,2021-10-28,Четверг,22:00,1000,920,80,1057,163,-57,-220
10002,hosp_covid_dis_covid_hours_for,86308,2021-10-28,Четверг,23:00,1047,962,85,1064,168,-17,-185
10003,hosp_covid_dis_covid_hours_for,86311,2021-10-29,Пятница,01:00,25,24,1,2,0,23,23
10004,hosp_covid_dis_covid_hours_for,86312,2021-10-28,Четверг,сутки,1090,1003,87,1066,168,24,-144
10005,hosp_covid_dis_covid_hours_for,86314,2021-10-29,Пятница,02:00,49,48,1,3,4,46,42
10006,hosp_covid_dis_covid_hours_for,86316,2021-10-29,Пятница,03:00,86,83,3,5,4,81,77
10007,hosp_covid_dis_covid_hours_for,86318,2021-10-29,Пятница,04:00,124,121,3,7,4,117,113
10008,hosp_covid_dis_covid_hours_for,86320,2021-10-29,Пятница,05:00,143,140,3,15,4,128,124
10009,hosp_covid_dis_covid_hours_for,86322,2021-10-29,Пятница,06:00,168,165,3,20,4,148,144
10010,hosp_covid_dis_covid_hours_for,86324,2021-10-29,Пятница,07:00,188,185,3,38,4,150,146
10011,hosp_covid_dis_covid_hours_for,86326,2021-10-29,Пятница,08:00,197,195,2,51,4,146,142
10012,hosp_covid_dis_covid_hours_for,86328,2021-10-29,Пятница,09:00,207,204,3,116,8,91,83
10013,hosp_covid_dis_covid_hours_for,86330,2021-10-29,Пятница,10:00,244,238,6,206,19,38,19
10014,hosp_covid_dis_covid_hours_for,86332,2021-10-29,Пятница,11:00,287,277,10,304,30,-17,-47
10015,hosp_covid_dis_covid_hours_for,86334,2021-10-29,Пятница,12:00,333,322,11,441,59,-108,-167
10016,hosp_covid_dis_covid_hours_for,86336,2021-10-29,Пятница,13:00,390,372,18,590,80,-200,-280
10017,hosp_covid_dis_covid_hours_for,86338,2021-10-29,Пятница,14:00,472,444,28,723,99,-251,-350
10018,hosp_covid_dis_covid_hours_for,86340,2021-10-29,Пятница,15:00,531,496,35,874,123,-343,-466
10019,hosp_covid_dis_covid_hours_for,86342,2021-10-29,Пятница,16:00,594,555,39,1015,132,-421,-553
10020,hosp_covid_dis_covid_hours_for,86344,2021-10-29,Пятница,17:00,661,610,51,1072,151,-411,-562
10021,hosp_covid_dis_covid_hours_for,86346,2021-10-29,Пятница,18:00,735,678,57,1112,165,-377,-542
10022,hosp_covid_dis_covid_hours_for,86348,2021-10-29,Пятница,19:00,795,730,65,1141,174,-346,-520
10023,hosp_covid_dis_covid_hours_for,86350,2021-10-29,Пятница,20:00,860,786,74,1149,175,-289,-464
10024,hosp_covid_dis_covid_hours_for,86352,2021-10-29,Пятница,21:00,916,838,78,1150,178,-234,-412
10025,hosp_covid_dis_covid_hours_for,86354,2021-10-29,Пятница,22:00,963,884,79,1147,179,-184,-363
10026,hosp_covid_dis_covid_hours_for,86360,2021-10-29,Пятница,23:00,1016,930,86,1157,180,-141,-321
10027,hosp_covid_dis_covid_hours_for,86363,2021-10-30,Суббота,01:00,27,27,0,2,0,25,25
10028,hosp_covid_dis_covid_hours_for,86364,2021-10-29,Пятница,сутки,1067,979,88,1168,68,-101,-169
10029,hosp_covid_dis_covid_hours_for,86366,2021-10-30,Суббота,02:00,72,71,1,3,0,69,69
10030,hosp_covid_dis_covid_hours_for,86368,2021-10-30,Суббота,03:00,108,106,2,4,0,104,104
10031,hosp_covid_dis_covid_hours_for,86370,2021-10-30,Суббота,04:00,143,141,2,5,0,138,138
10032,hosp_covid_dis_covid_hours_for,86372,2021-10-30,Суббота,05:00,169,167,2,5,0,164,164
10033,hosp_covid_dis_covid_hours_for,86374,2021-10-30,Суббота,06:00,198,196,2,5,0,193,193
10034,hosp_covid_dis_covid_hours_for,86376,2021-10-30,Суббота,07:00,210,208,2,11,0,199,199
10035,hosp_covid_dis_covid_hours_for,86378,2021-10-30,Суббота,08:00,227,225,2,38,0,189,189
10036,hosp_covid_dis_covid_hours_for,86380,2021-10-30,Суббота,09:00,246,244,2,74,8,172,164
10037,hosp_covid_dis_covid_hours_for,86382,2021-10-30,Суббота,10:00,256,254,2,139,17,117,100
10038,hosp_covid_dis_covid_hours_for,86384,2021-10-30,Суббота,11:00,284,280,4,245,23,39,16
10039,hosp_covid_dis_covid_hours_for,86386,2021-10-30,Суббота,12:00,326,321,5,363,43,-37,-80
10040,hosp_covid_dis_covid_hours_for,86388,2021-10-30,Суббота,13:00,378,369,9,475,63,-97,-160
10041,hosp_covid_dis_covid_hours_for,86390,2021-10-30,Суббота,14:00,441,426,15,577,87,-136,-223
10042,hosp_covid_dis_covid_hours_for,86392,2021-10-30,Суббота,15:00,501,478,23,667,100,-166,-266
10043,hosp_covid_dis_covid_hours_for,86394,2021-10-30,Суббота,16:00,561,531,30,718,114,-157,-271
10044,hosp_covid_dis_covid_hours_for,86396,2021-10-30,Суббота,17:00,625,588,37,755,123,-130,-253
10045,hosp_covid_dis_covid_hours_for,86398,2021-10-30,Суббота,18:00,678,636,42,766,127,-88,-215
10046,hosp_covid_dis_covid_hours_for,86400,2021-10-30,Суббота,19:00,730,680,50,789,134,-59,-193
10047,hosp_covid_dis_covid_hours_for,86402,2021-10-30,Суббота,20:00,788,732,56,823,141,-35,-176
10048,hosp_covid_dis_covid_hours_for,86404,2021-10-30,Суббота,21:00,844,777,67,824,141,20,-121
10049,hosp_covid_dis_covid_hours_for,86406,2021-10-30,Суббота,22:00,894,821,73,825,143,69,-74
10050,hosp_covid_dis_covid_hours_for,86412,2021-10-30,Суббота,23:00,935,860,75,829,144,106,-38
10051,hosp_covid_dis_covid_hours_for,86415,2021-10-31,Воскресенье,01:00,21,21,0,6,0,15,15
10052,hosp_covid_dis_covid_hours_for,86416,2021-10-30,Суббота,сутки,981,903,78,832,144,149,5
10053,hosp_covid_dis_covid_hours_for,86418,2021-10-31,Воскресенье,02:00,50,50,0,8,0,42,42
10054,hosp_covid_dis_covid_hours_for,86420,2021-10-31,Воскресенье,03:00,79,79,0,10,1,69,68
10055,hosp_covid_dis_covid_hours_for,86422,2021-10-31,Воскресенье,04:00,103,103,0,13,1,90,89
10056,hosp_covid_dis_covid_hours_for,86424,2021-10-31,Воскресенье,05:00,125,125,0,23,1,102,101
10057,hosp_covid_dis_covid_hours_for,86426,2021-10-31,Воскресенье,06:00,146,146,0,26,1,120,119
10058,hosp_covid_dis_covid_hours_for,86428,2021-10-31,Воскресенье,07:00,156,156,0,33,1,123,122
10059,hosp_covid_dis_covid_hours_for,86430,2021-10-31,Воскресенье,08:00,171,171,0,50,1,121,120
10060,hosp_covid_dis_covid_hours_for,86432,2021-10-31,Воскресенье,09:00,176,176,0,76,1,100,99
10061,hosp_covid_dis_covid_hours_for,86434,2021-10-31,Воскресенье,10:00,186,184,2,133,3,53,50
10062,hosp_covid_dis_covid_hours_for,86436,2021-10-31,Воскресенье,11:00,209,204,5,192,13,17,4
10063,hosp_covid_dis_covid_hours_for,86438,2021-10-31,Воскресенье,12:00,237,229,8,302,30,-65,-95
10064,hosp_covid_dis_covid_hours_for,86440,2021-10-31,Воскресенье,13:00,279,267,12,427,46,-148,-194
10065,hosp_covid_dis_covid_hours_for,86442,2021-10-31,Воскресенье,14:00,323,309,14,508,53,-185,-238
10066,hosp_covid_dis_covid_hours_for,86444,2021-10-31,Воскресенье,15:00,378,359,19,557,71,-179,-250
10067,hosp_covid_dis_covid_hours_for,86446,2021-10-31,Воскресенье,16:00,423,399,24,596,80,-173,-253
10068,hosp_covid_dis_covid_hours_for,86448,2021-10-31,Воскресенье,17:00,482,452,30,625,90,-143,-233
10069,hosp_covid_dis_covid_hours_for,86450,2021-10-31,Воскресенье,18:00,528,492,36,657,105,-129,-234
10070,hosp_covid_dis_covid_hours_for,86452,2021-10-31,Воскресенье,19:00,573,533,40,677,111,-104,-215
10071,hosp_covid_dis_covid_hours_for,86454,2021-10-31,Воскресенье,20:00,619,575,44,680,114,-61,-175
10072,hosp_covid_dis_covid_hours_for,86456,2021-10-31,Воскресенье,21:00,665,621,44,688,115,-23,-138
10073,hosp_covid_dis_covid_hours_for,86458,2021-10-31,Воскресенье,22:00,708,660,48,694,115,14,-101
10074,hosp_covid_dis_covid_hours_for,86464,2021-10-31,Воскресенье,23:00,748,697,51,700,115,48,-67
10075,hosp_covid_dis_covid_hours_for,86467,2021-11-01,Понедельник,01:00,33,33,0,7,1,26,25
10076,hosp_covid_dis_covid_hours_for,86468,2021-10-31,Воскресенье,сутки,793,739,54,707,116,86,-30
10077,hosp_covid_dis_covid_hours_for,86470,2021-11-01,Понедельник,02:00,61,61,0,10,2,51,49
10078,hosp_covid_dis_covid_hours_for,86472,2021-11-01,Понедельник,03:00,94,94,0,12,3,82,79
10079,hosp_covid_dis_covid_hours_for,86474,2021-11-01,Понедельник,04:00,122,122,0,16,3,106,103
10080,hosp_covid_dis_covid_hours_for,86476,2021-11-01,Понедельник,05:00,142,142,0,17,4,125,121
10081,hosp_covid_dis_covid_hours_for,86478,2021-11-01,Понедельник,06:00,153,153,0,32,4,121,117
10082,hosp_covid_dis_covid_hours_for,86480,2021-11-01,Понедельник,07:00,168,168,0,44,4,124,120
10083,hosp_covid_dis_covid_hours_for,86482,2021-11-01,Понедельник,08:00,172,172,0,56,5,116,111
10084,hosp_covid_dis_covid_hours_for,86484,2021-11-01,Понедельник,09:00,177,177,0,86,12,91,79
10085,hosp_covid_dis_covid_hours_for,86486,2021-11-01,Понедельник,10:00,205,201,4,127,12,78,66
10086,hosp_covid_dis_covid_hours_for,86488,2021-11-01,Понедельник,11:00,224,220,4,258,23,-34,-57
10087,hosp_covid_dis_covid_hours_for,86490,2021-11-01,Понедельник,12:00,267,260,7,400,36,-133,-169
10088,hosp_covid_dis_covid_hours_for,86492,2021-11-01,Понедельник,13:00,306,299,7,550,41,-244,-285
10089,hosp_covid_dis_covid_hours_for,86494,2021-11-01,Понедельник,14:00,373,363,10,768,54,-395,-449
10090,hosp_covid_dis_covid_hours_for,86496,2021-11-01,Понедельник,15:00,444,427,17,914,70,-470,-540
10091,hosp_covid_dis_covid_hours_for,86498,2021-11-01,Понедельник,16:00,521,496,25,1065,87,-544,-631
10092,hosp_covid_dis_covid_hours_for,86500,2021-11-01,Понедельник,17:00,589,553,36,1145,116,-556,-672
10093,hosp_covid_dis_covid_hours_for,86502,2021-11-01,Понедельник,18:00,663,615,48,1183,135,-520,-655
10094,hosp_covid_dis_covid_hours_for,86504,2021-11-01,Понедельник,19:00,736,677,59,1227,138,-491,-629
10095,hosp_covid_dis_covid_hours_for,86506,2021-11-01,Понедельник,20:00,817,751,66,1239,141,-422,-563
10096,hosp_covid_dis_covid_hours_for,86508,2021-11-01,Понедельник,21:00,893,816,77,1245,144,-352,-496
10097,hosp_covid_dis_covid_hours_for,86510,2021-11-01,Понедельник,22:00,960,877,83,1253,147,-293,-440
10098,hosp_covid_dis_covid_hours_for,86516,2021-11-01,Понедельник,23:00,966,882,84,1254,147,-288,-435
10099,hosp_covid_dis_covid_hours_for,86519,2021-11-02,Вторник,01:00,37,36,1,1,0,36,36
10100,hosp_covid_dis_covid_hours_for,86520,2021-11-01,Понедельник,сутки,1010,922,88,1255,148,-245,-393
10101,hosp_covid_dis_covid_hours_for,86522,2021-11-02,Вторник,02:00,67,66,1,2,2,65,63
10102,hosp_covid_dis_covid_hours_for,86524,2021-11-02,Вторник,03:00,107,104,3,7,2,100,98
10103,hosp_covid_dis_covid_hours_for,86526,2021-11-02,Вторник,04:00,142,139,3,8,2,134,132
10104,hosp_covid_dis_covid_hours_for,86528,2021-11-02,Вторник,05:00,164,161,3,18,2,146,144
10105,hosp_covid_dis_covid_hours_for,86530,2021-11-02,Вторник,06:00,177,174,3,23,2,154,152
10106,hosp_covid_dis_covid_hours_for,86532,2021-11-02,Вторник,07:00,193,190,3,36,2,157,155
10107,hosp_covid_dis_covid_hours_for,86534,2021-11-02,Вторник,08:00,213,210,3,56,2,157,155
10108,hosp_covid_dis_covid_hours_for,86536,2021-11-02,Вторник,09:00,224,221,3,100,2,124,122
10109,hosp_covid_dis_covid_hours_for,86538,2021-11-02,Вторник,10:00,256,252,4,186,12,70,58
10110,hosp_covid_dis_covid_hours_for,86540,2021-11-02,Вторник,11:00,313,306,7,359,31,-46,-77
10111,hosp_covid_dis_covid_hours_for,86542,2021-11-02,Вторник,12:00,357,343,14,528,53,-171,-224
10112,hosp_covid_dis_covid_hours_for,86544,2021-11-02,Вторник,13:00,412,394,18,702,75,-290,-365
10113,hosp_covid_dis_covid_hours_for,86546,2021-11-02,Вторник,14:00,476,454,22,868,84,-392,-476
10114,hosp_covid_dis_covid_hours_for,86548,2021-11-02,Вторник,15:00,540,512,28,1032,93,-492,-585
10115,hosp_covid_dis_covid_hours_for,86550,2021-11-02,Вторник,16:00,608,575,33,1172,107,-564,-671
10116,hosp_covid_dis_covid_hours_for,86552,2021-11-02,Вторник,17:00,686,647,39,1227,118,-541,-659
10117,hosp_covid_dis_covid_hours_for,86554,2021-11-02,Вторник,18:00,747,698,49,1270,123,-523,-646
10118,hosp_covid_dis_covid_hours_for,86556,2021-11-02,Вторник,19:00,822,765,57,1282,125,-460,-585
10119,hosp_covid_dis_covid_hours_for,86558,2021-11-02,Вторник,20:00,884,818,66,1298,126,-414,-540
10120,hosp_covid_dis_covid_hours_for,86560,2021-11-02,Вторник,21:00,924,851,73,1298,127,-374,-501
10121,hosp_covid_dis_covid_hours_for,86562,2021-11-02,Вторник,22:00,984,908,76,1294,130,-310,-440
10122,hosp_covid_dis_covid_hours_for,86568,2021-11-02,Вторник,23:00,1039,959,80,1304,136,-265,-401
10123,hosp_covid_dis_covid_hours_for,86571,2021-11-03,Среда,01:00,31,31,0,1,1,30,29
10124,hosp_covid_dis_covid_hours_for,86572,2021-11-02,Вторник,сутки,1085,1002,83,1312,141,-227,-368
10125,hosp_covid_dis_covid_hours_for,86574,2021-11-03,Среда,02:00,72,70,2,5,2,67,65
10126,hosp_covid_dis_covid_hours_for,86576,2021-11-03,Среда,03:00,98,96,2,15,2,83,81
10127,hosp_covid_dis_covid_hours_for,86578,2021-11-03,Среда,04:00,127,125,2,18,2,109,107
10128,hosp_covid_dis_covid_hours_for,86580,2021-11-03,Среда,05:00,141,139,2,20,2,121,119
10129,hosp_covid_dis_covid_hours_for,86582,2021-11-03,Среда,06:00,157,155,2,24,2,133,131
10130,hosp_covid_dis_covid_hours_for,86584,2021-11-03,Среда,07:00,170,167,3,35,3,135,132
10131,hosp_covid_dis_covid_hours_for,86586,2021-11-03,Среда,08:00,186,182,4,53,5,133,128
10132,hosp_covid_dis_covid_hours_for,86588,2021-11-03,Среда,09:00,194,187,7,86,13,108,95
10133,hosp_covid_dis_covid_hours_for,86590,2021-11-03,Среда,10:00,232,225,7,174,17,58,41
10134,hosp_covid_dis_covid_hours_for,86592,2021-11-03,Среда,11:00,281,269,12,301,33,-20,-53
10135,hosp_covid_dis_covid_hours_for,86594,2021-11-03,Среда,12:00,332,313,19,475,39,-143,-182
10136,hosp_covid_dis_covid_hours_for,86596,2021-11-03,Среда,13:00,399,373,26,664,50,-265,-315
10137,hosp_covid_dis_covid_hours_for,86598,2021-11-03,Среда,14:00,483,444,39,863,79,-380,-459
10138,hosp_covid_dis_covid_hours_for,86600,2021-11-03,Среда,15:00,580,525,55,1001,101,-421,-522
10139,hosp_covid_dis_covid_hours_for,86602,2021-11-03,Среда,16:00,664,595,69,1081,122,-417,-539
10140,hosp_covid_dis_covid_hours_for,86604,2021-11-03,Среда,17:00,748,668,80,1169,141,-421,-562
10141,hosp_covid_dis_covid_hours_for,86606,2021-11-03,Среда,18:00,828,734,94,1199,147,-371,-518
10142,hosp_covid_dis_covid_hours_for,86608,2021-11-03,Среда,19:00,897,796,101,1205,155,-308,-463
10143,hosp_covid_dis_covid_hours_for,86610,2021-11-03,Среда,20:00,956,847,109,1197,156,-241,-397
10144,hosp_covid_dis_covid_hours_for,86612,2021-11-03,Среда,21:00,1013,903,110,1214,158,-201,-359
10145,hosp_covid_dis_covid_hours_for,86614,2021-11-03,Среда,22:00,1075,959,116,1214,161,-139,-300
10146,hosp_covid_dis_covid_hours_for,86620,2021-11-03,Среда,23:00,1129,1005,124,1221,161,-92,-253
10147,hosp_covid_dis_covid_hours_for,86623,2021-11-04,Четверг,01:00,26,26,0,10,0,16,16
10148,hosp_covid_dis_covid_hours_for,86624,2021-11-03,Среда,сутки,1189,1056,133,1227,162,-38,-200
10149,hosp_covid_dis_covid_hours_for,86626,2021-11-04,Четверг,02:00,54,54,0,21,1,33,32
10150,hosp_covid_dis_covid_hours_for,86628,2021-11-04,Четверг,03:00,78,78,0,22,1,56,55
10151,hosp_covid_dis_covid_hours_for,86630,2021-11-04,Четверг,04:00,107,106,1,24,1,83,82
10152,hosp_covid_dis_covid_hours_for,86632,2021-11-04,Четверг,05:00,131,130,1,26,1,105,104
10153,hosp_covid_dis_covid_hours_for,86634,2021-11-04,Четверг,06:00,149,148,1,26,2,123,121
10154,hosp_covid_dis_covid_hours_for,86636,2021-11-04,Четверг,07:00,160,159,1,35,2,125,123
10155,hosp_covid_dis_covid_hours_for,86638,2021-11-04,Четверг,08:00,169,168,1,60,2,109,107
10156,hosp_covid_dis_covid_hours_for,86640,2021-11-04,Четверг,09:00,179,177,2,116,8,63,55
10157,hosp_covid_dis_covid_hours_for,86642,2021-11-04,Четверг,10:00,188,185,3,202,24,-14,-38
10158,hosp_covid_dis_covid_hours_for,86644,2021-11-04,Четверг,11:00,241,233,8,313,42,-72,-114
10159,hosp_covid_dis_covid_hours_for,86646,2021-11-04,Четверг,12:00,282,267,15,474,56,-192,-248
10160,hosp_covid_dis_covid_hours_for,86648,2021-11-04,Четверг,13:00,327,306,21,576,72,-249,-321
10161,hosp_covid_dis_covid_hours_for,86650,2021-11-04,Четверг,14:00,378,352,26,653,78,-275,-353
10162,hosp_covid_dis_covid_hours_for,86652,2021-11-04,Четверг,15:00,450,416,34,742,93,-292,-385
10163,hosp_covid_dis_covid_hours_for,86654,2021-11-04,Четверг,16:00,511,468,43,818,100,-307,-407
10164,hosp_covid_dis_covid_hours_for,86656,2021-11-04,Четверг,17:00,584,533,51,854,106,-270,-376
10165,hosp_covid_dis_covid_hours_for,86658,2021-11-04,Четверг,18:00,662,604,58,916,107,-254,-361
10166,hosp_covid_dis_covid_hours_for,86660,2021-11-04,Четверг,19:00,728,664,64,926,110,-198,-308
10167,hosp_covid_dis_covid_hours_for,86662,2021-11-04,Четверг,20:00,788,719,69,948,116,-160,-276
10168,hosp_covid_dis_covid_hours_for,86664,2021-11-04,Четверг,21:00,836,763,73,941,128,-105,-233
10169,hosp_covid_dis_covid_hours_for,86666,2021-11-04,Четверг,22:00,877,803,74,945,131,-68,-199
10170,hosp_covid_dis_covid_hours_for,86672,2021-11-04,Четверг,23:00,917,837,80,950,139,-33,-172
10171,hosp_covid_dis_covid_hours_for,86675,2021-11-05,Пятница,01:00,20,20,0,10,1,10,9
10172,hosp_covid_dis_covid_hours_for,86676,2021-11-04,Четверг,сутки,963,878,85,956,141,7,-134
10173,hosp_covid_dis_covid_hours_for,86678,2021-11-05,Пятница,02:00,44,43,1,13,1,31,30
10174,hosp_covid_dis_covid_hours_for,86680,2021-11-05,Пятница,03:00,72,69,3,16,1,56,55
10175,hosp_covid_dis_covid_hours_for,86682,2021-11-05,Пятница,04:00,92,89,3,17,2,75,73
10176,hosp_covid_dis_covid_hours_for,86684,2021-11-05,Пятница,05:00,109,106,3,19,2,90,88
10177,hosp_covid_dis_covid_hours_for,86686,2021-11-05,Пятница,06:00,129,126,3,24,2,105,103
10178,hosp_covid_dis_covid_hours_for,86688,2021-11-05,Пятница,07:00,143,140,3,30,2,113,111
10179,hosp_covid_dis_covid_hours_for,86690,2021-11-05,Пятница,08:00,156,152,4,53,3,103,100
10180,hosp_covid_dis_covid_hours_for,86692,2021-11-05,Пятница,09:00,167,163,4,101,13,66,53
10181,hosp_covid_dis_covid_hours_for,86694,2021-11-05,Пятница,10:00,179,173,6,187,23,-8,-31
10182,hosp_covid_dis_covid_hours_for,86696,2021-11-05,Пятница,11:00,201,194,7,316,27,-115,-142
10183,hosp_covid_dis_covid_hours_for,86698,2021-11-05,Пятница,12:00,236,226,10,482,34,-246,-280
10184,hosp_covid_dis_covid_hours_for,86700,2021-11-05,Пятница,13:00,325,303,22,651,64,-326,-390
10185,hosp_covid_dis_covid_hours_for,86702,2021-11-05,Пятница,14:00,387,356,31,788,79,-401,-480
10186,hosp_covid_dis_covid_hours_for,86704,2021-11-05,Пятница,15:00,451,411,40,886,87,-435,-522
10187,hosp_covid_dis_covid_hours_for,86706,2021-11-05,Пятница,16:00,514,466,48,934,106,-420,-526
10188,hosp_covid_dis_covid_hours_for,86708,2021-11-05,Пятница,17:00,579,527,52,962,111,-383,-494
10189,hosp_covid_dis_covid_hours_for,86710,2021-11-05,Пятница,18:00,651,589,62,990,116,-339,-455
10190,hosp_covid_dis_covid_hours_for,86712,2021-11-05,Пятница,19:00,714,647,67,999,122,-285,-407
10191,hosp_covid_dis_covid_hours_for,86714,2021-11-05,Пятница,20:00,769,699,70,1016,125,-247,-372
10192,hosp_covid_dis_covid_hours_for,86716,2021-11-05,Пятница,21:00,833,754,79,1033,131,-200,-331
10193,hosp_covid_dis_covid_hours_for,86718,2021-11-05,Пятница,22:00,894,808,86,1031,135,-137,-272
10194,hosp_covid_dis_covid_hours_for,86724,2021-11-05,Пятница,23:00,942,849,93,1039,137,-97,-234
10195,hosp_covid_dis_covid_hours_for,86727,2021-11-06,Суббота,01:00,25,23,2,8,0,17,17
10196,hosp_covid_dis_covid_hours_for,86728,2021-11-05,Пятница,сутки,991,896,95,1048,140,-57,-197
10197,hosp_covid_dis_covid_hours_for,86730,2021-11-06,Суббота,02:00,57,54,3,9,0,48,48
10198,hosp_covid_dis_covid_hours_for,86732,2021-11-06,Суббота,03:00,82,79,3,10,0,72,72
10199,hosp_covid_dis_covid_hours_for,86734,2021-11-06,Суббота,04:00,100,97,3,12,0,88,88
10200,hosp_covid_dis_covid_hours_for,86736,2021-11-06,Суббота,05:00,119,116,3,14,0,105,105
10201,hosp_covid_dis_covid_hours_for,86738,2021-11-06,Суббота,06:00,139,136,3,25,0,114,114
10202,hosp_covid_dis_covid_hours_for,86740,2021-11-06,Суббота,07:00,154,151,3,28,0,126,126
10203,hosp_covid_dis_covid_hours_for,86742,2021-11-06,Суббота,08:00,163,160,3,50,1,113,112
10204,hosp_covid_dis_covid_hours_for,86744,2021-11-06,Суббота,09:00,171,168,3,98,3,73,70
10205,hosp_covid_dis_covid_hours_for,86746,2021-11-06,Суббота,10:00,183,178,5,170,6,13,7
10206,hosp_covid_dis_covid_hours_for,86748,2021-11-06,Суббота,11:00,213,204,9,270,11,-57,-68
10207,hosp_covid_dis_covid_hours_for,86750,2021-11-06,Суббота,12:00,248,236,12,391,40,-143,-183
10208,hosp_covid_dis_covid_hours_for,86752,2021-11-06,Суббота,13:00,299,284,15,542,60,-243,-303
10209,hosp_covid_dis_covid_hours_for,86754,2021-11-06,Суббота,14:00,371,346,25,644,75,-273,-348
10210,hosp_covid_dis_covid_hours_for,86756,2021-11-06,Суббота,15:00,451,419,32,731,88,-280,-368
10211,hosp_covid_dis_covid_hours_for,86758,2021-11-06,Суббота,16:00,528,486,42,787,103,-259,-362
10212,hosp_covid_dis_covid_hours_for,86760,2021-11-06,Суббота,17:00,610,557,53,816,111,-206,-317
10213,hosp_covid_dis_covid_hours_for,86762,2021-11-06,Суббота,18:00,683,626,57,832,118,-149,-267
10214,hosp_covid_dis_covid_hours_for,86764,2021-11-06,Суббота,19:00,751,685,66,846,122,-95,-217
10215,hosp_covid_dis_covid_hours_for,86766,2021-11-06,Суббота,20:00,813,744,69,861,123,-48,-171
10216,hosp_covid_dis_covid_hours_for,86768,2021-11-06,Суббота,21:00,867,794,73,864,124,3,-121
10217,hosp_covid_dis_covid_hours_for,86770,2021-11-06,Суббота,22:00,932,854,78,866,124,66,-58
10218,hosp_covid_dis_covid_hours_for,86776,2021-11-06,Суббота,23:00,977,896,81,878,131,99,-32
10219,hosp_covid_dis_covid_hours_for,86779,2021-11-07,Воскресенье,01:00,26,26,0,4,0,22,22
10220,hosp_covid_dis_covid_hours_for,86780,2021-11-06,Суббота,сутки,1005,922,83,882,131,123,-8
10221,hosp_covid_dis_covid_hours_for,86782,2021-11-07,Воскресенье,02:00,54,54,0,9,1,45,44
10222,hosp_covid_dis_covid_hours_for,86784,2021-11-07,Воскресенье,03:00,84,84,0,13,1,71,70
10223,hosp_covid_dis_covid_hours_for,86786,2021-11-07,Воскресенье,04:00,108,108,0,15,1,93,92
10224,hosp_covid_dis_covid_hours_for,86788,2021-11-07,Воскресенье,05:00,125,125,0,16,1,109,108
10225,hosp_covid_dis_covid_hours_for,86790,2021-11-07,Воскресенье,06:00,137,137,0,17,1,120,119
10226,hosp_covid_dis_covid_hours_for,86792,2021-11-07,Воскресенье,07:00,147,147,0,25,1,122,121
10227,hosp_covid_dis_covid_hours_for,86794,2021-11-07,Воскресенье,08:00,153,153,0,54,1,99,98
10228,hosp_covid_dis_covid_hours_for,86796,2021-11-07,Воскресенье,09:00,161,160,1,82,9,79,70
10229,hosp_covid_dis_covid_hours_for,86798,2021-11-07,Воскресенье,10:00,169,168,1,127,20,42,22
10230,hosp_covid_dis_covid_hours_for,86800,2021-11-07,Воскресенье,11:00,181,180,1,213,37,-32,-69
10231,hosp_covid_dis_covid_hours_for,86802,2021-11-07,Воскресенье,12:00,222,218,4,323,51,-101,-152
10232,hosp_covid_dis_covid_hours_for,86804,2021-11-07,Воскресенье,13:00,270,260,10,482,71,-212,-283
10233,hosp_covid_dis_covid_hours_for,86806,2021-11-07,Воскресенье,14:00,329,312,17,601,81,-272,-353
10234,hosp_covid_dis_covid_hours_for,86808,2021-11-07,Воскресенье,15:00,377,359,18,666,91,-289,-380
10235,hosp_covid_dis_covid_hours_for,86810,2021-11-07,Воскресенье,16:00,432,407,25,702,110,-270,-380
10236,hosp_covid_dis_covid_hours_for,86812,2021-11-07,Воскресенье,17:00,477,450,27,737,124,-260,-384
10237,hosp_covid_dis_covid_hours_for,86814,2021-11-07,Воскресенье,18:00,531,493,38,755,126,-224,-350
10238,hosp_covid_dis_covid_hours_for,86816,2021-11-07,Воскресенье,19:00,590,546,44,782,136,-192,-328
10239,hosp_covid_dis_covid_hours_for,86818,2021-11-07,Воскресенье,20:00,637,587,50,806,142,-169,-311
10240,hosp_covid_dis_covid_hours_for,86820,2021-11-07,Воскресенье,21:00,674,619,55,810,144,-136,-280
10241,hosp_covid_dis_covid_hours_for,86822,2021-11-07,Воскресенье,22:00,725,669,56,807,147,-82,-229
10242,hosp_covid_dis_covid_hours_for,86828,2021-11-07,Воскресенье,23:00,760,701,59,814,147,-54,-201
10243,hosp_covid_dis_covid_hours_for,86831,2021-11-08,Понедельник,01:00,17,16,1,8,0,9,9
10244,hosp_covid_dis_covid_hours_for,86832,2021-11-07,Воскресенье,сутки,796,735,61,821,148,-25,-173
10245,hosp_covid_dis_covid_hours_for,86834,2021-11-08,Понедельник,02:00,39,38,1,14,0,25,25
10246,hosp_covid_dis_covid_hours_for,86836,2021-11-08,Понедельник,03:00,66,65,1,20,0,46,46
10247,hosp_covid_dis_covid_hours_for,86838,2021-11-08,Понедельник,04:00,86,85,1,25,0,61,61
10248,hosp_covid_dis_covid_hours_for,86840,2021-11-08,Понедельник,05:00,98,97,1,25,0,73,73
10249,hosp_covid_dis_covid_hours_for,86842,2021-11-08,Понедельник,06:00,108,107,1,29,0,79,79
10250,hosp_covid_dis_covid_hours_for,86844,2021-11-08,Понедельник,07:00,123,122,1,42,0,81,81
10251,hosp_covid_dis_covid_hours_for,86846,2021-11-08,Понедельник,08:00,128,126,2,64,1,64,63
10252,hosp_covid_dis_covid_hours_for,86848,2021-11-08,Понедельник,09:00,133,131,2,97,4,36,32
10253,hosp_covid_dis_covid_hours_for,86850,2021-11-08,Понедельник,10:00,141,138,3,172,20,-31,-51
10254,hosp_covid_dis_covid_hours_for,86852,2021-11-08,Понедельник,11:00,159,155,4,338,31,-179,-210
10255,hosp_covid_dis_covid_hours_for,86854,2021-11-08,Понедельник,12:00,203,194,9,486,45,-283,-328
10256,hosp_covid_dis_covid_hours_for,86856,2021-11-08,Понедельник,13:00,251,236,15,650,68,-399,-467
10257,hosp_covid_dis_covid_hours_for,86858,2021-11-08,Понедельник,14:00,319,295,24,789,88,-470,-558
10258,hosp_covid_dis_covid_hours_for,86860,2021-11-08,Понедельник,15:00,389,358,31,957,110,-568,-678
10259,hosp_covid_dis_covid_hours_for,86862,2021-11-08,Понедельник,16:00,456,417,39,1132,126,-676,-802
10260,hosp_covid_dis_covid_hours_for,86864,2021-11-08,Понедельник,17:00,523,476,47,1197,134,-674,-808
10261,hosp_covid_dis_covid_hours_for,86866,2021-11-08,Понедельник,18:00,589,535,54,1233,141,-644,-785
10262,hosp_covid_dis_covid_hours_for,86868,2021-11-08,Понедельник,19:00,665,598,67,1246,141,-581,-722
10263,hosp_covid_dis_covid_hours_for,86870,2021-11-08,Понедельник,20:00,742,666,76,1261,142,-519,-661
10264,hosp_covid_dis_covid_hours_for,86872,2021-11-08,Понедельник,21:00,821,733,88,1264,144,-443,-587
10265,hosp_covid_dis_covid_hours_for,86874,2021-11-08,Понедельник,22:00,892,795,97,1258,146,-366,-512
10266,hosp_covid_dis_covid_hours_for,86880,2021-11-08,Понедельник,23:00,941,842,99,1253,147,-312,-459
10267,hosp_covid_dis_covid_hours_for,86883,2021-11-09,Вторник,01:00,32,32,0,5,0,27,27
10268,hosp_covid_dis_covid_hours_for,86884,2021-11-08,Понедельник,сутки,1001,897,104,1259,149,-258,-407
10269,hosp_covid_dis_covid_hours_for,86886,2021-11-09,Вторник,02:00,65,63,2,6,1,59,58
10270,hosp_covid_dis_covid_hours_for,86888,2021-11-09,Вторник,03:00,105,103,2,18,1,87,86
10271,hosp_covid_dis_covid_hours_for,86890,2021-11-09,Вторник,04:00,136,134,2,19,1,117,116
10272,hosp_covid_dis_covid_hours_for,86892,2021-11-09,Вторник,05:00,163,161,2,22,2,141,139
10273,hosp_covid_dis_covid_hours_for,86894,2021-11-09,Вторник,06:00,187,185,2,25,2,162,160
10274,hosp_covid_dis_covid_hours_for,86896,2021-11-09,Вторник,07:00,209,207,2,42,2,167,165
10275,hosp_covid_dis_covid_hours_for,86898,2021-11-09,Вторник,08:00,217,215,2,61,3,156,153
10276,hosp_covid_dis_covid_hours_for,86900,2021-11-09,Вторник,09:00,264,262,2,86,5,178,173
10277,hosp_covid_dis_covid_hours_for,86902,2021-11-09,Вторник,10:00,288,285,3,192,10,96,86
10278,hosp_covid_dis_covid_hours_for,86904,2021-11-09,Вторник,11:00,305,299,6,339,23,-34,-57
10279,hosp_covid_dis_covid_hours_for,86906,2021-11-09,Вторник,12:00,336,326,10,501,40,-165,-205
10280,hosp_covid_dis_covid_hours_for,86908,2021-11-09,Вторник,13:00,389,374,15,632,51,-243,-294
10281,hosp_covid_dis_covid_hours_for,86910,2021-11-09,Вторник,14:00,447,431,16,807,68,-360,-428
10282,hosp_covid_dis_covid_hours_for,86912,2021-11-09,Вторник,15:00,510,485,25,934,98,-424,-522
10283,hosp_covid_dis_covid_hours_for,86914,2021-11-09,Вторник,16:00,592,563,29,1036,114,-444,-558
10284,hosp_covid_dis_covid_hours_for,86916,2021-11-09,Вторник,17:00,657,621,36,1095,121,-438,-559
10285,hosp_covid_dis_covid_hours_for,86918,2021-11-09,Вторник,18:00,716,675,41,1134,133,-418,-551
10286,hosp_covid_dis_covid_hours_for,86920,2021-11-09,Вторник,19:00,784,738,46,1161,135,-377,-512
10287,hosp_covid_dis_covid_hours_for,86922,2021-11-09,Вторник,20:00,851,799,52,1169,136,-318,-454
10288,hosp_covid_dis_covid_hours_for,86924,2021-11-09,Вторник,21:00,920,859,61,1166,138,-246,-384
10289,hosp_covid_dis_covid_hours_for,86926,2021-11-09,Вторник,22:00,973,908,65,1166,138,-193,-331
10290,hosp_covid_dis_covid_hours_for,86932,2021-11-09,Вторник,23:00,1022,954,68,1175,141,-153,-294
10291,hosp_covid_dis_covid_hours_for,86935,2021-11-10,Среда,01:00,23,23,0,15,0,8,8
10292,hosp_covid_dis_covid_hours_for,86936,2021-11-09,Вторник,сутки,1069,999,70,1181,141,-112,-253
10293,hosp_covid_dis_covid_hours_for,86938,2021-11-10,Среда,02:00,52,51,1,20,1,32,31
10294,hosp_covid_dis_covid_hours_for,86940,2021-11-10,Среда,03:00,83,82,1,21,1,62,61
10295,hosp_covid_dis_covid_hours_for,86942,2021-11-10,Среда,04:00,112,111,1,27,1,85,84
10296,hosp_covid_dis_covid_hours_for,86944,2021-11-10,Среда,05:00,135,133,2,30,1,105,104
10297,hosp_covid_dis_covid_hours_for,86946,2021-11-10,Среда,06:00,150,148,2,33,1,117,116
10298,hosp_covid_dis_covid_hours_for,86948,2021-11-10,Среда,07:00,162,160,2,42,1,120,119
10299,hosp_covid_dis_covid_hours_for,86950,2021-11-10,Среда,08:00,170,167,3,64,2,106,104
10300,hosp_covid_dis_covid_hours_for,86952,2021-11-10,Среда,09:00,191,188,3,105,8,86,78
10301,hosp_covid_dis_covid_hours_for,86954,2021-11-10,Среда,10:00,210,207,3,198,16,12,-4
10302,hosp_covid_dis_covid_hours_for,86956,2021-11-10,Среда,11:00,233,226,7,333,22,-100,-122
10303,hosp_covid_dis_covid_hours_for,86958,2021-11-10,Среда,12:00,274,263,11,485,29,-211,-240
10304,hosp_covid_dis_covid_hours_for,86960,2021-11-10,Среда,13:00,322,307,15,663,49,-341,-390
10305,hosp_covid_dis_covid_hours_for,86962,2021-11-10,Среда,14:00,381,360,21,804,69,-423,-492
10306,hosp_covid_dis_covid_hours_for,86964,2021-11-10,Среда,15:00,444,414,30,950,87,-506,-593
10307,hosp_covid_dis_covid_hours_for,86966,2021-11-10,Среда,16:00,504,467,37,1014,112,-510,-622
10308,hosp_covid_dis_covid_hours_for,86968,2021-11-10,Среда,17:00,572,526,46,1078,119,-506,-625
10309,hosp_covid_dis_covid_hours_for,86970,2021-11-10,Среда,18:00,632,578,54,1107,122,-475,-597
10310,hosp_covid_dis_covid_hours_for,86972,2021-11-10,Среда,19:00,679,618,61,1143,135,-464,-599
10311,hosp_covid_dis_covid_hours_for,86974,2021-11-10,Среда,20:00,739,663,76,1151,137,-412,-549
10312,hosp_covid_dis_covid_hours_for,86976,2021-11-10,Среда,21:00,799,717,82,1160,145,-361,-506
10313,hosp_covid_dis_covid_hours_for,86978,2021-11-10,Среда,22:00,845,759,86,1168,147,-323,-470
10314,hosp_covid_dis_covid_hours_for,86984,2021-11-10,Среда,23:00,896,807,89,1178,149,-282,-431
10315,hosp_covid_dis_covid_hours_for,86987,2021-11-11,Четверг,01:00,20,20,0,14,0,6,6
10316,hosp_covid_dis_covid_hours_for,86988,2021-11-10,Среда,сутки,939,844,95,1181,150,-242,-392
10317,hosp_covid_dis_covid_hours_for,86990,2021-11-11,Четверг,02:00,53,53,0,14,0,39,39
10318,hosp_covid_dis_covid_hours_for,86992,2021-11-11,Четверг,03:00,82,81,1,20,0,62,62
10319,hosp_covid_dis_covid_hours_for,86994,2021-11-11,Четверг,04:00,109,108,1,23,0,86,86
10320,hosp_covid_dis_covid_hours_for,86996,2021-11-11,Четверг,05:00,129,127,2,23,1,106,105
10321,hosp_covid_dis_covid_hours_for,86998,2021-11-11,Четверг,06:00,142,140,2,24,1,118,117
10322,hosp_covid_dis_covid_hours_for,87000,2021-11-11,Четверг,07:00,147,145,2,28,1,119,118
10323,hosp_covid_dis_covid_hours_for,87002,2021-11-11,Четверг,08:00,153,151,2,44,1,109,108
10324,hosp_covid_dis_covid_hours_for,87004,2021-11-11,Четверг,09:00,179,176,3,84,9,95,86
10325,hosp_covid_dis_covid_hours_for,87006,2021-11-11,Четверг,10:00,189,185,4,192,15,-3,-18
10326,hosp_covid_dis_covid_hours_for,87008,2021-11-11,Четверг,11:00,210,203,7,323,22,-113,-135
10327,hosp_covid_dis_covid_hours_for,87010,2021-11-11,Четверг,12:00,250,237,13,508,44,-258,-302
10328,hosp_covid_dis_covid_hours_for,87012,2021-11-11,Четверг,13:00,313,295,18,649,59,-336,-395
10329,hosp_covid_dis_covid_hours_for,87014,2021-11-11,Четверг,14:00,370,349,21,789,81,-419,-500
10330,hosp_covid_dis_covid_hours_for,87016,2021-11-11,Четверг,15:00,429,401,28,892,98,-463,-561
10331,hosp_covid_dis_covid_hours_for,87018,2021-11-11,Четверг,16:00,494,460,34,973,112,-479,-591
10332,hosp_covid_dis_covid_hours_for,87020,2021-11-11,Четверг,17:00,551,509,42,1057,125,-506,-631
10333,hosp_covid_dis_covid_hours_for,87022,2021-11-11,Четверг,18:00,618,564,54,1128,128,-510,-638
10334,hosp_covid_dis_covid_hours_for,87024,2021-11-11,Четверг,19:00,681,623,58,1145,129,-464,-593
10335,hosp_covid_dis_covid_hours_for,87026,2021-11-11,Четверг,20:00,765,697,68,1164,133,-399,-532
10336,hosp_covid_dis_covid_hours_for,87028,2021-11-11,Четверг,21:00,808,736,72,1193,140,-385,-525
10337,hosp_covid_dis_covid_hours_for,87030,2021-11-11,Четверг,22:00,863,784,79,1195,141,-332,-473
10338,hosp_covid_dis_covid_hours_for,87036,2021-11-11,Четверг,23:00,896,815,81,1200,141,-304,-445
10339,hosp_covid_dis_covid_hours_for,87039,2021-11-12,Пятница,01:00,27,27,0,11,0,16,16
10340,hosp_covid_dis_covid_hours_for,87040,2021-11-11,Четверг,сутки,938,852,86,1204,141,-266,-407
10341,hosp_covid_dis_covid_hours_for,87042,2021-11-12,Пятница,02:00,49,49,0,23,0,26,26
10342,hosp_covid_dis_covid_hours_for,87044,2021-11-12,Пятница,03:00,68,67,1,24,0,44,44
10343,hosp_covid_dis_covid_hours_for,87046,2021-11-12,Пятница,04:00,82,81,1,26,0,56,56
10344,hosp_covid_dis_covid_hours_for,87048,2021-11-12,Пятница,05:00,94,93,1,28,0,66,66
10345,hosp_covid_dis_covid_hours_for,87050,2021-11-12,Пятница,06:00,105,104,1,29,0,76,76
10346,hosp_covid_dis_covid_hours_for,87052,2021-11-12,Пятница,07:00,113,112,1,44,1,69,68
10347,hosp_covid_dis_covid_hours_for,87054,2021-11-12,Пятница,08:00,117,116,1,55,2,62,60
10348,hosp_covid_dis_covid_hours_for,87056,2021-11-12,Пятница,09:00,130,129,1,119,7,11,4
10349,hosp_covid_dis_covid_hours_for,87058,2021-11-12,Пятница,10:00,148,146,2,211,17,-63,-80
10350,hosp_covid_dis_covid_hours_for,87060,2021-11-12,Пятница,11:00,174,169,5,363,29,-189,-218
10351,hosp_covid_dis_covid_hours_for,87062,2021-11-12,Пятница,12:00,221,211,10,507,51,-286,-337
10352,hosp_covid_dis_covid_hours_for,87064,2021-11-12,Пятница,13:00,267,251,16,628,68,-361,-429
10353,hosp_covid_dis_covid_hours_for,87066,2021-11-12,Пятница,14:00,329,305,24,801,86,-472,-558
10354,hosp_covid_dis_covid_hours_for,87068,2021-11-12,Пятница,15:00,368,342,26,941,106,-573,-679
10355,hosp_covid_dis_covid_hours_for,87070,2021-11-12,Пятница,16:00,429,396,33,1026,113,-597,-710
10356,hosp_covid_dis_covid_hours_for,87072,2021-11-12,Пятница,17:00,494,451,43,1076,114,-582,-696
10357,hosp_covid_dis_covid_hours_for,87074,2021-11-12,Пятница,18:00,553,503,50,1111,118,-558,-676
10358,hosp_covid_dis_covid_hours_for,87076,2021-11-12,Пятница,19:00,628,575,53,1139,127,-511,-638
10359,hosp_covid_dis_covid_hours_for,87078,2021-11-12,Пятница,20:00,692,636,56,1158,136,-466,-602
10360,hosp_covid_dis_covid_hours_for,87080,2021-11-12,Пятница,21:03,734,675,59,1165,136,-431,-567
10361,hosp_covid_dis_covid_hours_for,87082,2021-11-12,Пятница,22:00,786,723,63,1165,138,-379,-517
10362,hosp_covid_dis_covid_hours_for,87088,2021-11-12,Пятница,23:00,842,773,69,1181,145,-339,-484
10363,hosp_covid_dis_covid_hours_for,87091,2021-11-13,Суббота,01:00,24,24,0,9,1,15,14
10364,hosp_covid_dis_covid_hours_for,87092,2021-11-12,Пятница,сутки,887,815,72,1187,146,-300,-446
10365,hosp_covid_dis_covid_hours_for,87094,2021-11-13,Суббота,02:00,62,62,0,12,1,50,49
10366,hosp_covid_dis_covid_hours_for,87096,2021-11-13,Суббота,03:00,93,93,0,12,1,81,80
10367,hosp_covid_dis_covid_hours_for,87098,2021-11-13,Суббота,04:00,113,112,1,14,1,99,98
10368,hosp_covid_dis_covid_hours_for,87100,2021-11-13,Суббота,05:00,129,128,1,15,1,114,113
10369,hosp_covid_dis_covid_hours_for,87102,2021-11-13,Суббота,06:00,140,139,1,23,1,117,116
10370,hosp_covid_dis_covid_hours_for,87104,2021-11-13,Суббота,07:00,152,151,1,32,1,120,119
10371,hosp_covid_dis_covid_hours_for,87106,2021-11-13,Суббота,08:00,156,155,1,69,1,87,86
10372,hosp_covid_dis_covid_hours_for,87108,2021-11-13,Суббота,09:00,163,162,1,123,7,40,33
10373,hosp_covid_dis_covid_hours_for,87110,2021-11-13,Суббота,10:00,169,168,1,208,15,-39,-54
10374,hosp_covid_dis_covid_hours_for,87112,2021-11-13,Суббота,11:00,188,184,4,311,22,-123,-145
10375,hosp_covid_dis_covid_hours_for,87114,2021-11-13,Суббота,12:00,224,215,9,398,45,-174,-219
10376,hosp_covid_dis_covid_hours_for,87116,2021-11-13,Суббота,13:00,273,263,10,472,63,-199,-262
10377,hosp_covid_dis_covid_hours_for,87118,2021-11-13,Суббота,14:00,334,319,15,552,70,-218,-288
10378,hosp_covid_dis_covid_hours_for,87120,2021-11-13,Суббота,15:00,389,366,23,632,87,-243,-330
10379,hosp_covid_dis_covid_hours_for,87122,2021-11-13,Суббота,16:00,450,425,25,665,98,-215,-313
10380,hosp_covid_dis_covid_hours_for,87124,2021-11-13,Суббота,17:00,524,494,30,700,105,-176,-281
10381,hosp_covid_dis_covid_hours_for,87126,2021-11-13,Суббота,18:00,565,531,34,721,107,-156,-263
10382,hosp_covid_dis_covid_hours_for,87128,2021-11-13,Суббота,19:00,617,581,36,776,107,-159,-266
10383,hosp_covid_dis_covid_hours_for,87130,2021-11-13,Суббота,20:00,672,634,38,786,109,-114,-223
10384,hosp_covid_dis_covid_hours_for,87132,2021-11-13,Суббота,21:00,713,672,41,793,110,-80,-190
10385,hosp_covid_dis_covid_hours_for,87134,2021-11-13,Суббота,22:00,758,715,43,818,117,-60,-177
10386,hosp_covid_dis_covid_hours_for,87140,2021-11-13,Суббота,23:00,789,744,45,822,120,-33,-153
10387,hosp_covid_dis_covid_hours_for,87143,2021-11-14,Воскресенье,01:00,18,17,1,10,1,8,7
10388,hosp_covid_dis_covid_hours_for,87144,2021-11-13,Суббота,сутки,826,779,47,832,121,-6,-127
10389,hosp_covid_dis_covid_hours_for,87146,2021-11-14,Воскресенье,02:00,40,39,1,13,1,27,26
10390,hosp_covid_dis_covid_hours_for,87148,2021-11-14,Воскресенье,03:00,56,55,1,16,0,40,40
10391,hosp_covid_dis_covid_hours_for,87150,2021-11-14,Воскресенье,04:00,67,66,1,18,0,49,49
10392,hosp_covid_dis_covid_hours_for,87152,2021-11-14,Воскресенье,05:00,78,77,1,19,0,59,59
10393,hosp_covid_dis_covid_hours_for,87154,2021-11-14,Воскресенье,06:00,90,89,1,27,1,63,62
10394,hosp_covid_dis_covid_hours_for,87156,2021-11-14,Воскресенье,07:00,94,93,1,33,0,61,61
10395,hosp_covid_dis_covid_hours_for,87158,2021-11-14,Воскресенье,08:00,96,95,1,56,0,40,40
10396,hosp_covid_dis_covid_hours_for,87160,2021-11-14,Воскресенье,09:00,101,100,1,80,8,21,13
10397,hosp_covid_dis_covid_hours_for,87162,2021-11-14,Воскресенье,10:00,106,105,1,157,20,-51,-71
10398,hosp_covid_dis_covid_hours_for,87164,2021-11-14,Воскресенье,11:00,116,113,3,259,33,-143,-176
10399,hosp_covid_dis_covid_hours_for,87166,2021-11-14,Воскресенье,12:00,133,130,3,328,52,-195,-247
10400,hosp_covid_dis_covid_hours_for,87168,2021-11-14,Воскресенье,13:00,160,150,10,387,70,-227,-297
10401,hosp_covid_dis_covid_hours_for,87170,2021-11-14,Воскресенье,14:00,183,171,12,484,76,-301,-377
10402,hosp_covid_dis_covid_hours_for,87172,2021-11-14,Воскресенье,15:00,222,206,16,527,86,-305,-391
10403,hosp_covid_dis_covid_hours_for,87174,2021-11-14,Воскресенье,16:00,252,234,18,563,95,-311,-406
10404,hosp_covid_dis_covid_hours_for,87176,2021-11-14,Воскресенье,17:00,298,275,23,583,101,-285,-386
10405,hosp_covid_dis_covid_hours_for,87178,2021-11-14,Воскресенье,18:00,347,319,28,621,102,-274,-376
10406,hosp_covid_dis_covid_hours_for,87180,2021-11-14,Воскресенье,19:00,374,345,29,642,104,-268,-372
10407,hosp_covid_dis_covid_hours_for,87182,2021-11-14,Воскресенье,20:00,418,388,30,657,107,-239,-346
10408,hosp_covid_dis_covid_hours_for,87184,2021-11-14,Воскресенье,21:00,445,413,32,663,107,-218,-325
10409,hosp_covid_dis_covid_hours_for,87186,2021-11-14,Воскресенье,22:00,474,440,34,667,107,-193,-300
10410,hosp_covid_dis_covid_hours_for,87192,2021-11-14,Воскресенье,23:00,500,465,35,676,107,-176,-283
10411,hosp_covid_dis_covid_hours_for,87195,2021-11-15,Понедельник,01:00,18,17,1,8,0,10,10
10412,hosp_covid_dis_covid_hours_for,87196,2021-11-14,Воскресенье,сутки,531,493,38,681,108,-150,-258
10413,hosp_covid_dis_covid_hours_for,87198,2021-11-15,Понедельник,02:00,38,36,2,8,0,30,30
10414,hosp_covid_dis_covid_hours_for,87200,2021-11-15,Понедельник,03:00,48,45,3,16,0,32,32
10415,hosp_covid_dis_covid_hours_for,87202,2021-11-15,Понедельник,04:00,59,56,3,20,0,39,39
10416,hosp_covid_dis_covid_hours_for,87204,2021-11-15,Понедельник,05:00,65,62,3,22,0,43,43
10417,hosp_covid_dis_covid_hours_for,87206,2021-11-15,Понедельник,06:00,68,65,3,29,0,39,39
10418,hosp_covid_dis_covid_hours_for,87208,2021-11-15,Понедельник,07:00,72,69,3,34,1,38,37
10419,hosp_covid_dis_covid_hours_for,87210,2021-11-15,Понедельник,08:00,75,72,3,65,6,10,4
10420,hosp_covid_dis_covid_hours_for,87212,2021-11-15,Понедельник,09:00,99,96,3,79,7,20,13
10421,hosp_covid_dis_covid_hours_for,87214,2021-11-15,Понедельник,10:00,106,103,3,164,11,-58,-69
10422,hosp_covid_dis_covid_hours_for,87216,2021-11-15,Понедельник,11:00,123,118,5,281,11,-158,-169
10423,hosp_covid_dis_covid_hours_for,87218,2021-11-15,Понедельник,12:00,152,146,6,424,25,-272,-297
10424,hosp_covid_dis_covid_hours_for,87220,2021-11-15,Понедельник,13:00,201,189,12,588,36,-387,-423
10425,hosp_covid_dis_covid_hours_for,87222,2021-11-15,Понедельник,14:00,253,234,19,718,61,-465,-526
10426,hosp_covid_dis_covid_hours_for,87224,2021-11-15,Понедельник,15:00,315,290,25,836,93,-521,-614
10427,hosp_covid_dis_covid_hours_for,87226,2021-11-15,Понедельник,16:00,378,348,30,921,106,-543,-649
10428,hosp_covid_dis_covid_hours_for,87228,2021-11-15,Понедельник,17:00,437,402,35,988,117,-551,-668
10429,hosp_covid_dis_covid_hours_for,87230,2021-11-15,Понедельник,18:00,486,446,40,1035,120,-549,-669
10430,hosp_covid_dis_covid_hours_for,87232,2021-11-15,Понедельник,19:00,550,500,50,1082,131,-532,-663
10431,hosp_covid_dis_covid_hours_for,87234,2021-11-15,Понедельник,20:00,640,579,61,1121,132,-481,-613
10432,hosp_covid_dis_covid_hours_for,87236,2021-11-15,Понедельник,21:00,678,612,66,1129,137,-451,-588
10433,hosp_covid_dis_covid_hours_for,87238,2021-11-15,Понедельник,22:00,724,655,69,1138,137,-414,-551
10434,hosp_covid_dis_covid_hours_for,87244,2021-11-15,Понедельник,23:00,760,691,69,1141,140,-381,-521
10435,hosp_covid_dis_covid_hours_for,87247,2021-11-16,Вторник,01:00,19,19,0,20,1,-1,-2
10436,hosp_covid_dis_covid_hours_for,87248,2021-11-15,Понедельник,сутки,791,721,70,1146,140,-355,-495
10437,hosp_covid_dis_covid_hours_for,87250,2021-11-16,Вторник,02:00,46,46,0,21,1,25,24
10438,hosp_covid_dis_covid_hours_for,87252,2021-11-16,Вторник,03:00,67,66,1,23,1,44,43
10439,hosp_covid_dis_covid_hours_for,87254,2021-11-16,Вторник,04:00,84,83,1,33,2,51,49
10440,hosp_covid_dis_covid_hours_for,87256,2021-11-16,Вторник,05:00,91,90,1,36,2,55,53
10441,hosp_covid_dis_covid_hours_for,87258,2021-11-16,Вторник,06:00,93,92,1,37,2,56,54
10442,hosp_covid_dis_covid_hours_for,87260,2021-11-16,Вторник,07:00,97,95,2,40,2,57,55
10443,hosp_covid_dis_covid_hours_for,87262,2021-11-16,Вторник,08:00,99,97,2,68,4,31,27
10444,hosp_covid_dis_covid_hours_for,87264,2021-11-16,Вторник,09:00,113,110,3,113,6,0,-6
10445,hosp_covid_dis_covid_hours_for,87266,2021-11-16,Вторник,10:00,124,120,4,210,14,-86,-100
10446,hosp_covid_dis_covid_hours_for,87268,2021-11-16,Вторник,11:00,140,131,9,323,24,-183,-207
10447,hosp_covid_dis_covid_hours_for,87270,2021-11-16,Вторник,12:00,179,162,17,488,35,-309,-344
10448,hosp_covid_dis_covid_hours_for,87272,2021-11-16,Вторник,13:00,233,207,26,613,57,-380,-437
10449,hosp_covid_dis_covid_hours_for,87274,2021-11-16,Вторник,14:00,271,242,29,732,63,-461,-524
10450,hosp_covid_dis_covid_hours_for,87276,2021-11-16,Вторник,15:00,329,294,35,827,87,-498,-585
10451,hosp_covid_dis_covid_hours_for,87278,2021-11-16,Вторник,16:00,385,342,43,914,106,-529,-635
10452,hosp_covid_dis_covid_hours_for,87280,2021-11-16,Вторник,17:00,438,392,46,959,116,-521,-637
10453,hosp_covid_dis_covid_hours_for,87282,2021-11-16,Вторник,18:00,490,435,55,1015,117,-525,-642
10454,hosp_covid_dis_covid_hours_for,87284,2021-11-16,Вторник,19:00,537,475,62,1039,118,-502,-620
10455,hosp_covid_dis_covid_hours_for,87286,2021-11-16,Вторник,20:00,590,527,63,1075,119,-485,-604
10456,hosp_covid_dis_covid_hours_for,87288,2021-11-16,Вторник,21:00,643,576,67,1087,120,-444,-564
10457,hosp_covid_dis_covid_hours_for,87290,2021-11-16,Вторник,22:00,672,603,69,1099,120,-427,-547
10458,hosp_covid_dis_covid_hours_for,87296,2021-11-16,Вторник,23:00,684,612,72,1102,120,-418,-538
10459,hosp_covid_dis_covid_hours_for,87299,2021-11-17,Среда,01:00,11,11,0,0,1,11,10
10460,hosp_covid_dis_covid_hours_for,87300,2021-11-16,Вторник,сутки,739,660,79,1113,120,-374,-494
10461,hosp_covid_dis_covid_hours_for,87302,2021-11-17,Среда,02:00,33,33,0,8,1,25,24
10462,hosp_covid_dis_covid_hours_for,87304,2021-11-17,Среда,03:00,51,51,0,15,1,36,35
10463,hosp_covid_dis_covid_hours_for,87306,2021-11-17,Среда,04:00,63,63,0,21,1,42,41
10464,hosp_covid_dis_covid_hours_for,87308,2021-11-17,Среда,05:00,75,75,0,25,1,50,49
10465,hosp_covid_dis_covid_hours_for,87310,2021-11-17,Среда,06:00,81,81,0,26,1,55,54
10466,hosp_covid_dis_covid_hours_for,87312,2021-11-17,Среда,07:00,86,86,0,30,1,56,55
10467,hosp_covid_dis_covid_hours_for,87314,2021-11-17,Среда,08:00,88,88,0,43,1,45,44
10468,hosp_covid_dis_covid_hours_for,87316,2021-11-17,Среда,09:00,95,95,0,87,5,8,3
10469,hosp_covid_dis_covid_hours_for,87318,2021-11-17,Среда,10:00,102,100,2,167,13,-65,-78
10470,hosp_covid_dis_covid_hours_for,87320,2021-11-17,Среда,11:00,144,139,5,276,19,-132,-151
10471,hosp_covid_dis_covid_hours_for,87322,2021-11-17,Среда,12:00,175,168,7,398,39,-223,-262
10472,hosp_covid_dis_covid_hours_for,87324,2021-11-17,Среда,13:00,219,203,16,550,49,-331,-380
10473,hosp_covid_dis_covid_hours_for,87326,2021-11-17,Среда,14:00,270,251,19,659,62,-389,-451
10474,hosp_covid_dis_covid_hours_for,87328,2021-11-17,Среда,15:00,314,293,21,757,83,-443,-526
10475,hosp_covid_dis_covid_hours_for,87330,2021-11-17,Среда,16:00,362,339,23,829,87,-467,-554
10476,hosp_covid_dis_covid_hours_for,87332,2021-11-17,Среда,17:00,422,391,31,881,93,-459,-552
10477,hosp_covid_dis_covid_hours_for,87334,2021-11-17,Среда,18:00,465,431,34,942,96,-477,-573
10478,hosp_covid_dis_covid_hours_for,87336,2021-11-17,Среда,19:00,533,493,40,955,99,-422,-521
10479,hosp_covid_dis_covid_hours_for,87338,2021-11-17,Среда,20:00,608,560,48,980,101,-372,-473
10480,hosp_covid_dis_covid_hours_for,87340,2021-11-17,Среда,21:00,669,610,59,989,104,-320,-424
10481,hosp_covid_dis_covid_hours_for,87342,2021-11-17,Среда,22:00,704,642,62,994,104,-290,-394
10482,hosp_covid_dis_covid_hours_for,87348,2021-11-17,Среда,23:00,739,672,67,1000,104,-261,-365
10483,hosp_covid_dis_covid_hours_for,87351,2021-11-18,Четверг,01:00,20,18,2,5,0,15,15
10484,hosp_covid_dis_covid_hours_for,87352,2021-11-17,Среда,сутки,768,700,68,1010,105,-242,-347
10485,hosp_covid_dis_covid_hours_for,87354,2021-11-18,Четверг,02:00,51,50,1,6,0,45,45
10486,hosp_covid_dis_covid_hours_for,87356,2021-11-18,Четверг,03:00,66,64,2,8,0,58,58
10487,hosp_covid_dis_covid_hours_for,87358,2021-11-18,Четверг,04:00,81,79,2,9,0,72,72
10488,hosp_covid_dis_covid_hours_for,87360,2021-11-18,Четверг,05:00,91,89,2,10,0,81,81
10489,hosp_covid_dis_covid_hours_for,87362,2021-11-18,Четверг,08:16,102,97,5,42,1,60,59
10490,hosp_covid_dis_covid_hours_for,87364,2021-11-18,Четверг,10:00,120,114,6,187,21,-67,-88
10491,hosp_covid_dis_covid_hours_for,87366,2021-11-18,Четверг,11:00,134,126,8,284,25,-150,-175
10492,hosp_covid_dis_covid_hours_for,87368,2021-11-18,Четверг,12:00,156,141,15,366,51,-210,-261
10493,hosp_covid_dis_covid_hours_for,87370,2021-11-18,Четверг,13:00,195,177,18,499,63,-304,-367
10494,hosp_covid_dis_covid_hours_for,87372,2021-11-18,Четверг,14:00,241,219,22,626,79,-385,-464
10495,hosp_covid_dis_covid_hours_for,87374,2021-11-18,Четверг,15:00,288,258,30,712,91,-424,-515
10496,hosp_covid_dis_covid_hours_for,87376,2021-11-18,Четверг,16:00,344,303,41,789,104,-445,-549
10497,hosp_covid_dis_covid_hours_for,87378,2021-11-18,Четверг,17:00,385,338,47,854,105,-469,-574
10498,hosp_covid_dis_covid_hours_for,87380,2021-11-18,Четверг,18:00,428,373,55,886,105,-458,-563
10499,hosp_covid_dis_covid_hours_for,87382,2021-11-18,Четверг,19:00,481,424,57,916,105,-435,-540
10500,hosp_covid_dis_covid_hours_for,87384,2021-11-18,Четверг,20:00,536,472,64,924,107,-388,-495
10501,hosp_covid_dis_covid_hours_for,87386,2021-11-18,Четверг,21:00,574,507,67,931,108,-357,-465
10502,hosp_covid_dis_covid_hours_for,87388,2021-11-18,Четверг,22:00,625,555,70,932,108,-307,-415
10503,hosp_covid_dis_covid_hours_for,87394,2021-11-18,Четверг,23:00,658,583,75,936,108,-278,-386
10504,hosp_covid_dis_covid_hours_for,87397,2021-11-19,Пятница,01:00,14,14,0,11,0,3,3
10505,hosp_covid_dis_covid_hours_for,87398,2021-11-18,Четверг,сутки,683,603,80,941,108,-258,-366
10506,hosp_covid_dis_covid_hours_for,87400,2021-11-19,Пятница,02:00,32,32,0,13,0,19,19
10507,hosp_covid_dis_covid_hours_for,87402,2021-11-19,Пятница,03:00,44,44,0,15,0,29,29
10508,hosp_covid_dis_covid_hours_for,87404,2021-11-19,Пятница,04:00,52,52,0,16,0,36,36
10509,hosp_covid_dis_covid_hours_for,87406,2021-11-19,Пятница,05:00,60,60,0,17,0,43,43
10510,hosp_covid_dis_covid_hours_for,87408,2021-11-19,Пятница,06:00,63,63,0,30,0,33,33
10511,hosp_covid_dis_covid_hours_for,87410,2021-11-19,Пятница,07:00,65,65,0,37,0,28,28
10512,hosp_covid_dis_covid_hours_for,87412,2021-11-19,Пятница,08:00,66,66,0,47,3,19,16
10513,hosp_covid_dis_covid_hours_for,87414,2021-11-19,Пятница,09:00,84,84,0,99,5,-15,-20
10514,hosp_covid_dis_covid_hours_for,87416,2021-11-19,Пятница,10:00,85,85,0,177,12,-92,-104
10515,hosp_covid_dis_covid_hours_for,87418,2021-11-19,Пятница,11:00,103,98,5,283,17,-180,-197
10516,hosp_covid_dis_covid_hours_for,87420,2021-11-19,Пятница,12:00,134,126,8,403,29,-269,-298
10517,hosp_covid_dis_covid_hours_for,87422,2021-11-19,Пятница,13:00,170,157,13,523,36,-353,-389
10518,hosp_covid_dis_covid_hours_for,87424,2021-11-19,Пятница,14:00,214,198,16,650,39,-436,-475
10519,hosp_covid_dis_covid_hours_for,87426,2021-11-19,Пятница,15:00,281,256,25,751,53,-470,-523
10520,hosp_covid_dis_covid_hours_for,87428,2021-11-19,Пятница,16:00,335,307,28,861,66,-526,-592
10521,hosp_covid_dis_covid_hours_for,87430,2021-11-19,Пятница,17:00,397,358,39,929,73,-532,-605
10522,hosp_covid_dis_covid_hours_for,87432,2021-11-19,Пятница,18:00,444,400,44,951,76,-507,-583
10523,hosp_covid_dis_covid_hours_for,87434,2021-11-19,Пятница,19:00,493,442,51,996,76,-503,-579
10524,hosp_covid_dis_covid_hours_for,87436,2021-11-19,Пятница,20:00,539,480,59,1019,77,-480,-557
10525,hosp_covid_dis_covid_hours_for,87438,2021-11-19,Пятница,21:00,574,511,63,1025,78,-451,-529
10526,hosp_covid_dis_covid_hours_for,87440,2021-11-19,Пятница,22:00,610,544,66,1035,80,-425,-505
10527,hosp_covid_dis_covid_hours_for,87446,2021-11-19,Пятница,23:00,613,547,66,1036,80,-423,-503
10528,hosp_covid_dis_covid_hours_for,87449,2021-11-20,Суббота,01:00,10,10,0,0,0,10,10
10529,hosp_covid_dis_covid_hours_for,87450,2021-11-19,Пятница,сутки,613,547,66,1036,80,-423,-503
10530,hosp_covid_dis_covid_hours_for,87452,2021-11-20,Суббота,02:00,35,35,0,3,0,32,32
10531,hosp_covid_dis_covid_hours_for,87454,2021-11-20,Суббота,03:00,55,55,0,5,0,50,50
10532,hosp_covid_dis_covid_hours_for,87456,2021-11-20,Суббота,04:00,73,73,0,8,0,65,65
10533,hosp_covid_dis_covid_hours_for,87458,2021-11-20,Суббота,05:00,82,82,0,9,0,73,73
10534,hosp_covid_dis_covid_hours_for,87460,2021-11-20,Суббота,06:00,86,86,0,10,0,76,76
10535,hosp_covid_dis_covid_hours_for,87462,2021-11-20,Суббота,07:00,90,90,0,26,0,64,64
10536,hosp_covid_dis_covid_hours_for,87464,2021-11-20,Суббота,08:00,92,92,0,58,0,34,34
10537,hosp_covid_dis_covid_hours_for,87466,2021-11-20,Суббота,09:00,95,93,2,94,1,1,0
10538,hosp_covid_dis_covid_hours_for,87468,2021-11-20,Суббота,10:00,104,101,3,140,2,-36,-38
10539,hosp_covid_dis_covid_hours_for,87470,2021-11-20,Суббота,11:00,116,112,4,196,4,-80,-84
10540,hosp_covid_dis_covid_hours_for,87472,2021-11-20,Суббота,12:00,136,132,4,274,2,-138,-140
10541,hosp_covid_dis_covid_hours_for,87474,2021-11-20,Суббота,13:00,156,149,7,349,3,-193,-196
10542,hosp_covid_dis_covid_hours_for,87476,2021-11-20,Суббота,14:00,204,193,11,394,4,-190,-194
10543,hosp_covid_dis_covid_hours_for,87478,2021-11-20,Суббота,15:00,238,224,14,437,8,-199,-207
10544,hosp_covid_dis_covid_hours_for,87480,2021-11-20,Суббота,16:00,284,263,21,459,8,-175,-183
10545,hosp_covid_dis_covid_hours_for,87482,2021-11-20,Суббота,17:00,320,296,24,473,8,-153,-161
10546,hosp_covid_dis_covid_hours_for,87484,2021-11-20,Суббота,18:00,359,329,30,485,11,-126,-137
10547,hosp_covid_dis_covid_hours_for,87486,2021-11-20,Суббота,19:00,392,359,33,518,11,-126,-137
10548,hosp_covid_dis_covid_hours_for,87488,2021-11-20,Суббота,20:00,426,391,35,531,12,-105,-117
10549,hosp_covid_dis_covid_hours_for,87490,2021-11-20,Суббота,21:00,463,426,37,536,14,-73,-87
10550,hosp_covid_dis_covid_hours_for,87492,2021-11-20,Суббота,22:00,496,458,38,546,14,-50,-64
10551,hosp_covid_dis_covid_hours_for,87498,2021-11-20,Суббота,23:00,527,488,39,550,15,-23,-38
10552,hosp_covid_dis_covid_hours_for,87501,2021-11-21,Воскресенье,01:00,15,13,2,1,0,14,14
10553,hosp_covid_dis_covid_hours_for,87502,2021-11-20,Суббота,сутки,558,517,41,562,15,-4,-19
10554,hosp_covid_dis_covid_hours_for,87504,2021-11-21,Воскресенье,02:00,32,30,2,8,0,24,24
10555,hosp_covid_dis_covid_hours_for,87506,2021-11-21,Воскресенье,03:00,51,49,2,8,0,43,43
10556,hosp_covid_dis_covid_hours_for,87508,2021-11-21,Воскресенье,04:00,70,68,2,9,0,61,61
10557,hosp_covid_dis_covid_hours_for,87510,2021-11-21,Воскресенье,05:00,81,79,2,10,0,71,71
10558,hosp_covid_dis_covid_hours_for,87512,2021-11-21,Воскресенье,06:00,91,89,2,12,0,79,79
10559,hosp_covid_dis_covid_hours_for,87514,2021-11-21,Воскресенье,07:00,94,92,2,21,0,73,73
10560,hosp_covid_dis_covid_hours_for,87516,2021-11-21,Воскресенье,08:00,97,95,2,40,0,57,57
10561,hosp_covid_dis_covid_hours_for,87518,2021-11-21,Воскресенье,09:00,101,101,0,62,0,39,39
10562,hosp_covid_dis_covid_hours_for,87520,2021-11-21,Воскресенье,10:00,104,104,0,93,0,11,11
10563,hosp_covid_dis_covid_hours_for,87522,2021-11-21,Воскресенье,11:00,111,111,0,107,1,4,3
10564,hosp_covid_dis_covid_hours_for,87524,2021-11-21,Воскресенье,12:00,126,126,0,129,3,-3,-6
10565,hosp_covid_dis_covid_hours_for,87526,2021-11-21,Воскресенье,13:00,134,134,0,157,4,-23,-27
10566,hosp_covid_dis_covid_hours_for,87528,2021-11-21,Воскресенье,14:00,145,144,1,193,3,-48,-51
10567,hosp_covid_dis_covid_hours_for,87530,2021-11-21,Воскресенье,15:00,193,188,5,262,7,-69,-76
10568,hosp_covid_dis_covid_hours_for,87532,2021-11-21,Воскресенье,16:00,229,219,10,306,7,-77,-84
10569,hosp_covid_dis_covid_hours_for,87534,2021-11-21,Воскресенье,17:00,265,252,13,340,7,-75,-82
10570,hosp_covid_dis_covid_hours_for,87536,2021-11-21,Воскресенье,18:00,292,274,18,349,8,-57,-65
10571,hosp_covid_dis_covid_hours_for,87538,2021-11-21,Воскресенье,19:00,321,300,21,367,8,-46,-54
10572,hosp_covid_dis_covid_hours_for,87540,2021-11-21,Воскресенье,20:00,342,320,22,383,10,-41,-51
10573,hosp_covid_dis_covid_hours_for,87542,2021-11-21,Воскресенье,21:00,356,334,22,388,10,-32,-42
10574,hosp_covid_dis_covid_hours_for,87544,2021-11-21,Воскресенье,22:00,376,353,23,392,10,-16,-26
10575,hosp_covid_dis_covid_hours_for,87550,2021-11-21,Воскресенье,23:00,396,373,23,396,10,0,-10
10576,hosp_covid_dis_covid_hours_for,87553,2021-11-22,Понедельник,01:00,7,6,1,3,0,4,4
10577,hosp_covid_dis_covid_hours_for,87554,2021-11-21,Воскресенье,сутки,418,394,24,404,11,14,3
10578,hosp_covid_dis_covid_hours_for,87556,2021-11-22,Понедельник,02:00,14,13,1,10,1,4,3
10579,hosp_covid_dis_covid_hours_for,87558,2021-11-22,Понедельник,03:00,28,27,1,14,1,14,13
10580,hosp_covid_dis_covid_hours_for,87560,2021-11-22,Понедельник,04:00,39,38,1,17,1,22,21
10581,hosp_covid_dis_covid_hours_for,87562,2021-11-22,Понедельник,05:00,45,44,1,21,1,24,23
10582,hosp_covid_dis_covid_hours_for,87564,2021-11-22,Понедельник,06:00,52,50,2,21,1,31,30
10583,hosp_covid_dis_covid_hours_for,87566,2021-11-22,Понедельник,07:00,57,55,2,26,1,31,30
10584,hosp_covid_dis_covid_hours_for,87568,2021-11-22,Понедельник,08:00,60,58,2,46,1,14,13
10585,hosp_covid_dis_covid_hours_for,87570,2021-11-22,Понедельник,09:00,64,62,2,59,1,5,4
10586,hosp_covid_dis_covid_hours_for,87572,2021-11-22,Понедельник,10:00,70,66,4,88,1,-18,-19
10587,hosp_covid_dis_covid_hours_for,87574,2021-11-22,Понедельник,11:00,88,81,7,127,2,-39,-41
10588,hosp_covid_dis_covid_hours_for,87576,2021-11-22,Понедельник,12:00,121,114,7,163,9,-42,-51
10589,hosp_covid_dis_covid_hours_for,87578,2021-11-22,Понедельник,13:00,148,138,10,209,17,-61,-78
10590,hosp_covid_dis_covid_hours_for,87580,2021-11-22,Понедельник,14:03,169,152,17,267,20,-98,-118
10591,hosp_covid_dis_covid_hours_for,87582,2021-11-22,Понедельник,15:00,204,181,23,344,24,-140,-164
10592,hosp_covid_dis_covid_hours_for,87584,2021-11-22,Понедельник,16:00,244,216,28,405,27,-161,-188
10593,hosp_covid_dis_covid_hours_for,87586,2021-11-22,Понедельник,17:00,314,277,37,530,43,-216,-259
10594,hosp_covid_dis_covid_hours_for,87588,2021-11-22,Понедельник,18:00,385,339,46,610,49,-225,-274
10595,hosp_covid_dis_covid_hours_for,87590,2021-11-22,Понедельник,19:00,451,400,51,692,54,-241,-295
10596,hosp_covid_dis_covid_hours_for,87592,2021-11-22,Понедельник,20:00,510,451,59,741,58,-231,-289
10597,hosp_covid_dis_covid_hours_for,87594,2021-11-22,Понедельник,21:00,552,484,68,759,58,-207,-265
10598,hosp_covid_dis_covid_hours_for,87596,2021-11-22,Понедельник,22:00,596,523,73,769,64,-173,-237
10599,hosp_covid_dis_covid_hours_for,87600,2021-11-22,Понедельник,23:00,626,551,75,777,70,-151,-221
10600,hosp_covid_dis_covid_hours_for,87602,2021-11-23,Вторник,01:00,23,23,0,7,0,16,16
10601,hosp_covid_dis_covid_hours_for,87605,2021-11-23,Вторник,02:00,44,44,0,18,1,26,25
10602,hosp_covid_dis_covid_hours_for,87607,2021-11-23,Вторник,03:00,65,65,0,20,1,45,44
10603,hosp_covid_dis_covid_hours_for,87609,2021-11-23,Вторник,04:08,81,81,0,21,1,60,59
10604,hosp_covid_dis_covid_hours_for,87611,2021-11-23,Вторник,05:00,88,88,0,23,1,65,64
10605,hosp_covid_dis_covid_hours_for,87613,2021-11-23,Вторник,06:00,100,100,0,24,1,76,75
10606,hosp_covid_dis_covid_hours_for,87615,2021-11-23,Вторник,07:00,107,107,0,27,1,80,79
10607,hosp_covid_dis_covid_hours_for,87617,2021-11-23,Вторник,08:00,109,109,0,44,2,65,63
10608,hosp_covid_dis_covid_hours_for,87619,2021-11-23,Вторник,09:00,111,111,0,78,8,33,25
10609,hosp_covid_dis_covid_hours_for,87621,2021-11-23,Вторник,10:00,133,133,0,111,8,22,14
10610,hosp_covid_dis_covid_hours_for,87623,2021-11-23,Вторник,11:00,152,148,4,190,16,-38,-54
10611,hosp_covid_dis_covid_hours_for,87625,2021-11-23,Вторник,12:00,180,171,9,291,23,-111,-134
10612,hosp_covid_dis_covid_hours_for,87627,2021-11-23,Вторник,13:00,214,205,9,370,32,-156,-188
10613,hosp_covid_dis_covid_hours_for,87629,2021-11-23,Вторник,14:00,257,245,12,446,37,-189,-226
10614,hosp_covid_dis_covid_hours_for,87631,2021-11-22,Понедельник,сутки,663,588,75,780,70,-117,-187
10615,hosp_covid_dis_covid_hours_for,87633,2021-11-23,Вторник,15:00,302,279,23,557,43,-255,-298
10616,hosp_covid_dis_covid_hours_for,87666,2021-11-23,Вторник,16:00,359,333,26,635,51,-276,-327
10617,hosp_covid_dis_covid_hours_for,87668,2021-11-23,Вторник,17:00,406,374,32,670,54,-264,-318
10618,hosp_covid_dis_covid_hours_for,87670,2021-11-23,Вторник,18:00,452,408,44,699,60,-247,-307
10619,hosp_covid_dis_covid_hours_for,87672,2021-11-23,Вторник,19:00,493,449,44,737,60,-244,-304
10620,hosp_covid_dis_covid_hours_for,87674,2021-11-23,Вторник,20:00,538,492,46,762,62,-224,-286
10621,hosp_covid_dis_covid_hours_for,87676,2021-11-23,Вторник,21:01,574,526,48,770,62,-196,-258
10622,hosp_covid_dis_covid_hours_for,87678,2021-11-23,Вторник,22:00,612,563,49,775,62,-163,-225
10623,hosp_covid_dis_covid_hours_for,87682,2021-11-23,Вторник,23:00,639,586,53,776,62,-137,-199
10624,hosp_covid_dis_covid_hours_for,87684,2021-11-24,Среда,01:00,0,0,0,0,0,0,0
10625,hosp_covid_dis_covid_hours_for,87685,2021-11-23,Вторник,сутки,662,608,54,780,63,-118,-181
10626,hosp_covid_dis_covid_hours_for,87687,2021-11-24,Среда,02:00,0,0,0,0,0,0,0
10627,hosp_covid_dis_covid_hours_for,87689,2021-11-24,Среда,03:00,0,0,0,0,0,0,0
10628,hosp_covid_dis_covid_hours_for,87691,2021-11-24,Среда,04:00,0,0,0,0,0,0,0
10629,hosp_covid_dis_covid_hours_for,87693,2021-11-24,Среда,05:00,0,0,0,0,0,0,0
10630,hosp_covid_dis_covid_hours_for,87695,2021-11-24,Среда,06:00,0,0,0,0,0,0,0
10631,hosp_covid_dis_covid_hours_for,87697,2021-11-24,Среда,07:00,83,82,1,27,1,56,55
10632,hosp_covid_dis_covid_hours_for,87699,2021-11-24,Среда,08:00,88,87,1,38,1,50,49
10633,hosp_covid_dis_covid_hours_for,87701,2021-11-24,Среда,09:00,92,90,2,68,9,24,15
10634,hosp_covid_dis_covid_hours_for,87703,2021-11-24,Среда,10:01,112,110,2,119,14,-7,-21
10635,hosp_covid_dis_covid_hours_for,87705,2021-11-24,Среда,11:00,126,123,3,197,21,-71,-92
10636,hosp_covid_dis_covid_hours_for,87707,2021-11-24,Среда,12:00,154,148,6,275,29,-121,-150
10637,hosp_covid_dis_covid_hours_for,87709,2021-11-24,Среда,13:00,189,179,10,335,32,-146,-178
10638,hosp_covid_dis_covid_hours_for,87711,2021-11-24,Среда,14:00,234,220,14,438,37,-204,-241
10639,hosp_covid_dis_covid_hours_for,87713,2021-11-24,Среда,15:00,283,265,18,528,49,-245,-294
10640,hosp_covid_dis_covid_hours_for,87715,2021-11-24,Среда,16:00,328,304,24,605,52,-277,-329
10641,hosp_covid_dis_covid_hours_for,87717,2021-11-24,Среда,17:00,381,350,31,668,60,-287,-347
10642,hosp_covid_dis_covid_hours_for,87719,2021-11-24,Среда,18:00,424,390,34,716,61,-292,-353
10643,hosp_covid_dis_covid_hours_for,87721,2021-11-24,Среда,19:00,472,433,39,711,61,-239,-300
10644,hosp_covid_dis_covid_hours_for,87723,2021-11-24,Среда,20:00,529,487,42,719,61,-190,-251
10645,hosp_covid_dis_covid_hours_for,87725,2021-11-24,Среда,21:00,567,521,46,727,61,-160,-221
10646,hosp_covid_dis_covid_hours_for,87727,2021-11-24,Среда,22:00,598,550,48,736,61,-138,-199
10647,hosp_covid_dis_covid_hours_for,87731,2021-11-24,Среда,23:00,638,589,49,737,61,-99,-160
10648,hosp_covid_dis_covid_hours_for,87733,2021-11-25,Четверг,01:00,12,12,0,4,0,8,8
10649,hosp_covid_dis_covid_hours_for,87736,2021-11-25,Четверг,02:00,30,30,0,6,0,24,24
10650,hosp_covid_dis_covid_hours_for,87738,2021-11-25,Четверг,03:00,49,49,0,18,0,31,31
10651,hosp_covid_dis_covid_hours_for,87740,2021-11-25,Четверг,04:00,63,63,0,18,1,45,44
10652,hosp_covid_dis_covid_hours_for,87742,2021-11-25,Четверг,05:00,69,69,0,19,1,50,49
10653,hosp_covid_dis_covid_hours_for,87744,2021-11-25,Четверг,06:00,75,75,0,19,1,56,55
10654,hosp_covid_dis_covid_hours_for,87746,2021-11-25,Четверг,07:00,77,77,0,23,2,54,52
10655,hosp_covid_dis_covid_hours_for,87748,2021-11-25,Четверг,08:00,83,82,1,46,4,37,33
10656,hosp_covid_dis_covid_hours_for,87750,2021-11-25,Четверг,09:00,96,95,1,78,14,18,4
10657,hosp_covid_dis_covid_hours_for,87752,2021-11-25,Четверг,10:00,104,102,2,148,16,-44,-60
10658,hosp_covid_dis_covid_hours_for,87754,2021-11-25,Четверг,11:00,125,122,3,221,18,-96,-114
10659,hosp_covid_dis_covid_hours_for,87756,2021-11-25,Четверг,12:00,163,159,4,282,22,-119,-141
10660,hosp_covid_dis_covid_hours_for,87758,2021-11-25,Четверг,13:00,188,182,6,370,31,-182,-213
10661,hosp_covid_dis_covid_hours_for,87760,2021-11-25,Четверг,14:00,229,217,12,436,34,-207,-241
10662,hosp_covid_dis_covid_hours_for,87762,2021-11-25,Четверг,15:00,274,256,18,523,38,-249,-287
10663,hosp_covid_dis_covid_hours_for,87764,2021-11-25,Четверг,16:00,304,282,22,585,39,-281,-320
10664,hosp_covid_dis_covid_hours_for,87766,2021-11-25,Четверг,17:00,346,318,28,622,44,-276,-320
10665,hosp_covid_dis_covid_hours_for,87768,2021-11-25,Четверг,18:00,410,377,33,653,45,-243,-288
10666,hosp_covid_dis_covid_hours_for,87770,2021-11-25,Четверг,19:00,446,405,41,670,46,-224,-270
10667,hosp_covid_dis_covid_hours_for,87771,2021-11-24,Среда,сутки,662,613,49,743,63,-81,-144
10668,hosp_covid_dis_covid_hours_for,87773,2021-11-25,Четверг,20:00,514,467,47,690,45,-176,-221
10669,hosp_covid_dis_covid_hours_for,87775,2021-11-25,Четверг,21:00,553,501,52,696,45,-143,-188
10670,hosp_covid_dis_covid_hours_for,87777,2021-11-25,Четверг,22:00,585,532,53,698,47,-113,-160
10671,hosp_covid_dis_covid_hours_for,87781,2021-11-25,Четверг,23:00,634,575,59,705,47,-71,-118
10672,hosp_covid_dis_covid_hours_for,87783,2021-11-26,Пятница,01:00,9,9,0,8,0,1,1
10673,hosp_covid_dis_covid_hours_for,87784,2021-11-25,Четверг,сутки,660,600,60,709,47,-49,-96
10674,hosp_covid_dis_covid_hours_for,87786,2021-11-26,Пятница,02:00,26,25,1,15,0,11,11
10675,hosp_covid_dis_covid_hours_for,87788,2021-11-26,Пятница,03:00,46,45,1,25,0,21,21
10676,hosp_covid_dis_covid_hours_for,87790,2021-11-26,Пятница,04:00,52,51,1,27,0,25,25
10677,hosp_covid_dis_covid_hours_for,87792,2021-11-26,Пятница,05:00,62,61,1,28,0,34,34
10678,hosp_covid_dis_covid_hours_for,87794,2021-11-26,Пятница,06:00,70,69,1,32,0,38,38
10679,hosp_covid_dis_covid_hours_for,87796,2021-11-26,Пятница,07:00,78,77,1,37,0,41,41
10680,hosp_covid_dis_covid_hours_for,87798,2021-11-26,Пятница,08:00,82,81,1,50,0,32,32
10681,hosp_covid_dis_covid_hours_for,87800,2021-11-26,Пятница,09:00,96,95,1,70,3,26,23
10682,hosp_covid_dis_covid_hours_for,87802,2021-11-26,Пятница,10:00,103,99,4,133,10,-30,-40
10683,hosp_covid_dis_covid_hours_for,87804,2021-11-26,Пятница,11:03,109,106,3,203,16,-94,-110
10684,hosp_covid_dis_covid_hours_for,87806,2021-11-26,Пятница,12:00,125,121,4,284,24,-159,-183
10685,hosp_covid_dis_covid_hours_for,87808,2021-11-26,Пятница,13:00,166,157,9,373,36,-207,-243
10686,hosp_covid_dis_covid_hours_for,87810,2021-11-26,Пятница,14:00,215,198,17,491,39,-276,-315
10687,hosp_covid_dis_covid_hours_for,87812,2021-11-26,Пятница,15:00,266,243,23,591,42,-325,-367
10688,hosp_covid_dis_covid_hours_for,87814,2021-11-26,Пятница,16:00,328,298,30,704,47,-376,-423
10689,hosp_covid_dis_covid_hours_for,87816,2021-11-26,Пятница,17:00,385,346,39,744,54,-359,-413
10690,hosp_covid_dis_covid_hours_for,87818,2021-11-26,Пятница,18:00,446,398,48,780,58,-334,-392
10691,hosp_covid_dis_covid_hours_for,87820,2021-11-26,Пятница,19:00,484,430,54,790,59,-306,-365
10692,hosp_covid_dis_covid_hours_for,87822,2021-11-26,Пятница,20:00,533,475,58,801,61,-268,-329
10693,hosp_covid_dis_covid_hours_for,87824,2021-11-26,Пятница,21:00,586,524,62,816,63,-230,-293
10694,hosp_covid_dis_covid_hours_for,87826,2021-11-26,Пятница,22:00,624,559,65,820,66,-196,-262
10695,hosp_covid_dis_covid_hours_for,87830,2021-11-26,Пятница,23:00,662,596,66,829,67,-167,-234
10696,hosp_covid_dis_covid_hours_for,87832,2021-11-27,Суббота,01:00,9,9,0,2,0,7,7
10697,hosp_covid_dis_covid_hours_for,87833,2021-11-26,Пятница,сутки,688,622,66,833,67,-145,-212
10698,hosp_covid_dis_covid_hours_for,87835,2021-11-27,Суббота,02:00,28,28,0,6,1,22,21
10699,hosp_covid_dis_covid_hours_for,87837,2021-11-27,Суббота,03:00,57,57,0,18,1,39,38
10700,hosp_covid_dis_covid_hours_for,87839,2021-11-27,Суббота,04:00,74,74,0,19,1,55,54
10701,hosp_covid_dis_covid_hours_for,87841,2021-11-27,Суббота,05:00,82,81,1,22,1,60,59
10702,hosp_covid_dis_covid_hours_for,87843,2021-11-27,Суббота,06:00,87,86,1,24,1,63,62
10703,hosp_covid_dis_covid_hours_for,87845,2021-11-27,Суббота,07:00,90,89,1,29,1,61,60
10704,hosp_covid_dis_covid_hours_for,87847,2021-11-27,Суббота,08:00,98,97,1,51,1,47,46
10705,hosp_covid_dis_covid_hours_for,87849,2021-11-27,Суббота,09:00,100,99,1,79,10,21,11
10706,hosp_covid_dis_covid_hours_for,87851,2021-11-27,Суббота,10:00,104,102,2,125,15,-21,-36
10707,hosp_covid_dis_covid_hours_for,87853,2021-11-27,Суббота,11:00,121,117,4,179,17,-58,-75
10708,hosp_covid_dis_covid_hours_for,87855,2021-11-27,Суббота,12:00,150,145,5,223,31,-73,-104
10709,hosp_covid_dis_covid_hours_for,87857,2021-11-27,Суббота,13:00,191,181,10,304,35,-113,-148
10710,hosp_covid_dis_covid_hours_for,87859,2021-11-27,Суббота,14:00,238,223,15,338,36,-100,-136
10711,hosp_covid_dis_covid_hours_for,87861,2021-11-27,Суббота,15:00,269,250,19,379,39,-110,-149
10712,hosp_covid_dis_covid_hours_for,87863,2021-11-27,Суббота,16:00,313,288,25,399,46,-86,-132
10713,hosp_covid_dis_covid_hours_for,87865,2021-11-27,Суббота,17:00,362,333,29,421,49,-59,-108
10714,hosp_covid_dis_covid_hours_for,87867,2021-11-27,Суббота,18:00,404,373,31,439,49,-35,-84
10715,hosp_covid_dis_covid_hours_for,87869,2021-11-27,Суббота,19:00,440,403,37,469,49,-29,-78
10716,hosp_covid_dis_covid_hours_for,87871,2021-11-27,Суббота,20:00,489,446,43,480,50,9,-41
10717,hosp_covid_dis_covid_hours_for,87873,2021-11-27,Суббота,21:00,527,481,46,483,51,44,-7
10718,hosp_covid_dis_covid_hours_for,87875,2021-11-27,Суббота,22:00,561,513,48,487,51,74,23
10719,hosp_covid_dis_covid_hours_for,87879,2021-11-27,Суббота,23:00,588,538,50,490,53,98,45
10720,hosp_covid_dis_covid_hours_for,87881,2021-11-28,Воскресенье,01:00,17,16,1,0,0,17,17
10721,hosp_covid_dis_covid_hours_for,87882,2021-11-27,Суббота,сутки,620,569,51,498,53,122,69
10722,hosp_covid_dis_covid_hours_for,87884,2021-11-28,Воскресенье,02:00,31,30,1,1,0,30,30
10723,hosp_covid_dis_covid_hours_for,87886,2021-11-28,Воскресенье,03:00,49,48,1,6,2,43,41
10724,hosp_covid_dis_covid_hours_for,87888,2021-11-28,Воскресенье,04:00,62,61,1,8,3,54,51
10725,hosp_covid_dis_covid_hours_for,87890,2021-11-28,Воскресенье,05:00,84,83,1,9,3,75,72
10726,hosp_covid_dis_covid_hours_for,87892,2021-11-28,Воскресенье,06:00,86,85,1,15,5,71,66
10727,hosp_covid_dis_covid_hours_for,87894,2021-11-28,Воскресенье,07:00,88,87,1,20,5,68,63
10728,hosp_covid_dis_covid_hours_for,87896,2021-11-28,Воскресенье,08:00,89,88,1,32,7,57,50
10729,hosp_covid_dis_covid_hours_for,87898,2021-11-28,Воскресенье,09:00,94,93,1,53,11,41,30
10730,hosp_covid_dis_covid_hours_for,87900,2021-11-28,Воскресенье,10:00,98,97,1,114,14,-16,-30
10731,hosp_covid_dis_covid_hours_for,87902,2021-11-28,Воскресенье,11:00,105,104,1,160,29,-55,-84
10732,hosp_covid_dis_covid_hours_for,87904,2021-11-28,Воскресенье,12:00,123,120,3,211,35,-88,-123
10733,hosp_covid_dis_covid_hours_for,87906,2021-11-28,Воскресенье,13:00,147,142,5,251,42,-104,-146
10734,hosp_covid_dis_covid_hours_for,87908,2021-11-28,Воскресенье,14:00,162,154,8,280,49,-118,-167
10735,hosp_covid_dis_covid_hours_for,87910,2021-11-28,Воскресенье,15:00,188,180,8,309,49,-121,-170
10736,hosp_covid_dis_covid_hours_for,87912,2021-11-28,Воскресенье,16:00,219,210,9,314,50,-95,-145
10737,hosp_covid_dis_covid_hours_for,87914,2021-11-28,Воскресенье,17:00,250,241,9,325,51,-75,-126
10738,hosp_covid_dis_covid_hours_for,87916,2021-11-28,Воскресенье,18:00,289,280,9,334,51,-45,-96
10739,hosp_covid_dis_covid_hours_for,87918,2021-11-28,Воскресенье,19:00,330,321,9,339,51,-9,-60
10740,hosp_covid_dis_covid_hours_for,87920,2021-11-28,Воскресенье,20:00,358,347,11,353,52,5,-47
10741,hosp_covid_dis_covid_hours_for,87922,2021-11-28,Воскресенье,21:00,379,366,13,364,53,15,-38
10742,hosp_covid_dis_covid_hours_for,87924,2021-11-28,Воскресенье,22:00,398,384,14,372,54,26,-28
10743,hosp_covid_dis_covid_hours_for,87928,2021-11-28,Воскресенье,23:00,416,399,17,379,54,37,-17
10744,hosp_covid_dis_covid_hours_for,87930,2021-11-29,Понедельник,01:00,10,9,1,3,0,7,7
10745,hosp_covid_dis_covid_hours_for,87931,2021-11-28,Воскресенье,сутки,429,411,18,380,54,49,-5
10746,hosp_covid_dis_covid_hours_for,87933,2021-11-29,Понедельник,02:00,26,25,1,7,0,19,19
10747,hosp_covid_dis_covid_hours_for,87935,2021-11-29,Понедельник,03:01,41,40,1,11,0,30,30
10748,hosp_covid_dis_covid_hours_for,87937,2021-11-29,Понедельник,04:00,51,50,1,12,1,39,38
10749,hosp_covid_dis_covid_hours_for,87939,2021-11-29,Понедельник,05:00,61,60,1,16,1,45,44
10750,hosp_covid_dis_covid_hours_for,87941,2021-11-29,Понедельник,06:00,66,65,1,16,1,50,49
10751,hosp_covid_dis_covid_hours_for,87943,2021-11-29,Понедельник,07:00,70,69,1,18,1,52,51
10752,hosp_covid_dis_covid_hours_for,87945,2021-11-29,Понедельник,08:00,76,74,2,29,3,47,44
10753,hosp_covid_dis_covid_hours_for,87947,2021-11-29,Понедельник,09:00,82,80,2,51,17,31,14
10754,hosp_covid_dis_covid_hours_for,87949,2021-11-29,Понедельник,10:00,91,89,2,111,21,-20,-41
10755,hosp_covid_dis_covid_hours_for,87951,2021-11-29,Понедельник,11:00,97,95,2,194,23,-97,-120
10756,hosp_covid_dis_covid_hours_for,87953,2021-11-29,Понедельник,12:00,125,123,2,286,31,-161,-192
10757,hosp_covid_dis_covid_hours_for,87955,2021-11-29,Понедельник,13:00,152,148,4,358,44,-206,-250
10758,hosp_covid_dis_covid_hours_for,87957,2021-11-29,Понедельник,14:00,195,187,8,436,50,-241,-291
10759,hosp_covid_dis_covid_hours_for,87959,2021-11-29,Понедельник,15:00,247,235,12,522,53,-275,-328
10760,hosp_covid_dis_covid_hours_for,87961,2021-11-29,Понедельник,16:00,290,277,13,584,57,-294,-351
10761,hosp_covid_dis_covid_hours_for,87963,2021-11-29,Понедельник,17:00,335,316,19,671,62,-336,-398
10762,hosp_covid_dis_covid_hours_for,87965,2021-11-29,Понедельник,18:00,380,353,27,714,65,-334,-399
10763,hosp_covid_dis_covid_hours_for,87967,2021-11-29,Понедельник,19:00,439,407,32,730,66,-291,-357
10764,hosp_covid_dis_covid_hours_for,87969,2021-11-29,Понедельник,20:00,494,458,36,742,68,-248,-316
10765,hosp_covid_dis_covid_hours_for,87971,2021-11-29,Понедельник,21:00,536,496,40,753,69,-217,-286
10766,hosp_covid_dis_covid_hours_for,87973,2021-11-29,Понедельник,22:00,576,531,45,758,70,-182,-252
10767,hosp_covid_dis_covid_hours_for,87977,2021-11-29,Понедельник,23:00,606,560,46,765,70,-159,-229
10768,hosp_covid_dis_covid_hours_for,87979,2021-11-30,Вторник,01:00,17,17,0,0,0,17,17
10769,hosp_covid_dis_covid_hours_for,87980,2021-11-29,Понедельник,сутки,651,597,54,767,70,-116,-186
10770,hosp_covid_dis_covid_hours_for,87982,2021-11-30,Вторник,02:00,44,44,0,4,1,40,39
10771,hosp_covid_dis_covid_hours_for,87984,2021-11-30,Вторник,03:00,78,78,0,6,1,72,71
10772,hosp_covid_dis_covid_hours_for,87986,2021-11-30,Вторник,04:00,103,103,0,6,1,97,96
10773,hosp_covid_dis_covid_hours_for,87988,2021-11-30,Вторник,05:00,121,121,0,10,1,111,110
10774,hosp_covid_dis_covid_hours_for,87990,2021-11-30,Вторник,06:00,140,140,0,10,1,130,129
10775,hosp_covid_dis_covid_hours_for,87992,2021-11-30,Вторник,07:00,148,148,0,16,1,132,131
10776,hosp_covid_dis_covid_hours_for,87994,2021-11-30,Вторник,08:00,157,157,0,39,6,118,112
10777,hosp_covid_dis_covid_hours_for,87996,2021-11-30,Вторник,09:00,161,161,0,82,8,79,71
10778,hosp_covid_dis_covid_hours_for,87998,2021-11-30,Вторник,10:00,169,169,0,143,13,26,13
10779,hosp_covid_dis_covid_hours_for,88000,2021-11-30,Вторник,11:00,179,177,2,235,21,-56,-77
10780,hosp_covid_dis_covid_hours_for,88002,2021-11-30,Вторник,12:00,212,206,6,307,26,-95,-121
10781,hosp_covid_dis_covid_hours_for,88004,2021-11-30,Вторник,13:00,243,235,8,425,30,-182,-212
10782,hosp_covid_dis_covid_hours_for,88006,2021-11-30,Вторник,14:00,294,277,17,526,32,-232,-264
10783,hosp_covid_dis_covid_hours_for,88008,2021-11-30,Вторник,15:00,336,316,20,589,35,-253,-288
10784,hosp_covid_dis_covid_hours_for,88010,2021-11-30,Вторник,16:00,386,359,27,649,46,-263,-309
10785,hosp_covid_dis_covid_hours_for,88012,2021-11-30,Вторник,17:00,438,407,31,657,49,-219,-268
10786,hosp_covid_dis_covid_hours_for,88014,2021-11-30,Вторник,18:00,516,483,33,684,52,-168,-220
10787,hosp_covid_dis_covid_hours_for,88016,2021-11-30,Вторник,19:00,559,520,39,724,55,-165,-220
10788,hosp_covid_dis_covid_hours_for,88018,2021-11-30,Вторник,20:00,616,570,46,745,55,-129,-184
10789,hosp_covid_dis_covid_hours_for,88020,2021-11-30,Вторник,21:00,650,599,51,754,56,-104,-160
10790,hosp_covid_dis_covid_hours_for,88022,2021-11-30,Вторник,22:00,695,640,55,757,56,-62,-118
10791,hosp_covid_dis_covid_hours_for,88026,2021-11-30,Вторник,23:00,734,671,63,765,56,-31,-87
10792,hosp_covid_dis_covid_hours_for,88028,2021-12-01,Среда,01:00,16,16,0,6,0,10,10
10793,hosp_covid_dis_covid_hours_for,88029,2021-11-30,Вторник,сутки,766,701,65,770,56,-4,-60
10794,hosp_covid_dis_covid_hours_for,88031,2021-12-01,Среда,02:00,39,36,3,8,1,31,30
10795,hosp_covid_dis_covid_hours_for,88033,2021-12-01,Среда,03:00,59,56,3,14,2,45,43
10796,hosp_covid_dis_covid_hours_for,88035,2021-12-01,Среда,04:00,82,79,3,16,2,66,64
10797,hosp_covid_dis_covid_hours_for,88037,2021-12-01,Среда,05:00,92,89,3,17,2,75,73
10798,hosp_covid_dis_covid_hours_for,88039,2021-12-01,Среда,06:00,99,96,3,17,2,82,80
10799,hosp_covid_dis_covid_hours_for,88041,2021-12-01,Среда,07:00,103,100,3,21,2,82,80
10800,hosp_covid_dis_covid_hours_for,88043,2021-12-01,Среда,08:00,107,103,4,40,4,67,63
10801,hosp_covid_dis_covid_hours_for,88045,2021-12-01,Среда,09:00,112,107,5,70,13,42,29
10802,hosp_covid_dis_covid_hours_for,88047,2021-12-01,Среда,10:00,115,110,5,139,18,-24,-42
10803,hosp_covid_dis_covid_hours_for,88049,2021-12-01,Среда,11:00,134,128,6,212,21,-78,-99
10804,hosp_covid_dis_covid_hours_for,88051,2021-12-01,Среда,12:00,155,148,7,304,32,-149,-181
10805,hosp_covid_dis_covid_hours_for,88053,2021-12-01,Среда,13:00,191,181,10,394,37,-203,-240
10806,hosp_covid_dis_covid_hours_for,88055,2021-12-01,Среда,14:00,227,213,14,472,45,-245,-290
10807,hosp_covid_dis_covid_hours_for,88057,2021-12-01,Среда,15:00,267,248,19,520,47,-253,-300
10808,hosp_covid_dis_covid_hours_for,88059,2021-12-01,Среда,16:00,302,280,22,566,59,-264,-323
10809,hosp_covid_dis_covid_hours_for,88061,2021-12-01,Среда,17:00,353,330,23,644,61,-291,-352
10810,hosp_covid_dis_covid_hours_for,88063,2021-12-01,Среда,18:00,386,362,24,685,61,-299,-360
10811,hosp_covid_dis_covid_hours_for,88065,2021-12-01,Среда,19:00,427,398,29,697,62,-270,-332
10812,hosp_covid_dis_covid_hours_for,88067,2021-12-01,Среда,20:00,479,442,37,702,62,-223,-285
10813,hosp_covid_dis_covid_hours_for,88069,2021-12-01,Среда,21:00,514,473,41,706,63,-192,-255
10814,hosp_covid_dis_covid_hours_for,88071,2021-12-01,Среда,22:00,551,502,49,711,63,-160,-223
10815,hosp_covid_dis_covid_hours_for,88075,2021-12-01,Среда,23:00,579,529,50,715,63,-136,-199
10816,hosp_covid_dis_covid_hours_for,88077,2021-12-02,Четверг,01:00,19,19,0,0,0,19,19
10817,hosp_covid_dis_covid_hours_for,88078,2021-12-01,Среда,сутки,623,572,51,721,64,-98,-162
10818,hosp_covid_dis_covid_hours_for,88080,2021-12-02,Четверг,02:00,33,33,0,6,0,27,27
10819,hosp_covid_dis_covid_hours_for,88082,2021-12-02,Четверг,03:00,55,54,1,13,0,42,42
10820,hosp_covid_dis_covid_hours_for,88084,2021-12-02,Четверг,04:00,69,68,1,17,0,52,52
10821,hosp_covid_dis_covid_hours_for,88086,2021-12-02,Четверг,05:00,79,78,1,17,0,62,62
10822,hosp_covid_dis_covid_hours_for,88088,2021-12-02,Четверг,06:00,89,88,1,19,0,70,70
10823,hosp_covid_dis_covid_hours_for,88090,2021-12-02,Четверг,07:00,92,91,1,26,0,66,66
10824,hosp_covid_dis_covid_hours_for,88092,2021-12-02,Четверг,08:00,94,93,1,41,0,53,53
10825,hosp_covid_dis_covid_hours_for,88094,2021-12-02,Четверг,09:00,95,94,1,85,4,10,6
10826,hosp_covid_dis_covid_hours_for,88096,2021-12-02,Четверг,10:00,104,102,2,154,5,-50,-55
10827,hosp_covid_dis_covid_hours_for,88098,2021-12-02,Четверг,11:00,118,113,5,205,8,-87,-95
10828,hosp_covid_dis_covid_hours_for,88100,2021-12-02,Четверг,12:00,142,133,9,269,13,-127,-140
10829,hosp_covid_dis_covid_hours_for,88102,2021-12-02,Четверг,13:00,174,161,13,348,16,-174,-190
10830,hosp_covid_dis_covid_hours_for,88104,2021-12-02,Четверг,14:00,222,202,20,418,23,-196,-219
10831,hosp_covid_dis_covid_hours_for,88106,2021-12-02,Четверг,15:00,268,245,23,500,26,-232,-258
10832,hosp_covid_dis_covid_hours_for,88108,2021-12-02,Четверг,16:00,321,292,29,555,33,-234,-267
10833,hosp_covid_dis_covid_hours_for,88110,2021-12-02,Четверг,17:00,367,332,35,595,35,-228,-263
10834,hosp_covid_dis_covid_hours_for,88112,2021-12-02,Четверг,18:00,405,364,41,625,36,-220,-256
10835,hosp_covid_dis_covid_hours_for,88114,2021-12-02,Четверг,19:00,453,403,50,655,36,-202,-238
10836,hosp_covid_dis_covid_hours_for,88116,2021-12-02,Четверг,20:00,514,460,54,677,36,-163,-199
10837,hosp_covid_dis_covid_hours_for,88118,2021-12-02,Четверг,21:00,548,493,55,687,38,-139,-177
10838,hosp_covid_dis_covid_hours_for,88120,2021-12-02,Четверг,22:00,581,518,63,693,41,-112,-153
10839,hosp_covid_dis_covid_hours_for,88124,2021-12-02,Четверг,23:00,613,546,67,694,41,-81,-122
10840,hosp_covid_dis_covid_hours_for,88126,2021-12-03,Пятница,01:00,18,18,0,5,0,13,13
10841,hosp_covid_dis_covid_hours_for,88127,2021-12-02,Четверг,сутки,643,573,70,700,41,-57,-98
10842,hosp_covid_dis_covid_hours_for,88129,2021-12-03,Пятница,02:00,47,47,0,9,1,38,37
10843,hosp_covid_dis_covid_hours_for,88131,2021-12-03,Пятница,03:00,73,73,0,9,0,64,64
10844,hosp_covid_dis_covid_hours_for,88133,2021-12-03,Пятница,04:00,91,91,0,11,0,80,80
10845,hosp_covid_dis_covid_hours_for,88135,2021-12-03,Пятница,05:00,96,96,0,18,0,78,78
10846,hosp_covid_dis_covid_hours_for,88137,2021-12-03,Пятница,06:00,102,102,0,20,0,82,82
10847,hosp_covid_dis_covid_hours_for,88139,2021-12-03,Пятница,07:00,103,103,0,25,0,78,78
10848,hosp_covid_dis_covid_hours_for,88141,2021-12-03,Пятница,08:00,107,106,1,35,3,72,69
10849,hosp_covid_dis_covid_hours_for,88143,2021-12-03,Пятница,09:00,111,107,4,63,6,48,42
10850,hosp_covid_dis_covid_hours_for,88145,2021-12-03,Пятница,10:00,125,121,4,119,12,6,-6
10851,hosp_covid_dis_covid_hours_for,88147,2021-12-03,Пятница,11:00,142,136,6,185,13,-43,-56
10852,hosp_covid_dis_covid_hours_for,88149,2021-12-03,Пятница,12:00,158,151,7,271,24,-113,-137
10853,hosp_covid_dis_covid_hours_for,88151,2021-12-03,Пятница,13:00,200,189,11,355,23,-155,-178
10854,hosp_covid_dis_covid_hours_for,88153,2021-12-03,Пятница,14:00,253,236,17,446,28,-193,-221
10855,hosp_covid_dis_covid_hours_for,88155,2021-12-03,Пятница,15:00,290,270,20,527,31,-237,-268
10856,hosp_covid_dis_covid_hours_for,88157,2021-12-03,Пятница,16:00,340,313,27,592,38,-252,-290
10857,hosp_covid_dis_covid_hours_for,88159,2021-12-03,Пятница,17:00,400,363,37,641,39,-241,-280
10858,hosp_covid_dis_covid_hours_for,88161,2021-12-03,Пятница,18:00,461,421,40,672,41,-211,-252
10859,hosp_covid_dis_covid_hours_for,88163,2021-12-03,Пятница,19:00,520,473,47,709,41,-189,-230
10860,hosp_covid_dis_covid_hours_for,88165,2021-12-03,Пятница,20:00,576,524,52,726,41,-150,-191
10861,hosp_covid_dis_covid_hours_for,88167,2021-12-03,Пятница,21:00,615,561,54,731,42,-116,-158
10862,hosp_covid_dis_covid_hours_for,88169,2021-12-03,Пятница,22:00,643,586,57,734,43,-91,-134
10863,hosp_covid_dis_covid_hours_for,88173,2021-12-03,Пятница,23:00,666,609,57,740,43,-74,-117
10864,hosp_covid_dis_covid_hours_for,88175,2021-12-04,Суббота,01:00,16,16,0,0,0,16,16
10865,hosp_covid_dis_covid_hours_for,88176,2021-12-03,Пятница,сутки,706,649,57,743,44,-37,-81
10866,hosp_covid_dis_covid_hours_for,88178,2021-12-04,Суббота,02:00,36,35,1,2,0,34,34
10867,hosp_covid_dis_covid_hours_for,88180,2021-12-04,Суббота,03:00,54,53,1,4,0,50,50
10868,hosp_covid_dis_covid_hours_for,88182,2021-12-04,Суббота,04:00,75,74,1,5,0,70,70
10869,hosp_covid_dis_covid_hours_for,88184,2021-12-04,Суббота,05:00,85,84,1,6,0,79,79
10870,hosp_covid_dis_covid_hours_for,88186,2021-12-04,Суббота,06:00,94,93,1,7,0,87,87
10871,hosp_covid_dis_covid_hours_for,88188,2021-12-04,Суббота,07:00,102,101,1,18,0,84,84
10872,hosp_covid_dis_covid_hours_for,88190,2021-12-04,Суббота,08:00,107,106,1,38,0,69,69
10873,hosp_covid_dis_covid_hours_for,88192,2021-12-04,Суббота,09:00,110,109,1,67,11,43,32
10874,hosp_covid_dis_covid_hours_for,88194,2021-12-04,Суббота,10:00,113,112,1,111,17,2,-15
10875,hosp_covid_dis_covid_hours_for,88196,2021-12-04,Суббота,11:00,122,120,2,156,24,-34,-58
10876,hosp_covid_dis_covid_hours_for,88198,2021-12-04,Суббота,12:00,149,143,6,207,31,-58,-89
10877,hosp_covid_dis_covid_hours_for,88200,2021-12-04,Суббота,13:00,182,172,10,255,42,-73,-115
10878,hosp_covid_dis_covid_hours_for,88202,2021-12-04,Суббота,14:00,217,202,15,300,45,-83,-128
10879,hosp_covid_dis_covid_hours_for,88204,2021-12-04,Суббота,15:00,262,245,17,329,45,-67,-112
10880,hosp_covid_dis_covid_hours_for,88206,2021-12-04,Суббота,16:00,332,313,19,360,45,-28,-73
10881,hosp_covid_dis_covid_hours_for,88208,2021-12-04,Суббота,17:00,373,348,25,377,45,-4,-49
10882,hosp_covid_dis_covid_hours_for,88210,2021-12-04,Суббота,18:00,425,394,31,394,48,31,-17
10883,hosp_covid_dis_covid_hours_for,88212,2021-12-04,Суббота,19:00,473,435,38,426,48,47,-1
10884,hosp_covid_dis_covid_hours_for,88214,2021-12-04,Суббота,20:00,524,479,45,446,49,78,29
10885,hosp_covid_dis_covid_hours_for,88216,2021-12-04,Суббота,21:00,553,508,45,450,50,103,53
10886,hosp_covid_dis_covid_hours_for,88218,2021-12-04,Суббота,22:00,583,534,49,456,52,127,75
10887,hosp_covid_dis_covid_hours_for,88220,2021-12-04,Суббота,сутки,583,534,49,456,52,127,75
10888,hosp_covid_dis_covid_hours_for,88222,2021-12-05,Воскресенье,04:01,0,0,0,0,0,0,0
10889,hosp_covid_dis_covid_hours_for,88224,2021-12-05,Воскресенье,05:00,34,32,2,2,0,32,32
10890,hosp_covid_dis_covid_hours_for,88226,2021-12-05,Воскресенье,06:00,61,59,2,16,0,45,45
10891,hosp_covid_dis_covid_hours_for,88228,2021-12-05,Воскресенье,07:00,71,69,2,22,0,49,49
10892,hosp_covid_dis_covid_hours_for,88230,2021-12-05,Воскресенье,08:00,76,74,2,37,4,39,35
10893,hosp_covid_dis_covid_hours_for,88232,2021-12-05,Воскресенье,09:00,78,76,2,68,5,10,5
10894,hosp_covid_dis_covid_hours_for,88234,2021-12-05,Воскресенье,10:00,81,79,2,98,12,-17,-29
10895,hosp_covid_dis_covid_hours_for,88236,2021-12-05,Воскресенье,11:00,86,84,2,144,14,-58,-72
10896,hosp_covid_dis_covid_hours_for,88238,2021-12-05,Воскресенье,12:00,100,98,2,217,20,-117,-137
10897,hosp_covid_dis_covid_hours_for,88240,2021-12-05,Воскресенье,13:00,126,122,4,261,31,-135,-166
10898,hosp_covid_dis_covid_hours_for,88242,2021-12-05,Воскресенье,14:00,161,152,9,283,31,-122,-153
10899,hosp_covid_dis_covid_hours_for,88244,2021-12-05,Воскресенье,15:00,196,183,13,297,31,-101,-132
10900,hosp_covid_dis_covid_hours_for,88246,2021-12-05,Воскресенье,16:00,234,215,19,312,32,-78,-110
10901,hosp_covid_dis_covid_hours_for,88248,2021-12-05,Воскресенье,17:00,271,246,25,321,32,-50,-82
10902,hosp_covid_dis_covid_hours_for,88250,2021-12-05,Воскресенье,18:00,301,273,28,332,32,-31,-63
10903,hosp_covid_dis_covid_hours_for,88252,2021-12-05,Воскресенье,19:00,333,301,32,342,33,-9,-42
10904,hosp_covid_dis_covid_hours_for,88254,2021-12-05,Воскресенье,20:00,362,329,33,352,34,10,-24
10905,hosp_covid_dis_covid_hours_for,88256,2021-12-05,Воскресенье,21:00,388,355,33,355,38,33,-5
10906,hosp_covid_dis_covid_hours_for,88258,2021-12-05,Воскресенье,22:00,407,374,33,363,38,44,6
10907,hosp_covid_dis_covid_hours_for,88262,2021-12-05,Воскресенье,23:00,429,393,36,376,38,53,15
10908,hosp_covid_dis_covid_hours_for,88264,2021-12-06,Понедельник,01:00,14,13,1,2,1,12,11
10909,hosp_covid_dis_covid_hours_for,88265,2021-12-05,Воскресенье,сутки,454,417,37,378,39,76,37
10910,hosp_covid_dis_covid_hours_for,88267,2021-12-06,Понедельник,02:00,36,35,1,7,0,29,29
10911,hosp_covid_dis_covid_hours_for,88269,2021-12-06,Понедельник,03:00,54,53,1,12,0,42,42
10912,hosp_covid_dis_covid_hours_for,88271,2021-12-06,Понедельник,04:00,63,62,1,13,0,50,50
10913,hosp_covid_dis_covid_hours_for,88273,2021-12-06,Понедельник,05:00,68,67,1,13,0,55,55
10914,hosp_covid_dis_covid_hours_for,88275,2021-12-06,Понедельник,06:00,74,73,1,13,0,61,61
10915,hosp_covid_dis_covid_hours_for,88277,2021-12-06,Понедельник,07:00,81,80,1,19,0,62,62
10916,hosp_covid_dis_covid_hours_for,88279,2021-12-06,Понедельник,08:00,86,85,1,43,0,43,43
10917,hosp_covid_dis_covid_hours_for,88281,2021-12-06,Понедельник,09:00,88,87,1,63,3,25,22
10918,hosp_covid_dis_covid_hours_for,88283,2021-12-06,Понедельник,10:00,95,94,1,108,9,-13,-22
10919,hosp_covid_dis_covid_hours_for,88285,2021-12-06,Понедельник,11:00,123,122,1,175,14,-52,-66
10920,hosp_covid_dis_covid_hours_for,88287,2021-12-06,Понедельник,12:00,138,136,2,274,22,-136,-158
10921,hosp_covid_dis_covid_hours_for,88289,2021-12-06,Понедельник,13:00,170,165,5,356,28,-186,-214
10922,hosp_covid_dis_covid_hours_for,88291,2021-12-06,Понедельник,14:00,207,198,9,448,38,-241,-279
10923,hosp_covid_dis_covid_hours_for,88293,2021-12-06,Понедельник,15:00,246,234,12,516,44,-270,-314
10924,hosp_covid_dis_covid_hours_for,88295,2021-12-06,Понедельник,16:00,298,283,15,586,45,-288,-333
10925,hosp_covid_dis_covid_hours_for,88297,2021-12-06,Понедельник,17:00,350,329,21,653,53,-303,-356
10926,hosp_covid_dis_covid_hours_for,88299,2021-12-06,Понедельник,18:00,427,400,27,686,54,-259,-313
10927,hosp_covid_dis_covid_hours_for,88301,2021-12-06,Понедельник,19:00,468,439,29,715,55,-247,-302
10928,hosp_covid_dis_covid_hours_for,88303,2021-12-06,Понедельник,20:00,536,496,40,727,55,-191,-246
10929,hosp_covid_dis_covid_hours_for,88305,2021-12-06,Понедельник,21:00,585,544,41,733,58,-148,-206
10930,hosp_covid_dis_covid_hours_for,88307,2021-12-06,Понедельник,22:00,633,589,44,738,58,-105,-163
10931,hosp_covid_dis_covid_hours_for,88311,2021-12-06,Понедельник,23:00,675,625,50,745,58,-70,-128
10932,hosp_covid_dis_covid_hours_for,88313,2021-12-07,Вторник,01:00,23,23,0,4,1,19,18
10933,hosp_covid_dis_covid_hours_for,88314,2021-12-06,Понедельник,сутки,708,656,52,751,58,-43,-101
10934,hosp_covid_dis_covid_hours_for,88316,2021-12-07,Вторник,02:00,56,56,0,4,1,52,51
10935,hosp_covid_dis_covid_hours_for,88318,2021-12-07,Вторник,03:00,74,74,0,4,1,70,69
10936,hosp_covid_dis_covid_hours_for,88320,2021-12-07,Вторник,04:00,93,93,0,6,1,87,86
10937,hosp_covid_dis_covid_hours_for,88322,2021-12-07,Вторник,05:00,108,108,0,7,1,101,100
10938,hosp_covid_dis_covid_hours_for,88324,2021-12-07,Вторник,06:00,118,118,0,8,1,110,109
10939,hosp_covid_dis_covid_hours_for,88326,2021-12-07,Вторник,07:00,121,121,0,19,1,102,101
10940,hosp_covid_dis_covid_hours_for,88328,2021-12-07,Вторник,08:00,126,124,2,33,3,93,90
10941,hosp_covid_dis_covid_hours_for,88330,2021-12-07,Вторник,09:00,146,144,2,73,3,73,70
10942,hosp_covid_dis_covid_hours_for,88332,2021-12-07,Вторник,10:00,153,150,3,129,4,24,20
10943,hosp_covid_dis_covid_hours_for,88334,2021-12-07,Вторник,11:00,163,160,3,198,6,-35,-41
10944,hosp_covid_dis_covid_hours_for,88336,2021-12-07,Вторник,12:00,183,179,4,275,14,-92,-106
10945,hosp_covid_dis_covid_hours_for,88338,2021-12-07,Вторник,13:00,224,217,7,358,18,-134,-152
10946,hosp_covid_dis_covid_hours_for,88340,2021-12-07,Вторник,14:00,266,252,14,435,22,-169,-191
10947,hosp_covid_dis_covid_hours_for,88342,2021-12-07,Вторник,15:00,314,295,19,540,25,-226,-251
10948,hosp_covid_dis_covid_hours_for,88344,2021-12-07,Вторник,16:00,349,329,20,610,38,-261,-299
10949,hosp_covid_dis_covid_hours_for,88346,2021-12-07,Вторник,17:00,401,373,28,652,45,-251,-296
10950,hosp_covid_dis_covid_hours_for,88348,2021-12-07,Вторник,18:00,470,435,35,675,47,-205,-252
10951,hosp_covid_dis_covid_hours_for,88350,2021-12-07,Вторник,19:00,521,479,42,714,47,-193,-240
10952,hosp_covid_dis_covid_hours_for,88352,2021-12-07,Вторник,20:00,573,521,52,731,48,-158,-206
10953,hosp_covid_dis_covid_hours_for,88354,2021-12-07,Вторник,21:00,609,555,54,739,48,-130,-178
10954,hosp_covid_dis_covid_hours_for,88356,2021-12-07,Вторник,22:00,647,590,57,743,49,-96,-145
10955,hosp_covid_dis_covid_hours_for,88360,2021-12-07,Вторник,23:00,681,621,60,745,49,-64,-113
10956,hosp_covid_dis_covid_hours_for,88362,2021-12-08,Среда,01:00,13,13,0,6,1,7,6
10957,hosp_covid_dis_covid_hours_for,88363,2021-12-07,Вторник,сутки,715,653,62,754,50,-39,-89
10958,hosp_covid_dis_covid_hours_for,88365,2021-12-08,Среда,02:00,38,36,2,8,1,30,29
10959,hosp_covid_dis_covid_hours_for,88367,2021-12-08,Среда,03:00,60,58,2,9,1,51,50
10960,hosp_covid_dis_covid_hours_for,88369,2021-12-08,Среда,04:00,81,79,2,9,1,72,71
10961,hosp_covid_dis_covid_hours_for,88371,2021-12-08,Среда,05:00,99,97,2,9,1,90,89
10962,hosp_covid_dis_covid_hours_for,88373,2021-12-08,Среда,06:00,108,106,2,9,1,99,98
10963,hosp_covid_dis_covid_hours_for,88375,2021-12-08,Среда,07:00,109,107,2,12,1,97,96
10964,hosp_covid_dis_covid_hours_for,88377,2021-12-08,Среда,08:00,116,114,2,25,2,91,89
10965,hosp_covid_dis_covid_hours_for,88379,2021-12-08,Среда,09:00,121,119,2,62,5,59,54
10966,hosp_covid_dis_covid_hours_for,88381,2021-12-08,Среда,10:00,123,119,4,123,11,0,-11
10967,hosp_covid_dis_covid_hours_for,88383,2021-12-08,Среда,11:00,138,134,4,207,19,-69,-88
10968,hosp_covid_dis_covid_hours_for,88385,2021-12-08,Среда,12:00,175,171,4,285,22,-110,-132
10969,hosp_covid_dis_covid_hours_for,88387,2021-12-08,Среда,13:00,213,205,8,362,29,-149,-178
10970,hosp_covid_dis_covid_hours_for,88389,2021-12-08,Среда,14:00,249,233,16,435,33,-186,-219
10971,hosp_covid_dis_covid_hours_for,88391,2021-12-08,Среда,15:00,291,269,22,522,37,-231,-268
10972,hosp_covid_dis_covid_hours_for,88393,2021-12-08,Среда,16:00,348,315,33,593,40,-245,-285
10973,hosp_covid_dis_covid_hours_for,88395,2021-12-08,Среда,17:00,390,354,36,641,46,-251,-297
10974,hosp_covid_dis_covid_hours_for,88397,2021-12-08,Среда,18:00,442,397,45,695,46,-253,-299
10975,hosp_covid_dis_covid_hours_for,88399,2021-12-08,Среда,19:00,490,440,50,720,48,-230,-278
10976,hosp_covid_dis_covid_hours_for,88401,2021-12-08,Среда,20:00,523,471,52,727,50,-204,-254
10977,hosp_covid_dis_covid_hours_for,88403,2021-12-08,Среда,21:00,558,504,54,731,50,-173,-223
10978,hosp_covid_dis_covid_hours_for,88405,2021-12-08,Среда,22:00,591,533,58,735,50,-144,-194
10979,hosp_covid_dis_covid_hours_for,88409,2021-12-08,Среда,23:00,627,565,62,740,50,-113,-163
10980,hosp_covid_dis_covid_hours_for,88411,2021-12-09,Четверг,01:00,6,6,0,0,0,6,6
10981,hosp_covid_dis_covid_hours_for,88412,2021-12-08,Среда,сутки,647,584,63,744,50,-97,-147
10982,hosp_covid_dis_covid_hours_for,88414,2021-12-09,Четверг,02:00,29,29,0,4,0,25,25
10983,hosp_covid_dis_covid_hours_for,88416,2021-12-09,Четверг,03:00,43,42,1,4,0,39,39
10984,hosp_covid_dis_covid_hours_for,88418,2021-12-09,Четверг,04:00,54,53,1,4,0,50,50
10985,hosp_covid_dis_covid_hours_for,88420,2021-12-09,Четверг,05:00,62,61,1,9,0,53,53
10986,hosp_covid_dis_covid_hours_for,88422,2021-12-09,Четверг,06:00,69,68,1,10,0,59,59
10987,hosp_covid_dis_covid_hours_for,88424,2021-12-09,Четверг,07:00,73,72,1,16,0,57,57
10988,hosp_covid_dis_covid_hours_for,88426,2021-12-09,Четверг,08:00,78,77,1,28,1,50,49
10989,hosp_covid_dis_covid_hours_for,88428,2021-12-09,Четверг,09:00,90,89,1,61,7,29,22
10990,hosp_covid_dis_covid_hours_for,88430,2021-12-09,Четверг,10:00,95,92,3,132,12,-37,-49
10991,hosp_covid_dis_covid_hours_for,88432,2021-12-09,Четверг,11:00,103,98,5,228,13,-125,-138
10992,hosp_covid_dis_covid_hours_for,88434,2021-12-09,Четверг,12:00,129,121,8,293,19,-164,-183
10993,hosp_covid_dis_covid_hours_for,88436,2021-12-09,Четверг,13:00,160,150,10,385,27,-225,-252
10994,hosp_covid_dis_covid_hours_for,88438,2021-12-09,Четверг,14:00,198,183,15,458,34,-260,-294
10995,hosp_covid_dis_covid_hours_for,88440,2021-12-09,Четверг,15:00,252,226,26,513,32,-261,-293
10996,hosp_covid_dis_covid_hours_for,88442,2021-12-09,Четверг,16:00,287,254,33,552,34,-265,-299
10997,hosp_covid_dis_covid_hours_for,88444,2021-12-09,Четверг,17:00,324,284,40,587,42,-263,-305
10998,hosp_covid_dis_covid_hours_for,88446,2021-12-09,Четверг,18:00,387,343,44,621,44,-234,-278
10999,hosp_covid_dis_covid_hours_for,88448,2021-12-09,Четверг,19:00,438,389,49,641,44,-203,-247
11000,hosp_covid_dis_covid_hours_for,88450,2021-12-09,Четверг,20:00,485,432,53,650,44,-165,-209
11001,hosp_covid_dis_covid_hours_for,88452,2021-12-09,Четверг,21:00,534,472,62,651,44,-117,-161
11002,hosp_covid_dis_covid_hours_for,88454,2021-12-09,Четверг,22:00,573,506,67,656,45,-83,-128
11003,hosp_covid_dis_covid_hours_for,88458,2021-12-09,Четверг,23:00,599,529,70,662,47,-63,-110
11004,hosp_covid_dis_covid_hours_for,88460,2021-12-10,Пятница,01:00,12,12,0,0,0,12,12
11005,hosp_covid_dis_covid_hours_for,88461,2021-12-09,Четверг,сутки,628,554,74,668,47,-40,-87
11006,hosp_covid_dis_covid_hours_for,88463,2021-12-10,Пятница,02:00,33,33,0,3,0,30,30
11007,hosp_covid_dis_covid_hours_for,88465,2021-12-10,Пятница,03:00,43,43,0,3,0,40,40
11008,hosp_covid_dis_covid_hours_for,88467,2021-12-10,Пятница,04:00,51,51,0,9,0,42,42
11009,hosp_covid_dis_covid_hours_for,88469,2021-12-10,Пятница,05:00,58,58,0,9,0,49,49
11010,hosp_covid_dis_covid_hours_for,88471,2021-12-10,Пятница,06:00,61,61,0,12,0,49,49
11011,hosp_covid_dis_covid_hours_for,88473,2021-12-10,Пятница,07:00,62,62,0,20,1,42,41
11012,hosp_covid_dis_covid_hours_for,88475,2021-12-10,Пятница,08:00,65,65,0,36,2,29,27
11013,hosp_covid_dis_covid_hours_for,88477,2021-12-10,Пятница,09:00,87,87,0,82,4,5,1
11014,hosp_covid_dis_covid_hours_for,88479,2021-12-10,Пятница,10:00,89,89,0,150,10,-61,-71
11015,hosp_covid_dis_covid_hours_for,88481,2021-12-10,Пятница,11:00,99,99,0,228,14,-129,-143
11016,hosp_covid_dis_covid_hours_for,88483,2021-12-10,Пятница,12:00,123,123,0,304,25,-181,-206
11017,hosp_covid_dis_covid_hours_for,88485,2021-12-10,Пятница,13:00,164,160,4,399,28,-235,-263
11018,hosp_covid_dis_covid_hours_for,88487,2021-12-10,Пятница,14:00,206,199,7,487,36,-281,-317
11019,hosp_covid_dis_covid_hours_for,88489,2021-12-10,Пятница,15:00,246,236,10,551,38,-305,-343
11020,hosp_covid_dis_covid_hours_for,88491,2021-12-10,Пятница,16:00,288,274,14,628,43,-340,-383
11021,hosp_covid_dis_covid_hours_for,88493,2021-12-10,Пятница,17:00,325,307,18,708,45,-383,-428
11022,hosp_covid_dis_covid_hours_for,88495,2021-12-10,Пятница,18:00,366,343,23,760,45,-394,-439
11023,hosp_covid_dis_covid_hours_for,88497,2021-12-10,Пятница,19:00,423,393,30,805,45,-382,-427
11024,hosp_covid_dis_covid_hours_for,88499,2021-12-10,Пятница,20:00,460,424,36,842,45,-382,-427
11025,hosp_covid_dis_covid_hours_for,88501,2021-12-10,Пятница,21:00,491,453,38,845,46,-354,-400
11026,hosp_covid_dis_covid_hours_for,88503,2021-12-10,Пятница,22:00,523,480,43,852,46,-329,-375
11027,hosp_covid_dis_covid_hours_for,88507,2021-12-10,Пятница,23:00,549,505,44,858,47,-309,-356
11028,hosp_covid_dis_covid_hours_for,88509,2021-12-11,Суббота,01:00,19,19,0,7,0,12,12
11029,hosp_covid_dis_covid_hours_for,88510,2021-12-10,Пятница,сутки,582,535,47,861,47,-279,-326
11030,hosp_covid_dis_covid_hours_for,88512,2021-12-11,Суббота,02:00,44,43,1,12,0,32,32
11031,hosp_covid_dis_covid_hours_for,88514,2021-12-11,Суббота,03:00,56,55,1,15,0,41,41
11032,hosp_covid_dis_covid_hours_for,88516,2021-12-11,Суббота,04:00,84,83,1,18,0,66,66
11033,hosp_covid_dis_covid_hours_for,88518,2021-12-11,Суббота,05:00,89,88,1,18,0,71,71
11034,hosp_covid_dis_covid_hours_for,88520,2021-12-11,Суббота,06:00,93,92,1,20,0,73,73
11035,hosp_covid_dis_covid_hours_for,88522,2021-12-11,Суббота,07:00,99,98,1,24,0,75,75
11036,hosp_covid_dis_covid_hours_for,88524,2021-12-11,Суббота,08:00,104,103,1,43,0,61,61
11037,hosp_covid_dis_covid_hours_for,88526,2021-12-11,Суббота,09:00,106,105,1,61,2,45,43
11038,hosp_covid_dis_covid_hours_for,88528,2021-12-11,Суббота,10:00,112,111,1,113,8,-1,-9
11039,hosp_covid_dis_covid_hours_for,88530,2021-12-11,Суббота,11:00,124,122,2,167,13,-43,-56
11040,hosp_covid_dis_covid_hours_for,88532,2021-12-11,Суббота,12:00,146,144,2,236,24,-90,-114
11041,hosp_covid_dis_covid_hours_for,88534,2021-12-11,Суббота,13:00,180,174,6,274,31,-94,-125
11042,hosp_covid_dis_covid_hours_for,88536,2021-12-11,Суббота,14:00,221,207,14,321,34,-100,-134
11043,hosp_covid_dis_covid_hours_for,88538,2021-12-11,Суббота,15:00,253,237,16,340,35,-87,-122
11044,hosp_covid_dis_covid_hours_for,88540,2021-12-11,Суббота,16:00,281,265,16,357,35,-76,-111
11045,hosp_covid_dis_covid_hours_for,88542,2021-12-11,Суббота,17:00,319,296,23,369,35,-50,-85
11046,hosp_covid_dis_covid_hours_for,88544,2021-12-11,Суббота,18:00,346,323,23,372,35,-26,-61
11047,hosp_covid_dis_covid_hours_for,88546,2021-12-11,Суббота,19:00,409,383,26,387,35,22,-13
11048,hosp_covid_dis_covid_hours_for,88548,2021-12-11,Суббота,20:00,447,420,27,427,36,20,-16
11049,hosp_covid_dis_covid_hours_for,88550,2021-12-11,Суббота,21:00,488,457,31,434,36,54,18
11050,hosp_covid_dis_covid_hours_for,88552,2021-12-11,Суббота,22:00,505,473,32,437,37,68,31
11051,hosp_covid_dis_covid_hours_for,88556,2021-12-11,Суббота,23:00,544,509,35,442,37,102,65
11052,hosp_covid_dis_covid_hours_for,88558,2021-12-12,Воскресенье,01:00,12,12,0,2,0,10,10
11053,hosp_covid_dis_covid_hours_for,88559,2021-12-11,Суббота,сутки,567,531,36,445,37,122,85
11054,hosp_covid_dis_covid_hours_for,88561,2021-12-12,Воскресенье,02:00,19,19,0,2,0,17,17
11055,hosp_covid_dis_covid_hours_for,88563,2021-12-12,Воскресенье,03:00,35,34,1,2,0,33,33
11056,hosp_covid_dis_covid_hours_for,88565,2021-12-12,Воскресенье,04:00,40,39,1,4,0,36,36
11057,hosp_covid_dis_covid_hours_for,88567,2021-12-12,Воскресенье,05:00,45,44,1,5,1,40,39
11058,hosp_covid_dis_covid_hours_for,88569,2021-12-12,Воскресенье,06:00,46,45,1,6,1,40,39
11059,hosp_covid_dis_covid_hours_for,88571,2021-12-12,Воскресенье,07:00,52,51,1,13,1,39,38
11060,hosp_covid_dis_covid_hours_for,88573,2021-12-12,Воскресенье,08:00,56,55,1,29,1,27,26
11061,hosp_covid_dis_covid_hours_for,88575,2021-12-12,Воскресенье,09:00,59,58,1,57,3,2,-1
11062,hosp_covid_dis_covid_hours_for,88577,2021-12-12,Воскресенье,10:00,60,59,1,104,5,-44,-49
11063,hosp_covid_dis_covid_hours_for,88579,2021-12-12,Воскресенье,11:00,64,63,1,148,8,-84,-92
11064,hosp_covid_dis_covid_hours_for,88581,2021-12-12,Воскресенье,12:00,76,75,1,186,16,-110,-126
11065,hosp_covid_dis_covid_hours_for,88583,2021-12-12,Воскресенье,13:00,106,105,1,217,21,-111,-132
11066,hosp_covid_dis_covid_hours_for,88585,2021-12-12,Воскресенье,14:00,136,133,3,243,27,-107,-134
11067,hosp_covid_dis_covid_hours_for,88587,2021-12-12,Воскресенье,15:00,171,165,6,263,28,-92,-120
11068,hosp_covid_dis_covid_hours_for,88589,2021-12-12,Воскресенье,16:00,197,189,8,279,32,-82,-114
11069,hosp_covid_dis_covid_hours_for,88591,2021-12-12,Воскресенье,17:00,219,207,12,288,33,-69,-102
11070,hosp_covid_dis_covid_hours_for,88593,2021-12-12,Воскресенье,18:00,253,239,14,294,34,-41,-75
11071,hosp_covid_dis_covid_hours_for,88595,2021-12-12,Воскресенье,19:00,281,264,17,300,34,-19,-53
11072,hosp_covid_dis_covid_hours_for,88597,2021-12-12,Воскресенье,20:00,303,284,19,308,34,-5,-39
11073,hosp_covid_dis_covid_hours_for,88599,2021-12-12,Воскресенье,21:00,324,305,19,313,34,11,-23
11074,hosp_covid_dis_covid_hours_for,88601,2021-12-12,Воскресенье,22:00,345,324,21,314,34,31,-3
11075,hosp_covid_dis_covid_hours_for,88605,2021-12-12,Воскресенье,23:00,373,352,21,319,34,54,20
11076,hosp_covid_dis_covid_hours_for,88607,2021-12-13,Понедельник,01:00,14,13,1,4,0,10,10
11077,hosp_covid_dis_covid_hours_for,88608,2021-12-12,Воскресенье,сутки,395,373,22,325,34,70,36
11078,hosp_covid_dis_covid_hours_for,88610,2021-12-13,Понедельник,02:00,27,26,1,4,0,23,23
11079,hosp_covid_dis_covid_hours_for,88612,2021-12-13,Понедельник,03:00,40,39,1,6,0,34,34
11080,hosp_covid_dis_covid_hours_for,88614,2021-12-13,Понедельник,04:00,49,48,1,9,0,40,40
11081,hosp_covid_dis_covid_hours_for,88616,2021-12-13,Понедельник,05:00,55,54,1,9,0,46,46
11082,hosp_covid_dis_covid_hours_for,88618,2021-12-13,Понедельник,06:00,60,59,1,11,0,49,49
11083,hosp_covid_dis_covid_hours_for,88620,2021-12-13,Понедельник,07:00,64,63,1,15,0,49,49
11084,hosp_covid_dis_covid_hours_for,88622,2021-12-13,Понедельник,08:00,67,66,1,30,1,37,36
11085,hosp_covid_dis_covid_hours_for,88624,2021-12-13,Понедельник,09:00,76,75,1,45,3,31,28
11086,hosp_covid_dis_covid_hours_for,88626,2021-12-13,Понедельник,10:00,78,77,1,92,5,-14,-19
11087,hosp_covid_dis_covid_hours_for,88628,2021-12-13,Понедельник,11:00,96,93,3,161,6,-65,-71
11088,hosp_covid_dis_covid_hours_for,88630,2021-12-13,Понедельник,12:00,117,110,7,257,15,-140,-155
11089,hosp_covid_dis_covid_hours_for,88632,2021-12-13,Понедельник,13:00,150,139,11,333,20,-183,-203
11090,hosp_covid_dis_covid_hours_for,88634,2021-12-13,Понедельник,14:00,192,173,19,445,25,-253,-278
11091,hosp_covid_dis_covid_hours_for,88636,2021-12-13,Понедельник,15:00,233,213,20,549,27,-316,-343
11092,hosp_covid_dis_covid_hours_for,88638,2021-12-13,Понедельник,16:00,274,247,27,625,32,-351,-383
11093,hosp_covid_dis_covid_hours_for,88640,2021-12-13,Понедельник,17:00,319,286,33,664,39,-345,-384
11094,hosp_covid_dis_covid_hours_for,88642,2021-12-13,Понедельник,18:00,362,322,40,690,41,-328,-369
11095,hosp_covid_dis_covid_hours_for,88644,2021-12-13,Понедельник,19:00,410,364,46,729,42,-319,-361
11096,hosp_covid_dis_covid_hours_for,88646,2021-12-13,Понедельник,20:00,457,407,50,762,43,-305,-348
11097,hosp_covid_dis_covid_hours_for,88648,2021-12-13,Понедельник,21:00,510,460,50,768,44,-258,-302
11098,hosp_covid_dis_covid_hours_for,88650,2021-12-13,Понедельник,22:00,546,494,52,774,46,-228,-274
11099,hosp_covid_dis_covid_hours_for,88654,2021-12-13,Понедельник,23:00,584,532,52,775,46,-191,-237
11100,hosp_covid_dis_covid_hours_for,88656,2021-12-14,Вторник,01:00,11,10,1,2,0,9,9
11101,hosp_covid_dis_covid_hours_for,88657,2021-12-13,Понедельник,сутки,609,554,55,781,46,-172,-218
11102,hosp_covid_dis_covid_hours_for,88659,2021-12-14,Вторник,02:00,36,35,1,10,0,26,26
11103,hosp_covid_dis_covid_hours_for,88661,2021-12-14,Вторник,03:00,55,52,3,13,1,42,41
11104,hosp_covid_dis_covid_hours_for,88663,2021-12-14,Вторник,04:00,69,66,3,14,1,55,54
11105,hosp_covid_dis_covid_hours_for,88665,2021-12-14,Вторник,05:00,81,78,3,14,1,67,66
11106,hosp_covid_dis_covid_hours_for,88667,2021-12-14,Вторник,06:00,93,89,4,14,1,79,78
11107,hosp_covid_dis_covid_hours_for,88669,2021-12-14,Вторник,07:00,100,96,4,18,1,82,81
11108,hosp_covid_dis_covid_hours_for,88671,2021-12-14,Вторник,08:00,105,100,5,27,2,78,76
11109,hosp_covid_dis_covid_hours_for,88673,2021-12-14,Вторник,09:00,125,120,5,46,2,79,77
11110,hosp_covid_dis_covid_hours_for,88675,2021-12-14,Вторник,10:00,129,123,6,143,3,-14,-17
11111,hosp_covid_dis_covid_hours_for,88677,2021-12-14,Вторник,11:00,142,134,8,217,7,-75,-82
11112,hosp_covid_dis_covid_hours_for,88679,2021-12-14,Вторник,12:00,167,157,10,287,15,-120,-135
11113,hosp_covid_dis_covid_hours_for,88681,2021-12-14,Вторник,13:00,204,188,16,376,26,-172,-198
11114,hosp_covid_dis_covid_hours_for,88683,2021-12-14,Вторник,14:00,240,222,18,469,30,-229,-259
11115,hosp_covid_dis_covid_hours_for,88685,2021-12-14,Вторник,15:00,283,259,24,547,32,-264,-296
11116,hosp_covid_dis_covid_hours_for,88687,2021-12-14,Вторник,16:00,319,289,30,620,38,-301,-339
11117,hosp_covid_dis_covid_hours_for,88689,2021-12-14,Вторник,17:00,355,320,35,661,38,-306,-344
11118,hosp_covid_dis_covid_hours_for,88691,2021-12-14,Вторник,18:00,403,365,38,713,40,-310,-350
11119,hosp_covid_dis_covid_hours_for,88693,2021-12-14,Вторник,19:00,445,400,45,733,41,-288,-329
11120,hosp_covid_dis_covid_hours_for,88695,2021-12-14,Вторник,20:00,494,446,48,739,42,-245,-287
11121,hosp_covid_dis_covid_hours_for,88697,2021-12-14,Вторник,21:00,529,478,51,743,43,-214,-257
11122,hosp_covid_dis_covid_hours_for,88699,2021-12-14,Вторник,22:00,558,503,55,746,44,-188,-232
11123,hosp_covid_dis_covid_hours_for,88703,2021-12-14,Вторник,23:00,583,525,58,755,46,-172,-218
11124,hosp_covid_dis_covid_hours_for,88705,2021-12-15,Среда,01:00,15,15,0,1,0,14,14
11125,hosp_covid_dis_covid_hours_for,88706,2021-12-14,Вторник,сутки,611,553,58,757,46,-146,-192
11126,hosp_covid_dis_covid_hours_for,88708,2021-12-15,Среда,02:00,39,38,1,1,0,38,38
11127,hosp_covid_dis_covid_hours_for,88710,2021-12-15,Среда,03:00,58,57,1,1,0,57,57
11128,hosp_covid_dis_covid_hours_for,88712,2021-12-15,Среда,04:00,73,72,1,6,0,67,67
11129,hosp_covid_dis_covid_hours_for,88714,2021-12-15,Среда,05:00,80,79,1,14,0,66,66
11130,hosp_covid_dis_covid_hours_for,88716,2021-12-15,Среда,06:00,84,83,1,20,0,64,64
11131,hosp_covid_dis_covid_hours_for,88718,2021-12-15,Среда,07:00,85,84,1,26,0,59,59
11132,hosp_covid_dis_covid_hours_for,88720,2021-12-15,Среда,08:00,88,87,1,43,3,45,42
11133,hosp_covid_dis_covid_hours_for,88722,2021-12-15,Среда,09:00,104,103,1,65,6,39,33
11134,hosp_covid_dis_covid_hours_for,88724,2021-12-15,Среда,10:00,108,107,1,128,11,-20,-31
11135,hosp_covid_dis_covid_hours_for,88726,2021-12-15,Среда,11:00,117,116,1,208,14,-91,-105
11136,hosp_covid_dis_covid_hours_for,88728,2021-12-15,Среда,12:00,147,145,2,283,23,-136,-159
11137,hosp_covid_dis_covid_hours_for,88730,2021-12-15,Среда,13:00,183,179,4,367,31,-184,-215
11138,hosp_covid_dis_covid_hours_for,88732,2021-12-15,Среда,14:00,224,218,6,460,39,-236,-275
11139,hosp_covid_dis_covid_hours_for,88734,2021-12-15,Среда,15:00,269,255,14,546,44,-277,-321
11140,hosp_covid_dis_covid_hours_for,88736,2021-12-15,Среда,16:00,320,304,16,609,44,-289,-333
11141,hosp_covid_dis_covid_hours_for,88738,2021-12-15,Среда,17:00,374,351,23,656,50,-282,-332
11142,hosp_covid_dis_covid_hours_for,88740,2021-12-15,Среда,18:00,411,382,29,682,51,-271,-322
11143,hosp_covid_dis_covid_hours_for,88742,2021-12-15,Среда,19:00,455,422,33,706,52,-251,-303
11144,hosp_covid_dis_covid_hours_for,88744,2021-12-15,Среда,20:00,501,464,37,709,54,-208,-262
11145,hosp_covid_dis_covid_hours_for,88746,2021-12-15,Среда,21:00,540,500,40,713,55,-173,-228
11146,hosp_covid_dis_covid_hours_for,88748,2021-12-15,Среда,22:00,572,530,42,713,55,-141,-196
11147,hosp_covid_dis_covid_hours_for,88752,2021-12-15,Среда,23:00,605,562,43,714,56,-109,-165
11148,hosp_covid_dis_covid_hours_for,88754,2021-12-16,Четверг,01:00,19,18,1,2,0,17,17
11149,hosp_covid_dis_covid_hours_for,88755,2021-12-15,Среда,сутки,638,595,43,716,56,-78,-134
11150,hosp_covid_dis_covid_hours_for,88757,2021-12-16,Четверг,02:00,40,38,2,8,0,32,32
11151,hosp_covid_dis_covid_hours_for,88759,2021-12-16,Четверг,03:00,62,60,2,10,0,52,52
11152,hosp_covid_dis_covid_hours_for,88761,2021-12-16,Четверг,04:00,77,75,2,11,0,66,66
11153,hosp_covid_dis_covid_hours_for,88763,2021-12-16,Четверг,05:00,86,84,2,13,0,73,73
11154,hosp_covid_dis_covid_hours_for,88765,2021-12-16,Четверг,06:00,90,88,2,15,0,75,75
11155,hosp_covid_dis_covid_hours_for,88767,2021-12-16,Четверг,07:00,91,89,2,26,0,65,65
11156,hosp_covid_dis_covid_hours_for,88769,2021-12-16,Четверг,08:00,96,93,3,43,0,53,53
11157,hosp_covid_dis_covid_hours_for,88771,2021-12-16,Четверг,09:00,117,114,3,68,2,49,47
11158,hosp_covid_dis_covid_hours_for,88773,2021-12-16,Четверг,10:00,123,119,4,125,4,-2,-6
11159,hosp_covid_dis_covid_hours_for,88775,2021-12-16,Четверг,11:00,135,130,5,204,7,-69,-76
11160,hosp_covid_dis_covid_hours_for,88777,2021-12-16,Четверг,12:00,173,165,8,294,13,-121,-134
11161,hosp_covid_dis_covid_hours_for,88779,2021-12-16,Четверг,13:00,206,196,10,388,24,-182,-206
11162,hosp_covid_dis_covid_hours_for,88781,2021-12-16,Четверг,14:00,242,227,15,481,34,-239,-273
11163,hosp_covid_dis_covid_hours_for,88783,2021-12-16,Четверг,15:00,296,273,23,526,39,-230,-269
11164,hosp_covid_dis_covid_hours_for,88785,2021-12-16,Четверг,16:00,329,302,27,553,40,-224,-264
11165,hosp_covid_dis_covid_hours_for,88787,2021-12-16,Четверг,17:00,391,355,36,599,41,-208,-249
11166,hosp_covid_dis_covid_hours_for,88789,2021-12-16,Четверг,18:00,423,382,41,620,42,-197,-239
11167,hosp_covid_dis_covid_hours_for,88791,2021-12-16,Четверг,19:00,483,434,49,642,42,-159,-201
11168,hosp_covid_dis_covid_hours_for,88793,2021-12-16,Четверг,20:00,517,467,50,652,42,-135,-177
11169,hosp_covid_dis_covid_hours_for,88795,2021-12-16,Четверг,21:00,546,488,58,660,42,-114,-156
11170,hosp_covid_dis_covid_hours_for,88797,2021-12-16,Четверг,22:00,581,522,59,662,42,-81,-123
11171,hosp_covid_dis_covid_hours_for,88801,2021-12-16,Четверг,23:00,619,558,61,666,43,-47,-90
11172,hosp_covid_dis_covid_hours_for,88803,2021-12-17,Пятница,01:00,13,13,0,9,0,4,4
11173,hosp_covid_dis_covid_hours_for,88804,2021-12-16,Четверг,сутки,649,584,65,671,43,-22,-65
11174,hosp_covid_dis_covid_hours_for,88806,2021-12-17,Пятница,02:00,41,41,0,9,0,32,32
11175,hosp_covid_dis_covid_hours_for,88808,2021-12-17,Пятница,03:00,54,53,1,12,0,42,42
11176,hosp_covid_dis_covid_hours_for,88810,2021-12-17,Пятница,04:00,69,67,2,12,0,57,57
11177,hosp_covid_dis_covid_hours_for,88812,2021-12-17,Пятница,05:00,79,77,2,19,0,60,60
11178,hosp_covid_dis_covid_hours_for,88814,2021-12-17,Пятница,06:00,84,82,2,20,0,64,64
11179,hosp_covid_dis_covid_hours_for,88816,2021-12-17,Пятница,07:00,86,84,2,30,0,56,56
11180,hosp_covid_dis_covid_hours_for,88818,2021-12-17,Пятница,08:00,100,97,3,49,0,51,51
11181,hosp_covid_dis_covid_hours_for,88820,2021-12-17,Пятница,09:00,100,97,3,89,1,11,10
11182,hosp_covid_dis_covid_hours_for,88822,2021-12-17,Пятница,10:00,101,98,3,159,3,-58,-61
11183,hosp_covid_dis_covid_hours_for,88824,2021-12-17,Пятница,11:00,119,116,3,247,8,-128,-136
11184,hosp_covid_dis_covid_hours_for,88826,2021-12-17,Пятница,12:00,145,141,4,333,12,-188,-200
11185,hosp_covid_dis_covid_hours_for,88828,2021-12-17,Пятница,13:00,196,188,8,428,22,-232,-254
11186,hosp_covid_dis_covid_hours_for,88830,2021-12-17,Пятница,14:00,238,229,9,516,31,-278,-309
11187,hosp_covid_dis_covid_hours_for,88832,2021-12-17,Пятница,15:00,274,256,18,590,38,-316,-354
11188,hosp_covid_dis_covid_hours_for,88834,2021-12-17,Пятница,16:00,318,296,22,645,43,-327,-370
11189,hosp_covid_dis_covid_hours_for,88836,2021-12-17,Пятница,17:00,361,332,29,679,44,-318,-362
11190,hosp_covid_dis_covid_hours_for,88838,2021-12-17,Пятница,18:00,408,376,32,707,45,-299,-344
11191,hosp_covid_dis_covid_hours_for,88840,2021-12-17,Пятница,19:00,448,411,37,743,45,-295,-340
11192,hosp_covid_dis_covid_hours_for,88842,2021-12-17,Пятница,20:00,509,465,44,759,46,-250,-296
11193,hosp_covid_dis_covid_hours_for,88844,2021-12-17,Пятница,21:00,552,506,46,766,47,-214,-261
11194,hosp_covid_dis_covid_hours_for,88846,2021-12-17,Пятница,22:00,589,540,49,769,47,-180,-227
11195,hosp_covid_dis_covid_hours_for,88850,2021-12-17,Пятница,23:00,623,564,59,776,48,-153,-201
11196,hosp_covid_dis_covid_hours_for,88852,2021-12-18,Суббота,01:00,14,13,1,1,0,13,13
11197,hosp_covid_dis_covid_hours_for,88853,2021-12-17,Пятница,сутки,657,597,60,779,49,-122,-171
11198,hosp_covid_dis_covid_hours_for,88855,2021-12-18,Суббота,02:00,31,30,1,4,0,27,27
11199,hosp_covid_dis_covid_hours_for,88857,2021-12-18,Суббота,03:00,48,47,1,8,1,40,39
11200,hosp_covid_dis_covid_hours_for,88859,2021-12-18,Суббота,04:00,60,59,1,12,1,48,47
11201,hosp_covid_dis_covid_hours_for,88861,2021-12-18,Суббота,05:00,71,70,1,14,1,57,56
11202,hosp_covid_dis_covid_hours_for,88863,2021-12-18,Суббота,06:00,76,75,1,16,1,60,59
11203,hosp_covid_dis_covid_hours_for,88865,2021-12-18,Суббота,07:00,81,80,1,24,1,57,56
11204,hosp_covid_dis_covid_hours_for,88867,2021-12-18,Суббота,08:00,83,82,1,37,3,46,43
11205,hosp_covid_dis_covid_hours_for,88869,2021-12-18,Суббота,09:00,89,87,2,83,9,6,-3
11206,hosp_covid_dis_covid_hours_for,88871,2021-12-18,Суббота,10:00,94,91,3,134,10,-40,-50
11207,hosp_covid_dis_covid_hours_for,88873,2021-12-18,Суббота,11:00,102,99,3,175,11,-73,-84
11208,hosp_covid_dis_covid_hours_for,88875,2021-12-18,Суббота,12:00,124,119,5,226,19,-102,-121
11209,hosp_covid_dis_covid_hours_for,88877,2021-12-18,Суббота,13:00,154,144,10,276,27,-122,-149
11210,hosp_covid_dis_covid_hours_for,88879,2021-12-18,Суббота,14:00,180,170,10,318,28,-138,-166
11211,hosp_covid_dis_covid_hours_for,88881,2021-12-18,Суббота,15:00,205,194,11,344,30,-139,-169
11212,hosp_covid_dis_covid_hours_for,88883,2021-12-18,Суббота,16:00,242,228,14,355,36,-113,-149
11213,hosp_covid_dis_covid_hours_for,88885,2021-12-18,Суббота,17:00,281,266,15,365,39,-84,-123
11214,hosp_covid_dis_covid_hours_for,88887,2021-12-18,Суббота,18:00,310,293,17,379,39,-69,-108
11215,hosp_covid_dis_covid_hours_for,88889,2021-12-18,Суббота,19:00,343,320,23,389,39,-46,-85
11216,hosp_covid_dis_covid_hours_for,88891,2021-12-18,Суббота,20:00,379,353,26,398,39,-19,-58
11217,hosp_covid_dis_covid_hours_for,88893,2021-12-18,Суббота,21:00,402,374,28,408,41,-6,-47
11218,hosp_covid_dis_covid_hours_for,88895,2021-12-18,Суббота,22:00,431,403,28,410,42,21,-21
11219,hosp_covid_dis_covid_hours_for,88899,2021-12-18,Суббота,23:00,454,425,29,415,42,39,-3
11220,hosp_covid_dis_covid_hours_for,88901,2021-12-19,Воскресенье,01:00,6,5,1,3,0,3,3
11221,hosp_covid_dis_covid_hours_for,88902,2021-12-18,Суббота,сутки,484,454,30,418,42,66,24
11222,hosp_covid_dis_covid_hours_for,88904,2021-12-19,Воскресенье,02:00,22,20,2,11,0,11,11
11223,hosp_covid_dis_covid_hours_for,88906,2021-12-19,Воскресенье,03:00,34,34,0,16,1,18,17
11224,hosp_covid_dis_covid_hours_for,88908,2021-12-19,Воскресенье,04:00,47,47,0,17,1,30,29
11225,hosp_covid_dis_covid_hours_for,88910,2021-12-19,Воскресенье,05:00,59,59,0,17,1,42,41
11226,hosp_covid_dis_covid_hours_for,88912,2021-12-19,Воскресенье,06:00,63,63,0,18,1,45,44
11227,hosp_covid_dis_covid_hours_for,88914,2021-12-19,Воскресенье,07:00,68,68,0,21,1,47,46
11228,hosp_covid_dis_covid_hours_for,88916,2021-12-19,Воскресенье,08:00,72,72,0,31,3,41,38
11229,hosp_covid_dis_covid_hours_for,88918,2021-12-19,Воскресенье,09:00,78,78,0,57,4,21,17
11230,hosp_covid_dis_covid_hours_for,88920,2021-12-19,Воскресенье,10:00,81,81,0,79,10,2,-8
11231,hosp_covid_dis_covid_hours_for,88922,2021-12-19,Воскресенье,11:00,94,94,0,125,11,-31,-42
11232,hosp_covid_dis_covid_hours_for,88924,2021-12-19,Воскресенье,12:00,115,113,2,170,20,-55,-75
11233,hosp_covid_dis_covid_hours_for,88926,2021-12-19,Воскресенье,13:00,146,141,5,225,22,-79,-101
11234,hosp_covid_dis_covid_hours_for,88928,2021-12-19,Воскресенье,14:00,174,165,9,253,24,-79,-103
11235,hosp_covid_dis_covid_hours_for,88930,2021-12-19,Воскресенье,15:00,205,195,10,265,28,-60,-88
11236,hosp_covid_dis_covid_hours_for,88932,2021-12-19,Воскресенье,16:00,232,220,12,270,31,-38,-69
11237,hosp_covid_dis_covid_hours_for,88934,2021-12-19,Воскресенье,17:00,270,258,12,282,34,-12,-46
11238,hosp_covid_dis_covid_hours_for,88936,2021-12-19,Воскресенье,18:00,294,281,13,289,42,5,-37
11239,hosp_covid_dis_covid_hours_for,88938,2021-12-19,Воскресенье,19:00,331,312,19,298,42,33,-9
11240,hosp_covid_dis_covid_hours_for,88940,2021-12-19,Воскресенье,20:00,356,336,20,305,43,51,8
11241,hosp_covid_dis_covid_hours_for,88942,2021-12-19,Воскресенье,21:00,385,365,20,310,44,75,31
11242,hosp_covid_dis_covid_hours_for,88944,2021-12-19,Воскресенье,22:00,412,390,22,319,44,93,49
11243,hosp_covid_dis_covid_hours_for,88948,2021-12-19,Воскресенье,23:00,430,406,24,324,44,106,62
11244,hosp_covid_dis_covid_hours_for,88950,2021-12-20,Понедельник,01:00,13,13,0,1,0,12,12
11245,hosp_covid_dis_covid_hours_for,88951,2021-12-19,Воскресенье,сутки,446,421,25,326,44,120,76
11246,hosp_covid_dis_covid_hours_for,88953,2021-12-20,Понедельник,02:00,40,40,0,9,0,31,31
11247,hosp_covid_dis_covid_hours_for,88955,2021-12-20,Понедельник,03:00,59,59,0,9,0,50,50
11248,hosp_covid_dis_covid_hours_for,88957,2021-12-20,Понедельник,04:00,63,63,0,9,0,54,54
11249,hosp_covid_dis_covid_hours_for,88959,2021-12-20,Понедельник,05:00,68,68,0,9,0,59,59
11250,hosp_covid_dis_covid_hours_for,88961,2021-12-20,Понедельник,06:00,76,76,0,9,0,67,67
11251,hosp_covid_dis_covid_hours_for,88963,2021-12-20,Понедельник,07:00,79,79,0,15,0,64,64
11252,hosp_covid_dis_covid_hours_for,88965,2021-12-20,Понедельник,08:00,84,84,0,36,0,48,48
11253,hosp_covid_dis_covid_hours_for,88967,2021-12-20,Понедельник,09:00,87,87,0,55,4,32,28
11254,hosp_covid_dis_covid_hours_for,88969,2021-12-20,Понедельник,10:00,94,94,0,120,4,-26,-30
11255,hosp_covid_dis_covid_hours_for,88971,2021-12-20,Понедельник,11:00,101,101,0,193,11,-92,-103
11256,hosp_covid_dis_covid_hours_for,88973,2021-12-20,Понедельник,12:00,123,120,3,265,22,-142,-164
11257,hosp_covid_dis_covid_hours_for,88975,2021-12-20,Понедельник,13:00,151,146,5,353,27,-202,-229
11258,hosp_covid_dis_covid_hours_for,88977,2021-12-20,Понедельник,14:00,195,189,6,417,30,-222,-252
11259,hosp_covid_dis_covid_hours_for,88979,2021-12-20,Понедельник,15:00,229,220,9,526,36,-297,-333
11260,hosp_covid_dis_covid_hours_for,88981,2021-12-20,Понедельник,16:00,267,255,12,564,42,-297,-339
11261,hosp_covid_dis_covid_hours_for,88983,2021-12-20,Понедельник,17:00,312,295,17,612,44,-300,-344
11262,hosp_covid_dis_covid_hours_for,88985,2021-12-20,Понедельник,18:00,368,343,25,654,46,-286,-332
11263,hosp_covid_dis_covid_hours_for,88987,2021-12-20,Понедельник,19:00,415,385,30,666,46,-251,-297
11264,hosp_covid_dis_covid_hours_for,88989,2021-12-20,Понедельник,20:00,468,436,32,689,46,-221,-267
11265,hosp_covid_dis_covid_hours_for,88991,2021-12-20,Понедельник,21:00,501,467,34,694,46,-193,-239
11266,hosp_covid_dis_covid_hours_for,88993,2021-12-20,Понедельник,22:00,537,498,39,701,47,-164,-211
11267,hosp_covid_dis_covid_hours_for,88997,2021-12-20,Понедельник,23:00,577,531,46,703,47,-126,-173
11268,hosp_covid_dis_covid_hours_for,88999,2021-12-21,Вторник,01:00,14,14,0,1,0,13,13
11269,hosp_covid_dis_covid_hours_for,89000,2021-12-20,Понедельник,сутки,613,564,49,710,47,-97,-144
11270,hosp_covid_dis_covid_hours_for,89002,2021-12-21,Вторник,02:00,36,35,1,6,0,30,30
11271,hosp_covid_dis_covid_hours_for,89004,2021-12-21,Вторник,03:00,54,53,1,12,2,42,40
11272,hosp_covid_dis_covid_hours_for,89006,2021-12-21,Вторник,04:00,74,73,1,13,2,61,59
11273,hosp_covid_dis_covid_hours_for,89008,2021-12-21,Вторник,05:00,91,90,1,14,2,77,75
11274,hosp_covid_dis_covid_hours_for,89010,2021-12-21,Вторник,06:00,100,99,1,15,2,85,83
11275,hosp_covid_dis_covid_hours_for,89012,2021-12-21,Вторник,07:00,110,109,1,28,2,82,80
11276,hosp_covid_dis_covid_hours_for,89014,2021-12-21,Вторник,08:00,119,118,1,42,2,77,75
11277,hosp_covid_dis_covid_hours_for,89016,2021-12-21,Вторник,09:00,131,130,1,70,9,61,52
11278,hosp_covid_dis_covid_hours_for,89018,2021-12-21,Вторник,10:00,135,134,1,136,12,-1,-13
11279,hosp_covid_dis_covid_hours_for,89020,2021-12-21,Вторник,11:00,144,143,1,193,18,-49,-67
11280,hosp_covid_dis_covid_hours_for,89022,2021-12-21,Вторник,12:00,176,170,6,273,29,-97,-126
11281,hosp_covid_dis_covid_hours_for,89024,2021-12-21,Вторник,13:00,206,196,10,384,36,-178,-214
11282,hosp_covid_dis_covid_hours_for,89026,2021-12-21,Вторник,14:00,244,230,14,474,41,-230,-271
11283,hosp_covid_dis_covid_hours_for,89028,2021-12-21,Вторник,15:00,282,263,19,551,47,-269,-316
11284,hosp_covid_dis_covid_hours_for,89030,2021-12-21,Вторник,16:00,314,295,19,594,53,-280,-333
11285,hosp_covid_dis_covid_hours_for,89032,2021-12-21,Вторник,17:00,337,316,21,628,54,-291,-345
11286,hosp_covid_dis_covid_hours_for,89034,2021-12-21,Вторник,18:00,382,361,21,668,55,-286,-341
11287,hosp_covid_dis_covid_hours_for,89036,2021-12-21,Вторник,19:00,439,416,23,703,56,-264,-320
11288,hosp_covid_dis_covid_hours_for,89038,2021-12-21,Вторник,20:00,483,453,30,722,56,-239,-295
11289,hosp_covid_dis_covid_hours_for,89040,2021-12-21,Вторник,21:00,511,476,35,731,56,-220,-276
11290,hosp_covid_dis_covid_hours_for,89042,2021-12-21,Вторник,22:00,537,500,37,733,57,-196,-253
11291,hosp_covid_dis_covid_hours_for,89046,2021-12-21,Вторник,23:00,558,518,40,736,57,-178,-235
11292,hosp_covid_dis_covid_hours_for,89048,2021-12-22,Среда,01:00,13,13,0,2,0,11,11
11293,hosp_covid_dis_covid_hours_for,89049,2021-12-21,Вторник,сутки,589,545,44,739,57,-150,-207
11294,hosp_covid_dis_covid_hours_for,89051,2021-12-22,Среда,02:00,28,28,0,3,1,25,24
11295,hosp_covid_dis_covid_hours_for,89053,2021-12-22,Среда,03:00,39,39,0,4,1,35,34
11296,hosp_covid_dis_covid_hours_for,89055,2021-12-22,Среда,04:00,49,49,0,4,1,45,44
11297,hosp_covid_dis_covid_hours_for,89057,2021-12-22,Среда,05:00,50,50,0,4,1,46,45
11298,hosp_covid_dis_covid_hours_for,89059,2021-12-22,Среда,06:00,53,53,0,15,1,38,37
11299,hosp_covid_dis_covid_hours_for,89061,2021-12-22,Среда,07:00,55,55,0,19,1,36,35
11300,hosp_covid_dis_covid_hours_for,89063,2021-12-22,Среда,08:00,61,61,0,27,4,34,30
11301,hosp_covid_dis_covid_hours_for,89065,2021-12-22,Среда,09:00,67,67,0,59,7,8,1
11302,hosp_covid_dis_covid_hours_for,89067,2021-12-22,Среда,10:00,70,69,1,120,8,-50,-58
11303,hosp_covid_dis_covid_hours_for,89069,2021-12-22,Среда,11:00,82,80,2,181,13,-99,-112
11304,hosp_covid_dis_covid_hours_for,89071,2021-12-22,Среда,12:00,106,103,3,271,15,-165,-180
11305,hosp_covid_dis_covid_hours_for,89073,2021-12-22,Среда,13:00,141,136,5,365,23,-224,-247
11306,hosp_covid_dis_covid_hours_for,89075,2021-12-22,Среда,14:00,182,173,9,438,28,-256,-284
11307,hosp_covid_dis_covid_hours_for,89077,2021-12-22,Среда,15:00,220,206,14,476,31,-256,-287
11308,hosp_covid_dis_covid_hours_for,89079,2021-12-22,Среда,16:00,246,230,16,527,32,-281,-313
11309,hosp_covid_dis_covid_hours_for,89081,2021-12-22,Среда,17:00,285,264,21,563,35,-278,-313
11310,hosp_covid_dis_covid_hours_for,89083,2021-12-22,Среда,18:00,326,302,24,589,35,-263,-298
11311,hosp_covid_dis_covid_hours_for,89085,2021-12-22,Среда,19:00,380,353,27,619,35,-239,-274
11312,hosp_covid_dis_covid_hours_for,89087,2021-12-22,Среда,20:00,416,387,29,622,43,-206,-249
11313,hosp_covid_dis_covid_hours_for,89089,2021-12-22,Среда,21:00,460,424,36,626,45,-166,-211
11314,hosp_covid_dis_covid_hours_for,89091,2021-12-22,Среда,22:00,483,441,42,635,46,-152,-198
11315,hosp_covid_dis_covid_hours_for,89095,2021-12-22,Среда,23:00,514,470,44,638,46,-124,-170
11316,hosp_covid_dis_covid_hours_for,89097,2021-12-23,Четверг,01:00,14,14,0,0,0,14,14
11317,hosp_covid_dis_covid_hours_for,89098,2021-12-22,Среда,сутки,540,495,45,642,46,-102,-148
11318,hosp_covid_dis_covid_hours_for,89100,2021-12-23,Четверг,02:00,33,32,1,7,0,26,26
11319,hosp_covid_dis_covid_hours_for,89102,2021-12-23,Четверг,03:00,44,43,1,13,0,31,31
11320,hosp_covid_dis_covid_hours_for,89104,2021-12-23,Четверг,04:00,49,48,1,13,0,36,36
11321,hosp_covid_dis_covid_hours_for,89106,2021-12-23,Четверг,05:00,52,51,1,13,0,39,39
11322,hosp_covid_dis_covid_hours_for,89108,2021-12-23,Четверг,06:00,56,55,1,13,0,43,43
11323,hosp_covid_dis_covid_hours_for,89110,2021-12-23,Четверг,07:00,56,56,0,19,0,37,37
11324,hosp_covid_dis_covid_hours_for,89112,2021-12-23,Четверг,08:00,60,60,0,38,3,22,19
11325,hosp_covid_dis_covid_hours_for,89114,2021-12-23,Четверг,09:00,62,62,0,70,3,-8,-11
11326,hosp_covid_dis_covid_hours_for,89116,2021-12-23,Четверг,10:00,65,65,0,146,3,-81,-84
11327,hosp_covid_dis_covid_hours_for,89118,2021-12-23,Четверг,11:00,79,78,1,209,5,-130,-135
11328,hosp_covid_dis_covid_hours_for,89120,2021-12-23,Четверг,12:00,97,95,2,285,11,-188,-199
11329,hosp_covid_dis_covid_hours_for,89122,2021-12-23,Четверг,13:00,125,121,4,352,14,-227,-241
11330,hosp_covid_dis_covid_hours_for,89124,2021-12-23,Четверг,14:00,171,166,5,417,20,-246,-266
11331,hosp_covid_dis_covid_hours_for,89126,2021-12-23,Четверг,15:00,211,202,9,492,30,-281,-311
11332,hosp_covid_dis_covid_hours_for,89128,2021-12-23,Четверг,16:00,255,244,11,527,36,-272,-308
11333,hosp_covid_dis_covid_hours_for,89130,2021-12-23,Четверг,17:00,293,277,16,563,37,-270,-307
11334,hosp_covid_dis_covid_hours_for,89132,2021-12-23,Четверг,18:00,328,309,19,587,39,-259,-298
11335,hosp_covid_dis_covid_hours_for,89134,2021-12-23,Четверг,19:00,379,354,25,604,40,-225,-265
11336,hosp_covid_dis_covid_hours_for,89136,2021-12-23,Четверг,20:00,411,380,31,613,41,-202,-243
11337,hosp_covid_dis_covid_hours_for,89138,2021-12-23,Четверг,21:00,451,418,33,617,41,-166,-207
11338,hosp_covid_dis_covid_hours_for,89140,2021-12-23,Четверг,22:00,486,449,37,625,41,-139,-180
11339,hosp_covid_dis_covid_hours_for,89144,2021-12-23,Четверг,23:00,503,464,39,625,41,-122,-163
11340,hosp_covid_dis_covid_hours_for,89146,2021-12-24,Пятница,01:00,10,10,0,3,0,7,7
11341,hosp_covid_dis_covid_hours_for,89147,2021-12-23,Четверг,сутки,525,486,39,635,42,-110,-152
11342,hosp_covid_dis_covid_hours_for,89149,2021-12-24,Пятница,02:00,22,21,1,13,0,9,9
11343,hosp_covid_dis_covid_hours_for,89151,2021-12-24,Пятница,03:00,34,33,1,16,0,18,18
11344,hosp_covid_dis_covid_hours_for,89153,2021-12-24,Пятница,04:00,47,46,1,16,0,31,31
11345,hosp_covid_dis_covid_hours_for,89155,2021-12-24,Пятница,05:00,57,55,2,17,0,40,40
11346,hosp_covid_dis_covid_hours_for,89157,2021-12-24,Пятница,06:00,61,59,2,21,0,40,40
11347,hosp_covid_dis_covid_hours_for,89159,2021-12-24,Пятница,07:00,64,62,2,26,0,38,38
11348,hosp_covid_dis_covid_hours_for,89161,2021-12-24,Пятница,08:00,73,71,2,41,0,32,32
11349,hosp_covid_dis_covid_hours_for,89163,2021-12-24,Пятница,09:00,77,73,4,71,0,6,6
11350,hosp_covid_dis_covid_hours_for,89165,2021-12-24,Пятница,10:00,80,76,4,134,1,-54,-55
11351,hosp_covid_dis_covid_hours_for,89167,2021-12-24,Пятница,11:00,95,89,6,216,1,-121,-122
11352,hosp_covid_dis_covid_hours_for,89169,2021-12-24,Пятница,12:00,132,123,9,293,2,-161,-163
11353,hosp_covid_dis_covid_hours_for,89171,2021-12-24,Пятница,13:00,160,150,10,380,10,-220,-230
11354,hosp_covid_dis_covid_hours_for,89173,2021-12-24,Пятница,14:00,204,187,17,472,16,-268,-284
11355,hosp_covid_dis_covid_hours_for,89175,2021-12-24,Пятница,15:00,249,230,19,563,19,-314,-333
11356,hosp_covid_dis_covid_hours_for,89177,2021-12-24,Пятница,16:00,296,274,22,629,23,-333,-356
11357,hosp_covid_dis_covid_hours_for,89179,2021-12-24,Пятница,17:00,341,312,29,655,24,-314,-338
11358,hosp_covid_dis_covid_hours_for,89181,2021-12-24,Пятница,18:00,396,359,37,696,26,-300,-326
11359,hosp_covid_dis_covid_hours_for,89183,2021-12-24,Пятница,19:00,461,419,42,719,26,-258,-284
11360,hosp_covid_dis_covid_hours_for,89185,2021-12-24,Пятница,20:00,507,461,46,729,26,-222,-248
11361,hosp_covid_dis_covid_hours_for,89187,2021-12-24,Пятница,21:00,536,490,46,737,26,-201,-227
11362,hosp_covid_dis_covid_hours_for,89189,2021-12-24,Пятница,22:00,563,515,48,739,29,-176,-205
11363,hosp_covid_dis_covid_hours_for,89193,2021-12-24,Пятница,23:00,595,542,53,742,29,-147,-176
11364,hosp_covid_dis_covid_hours_for,89195,2021-12-25,Суббота,01:00,11,11,0,2,0,9,9
11365,hosp_covid_dis_covid_hours_for,89196,2021-12-24,Пятница,сутки,617,563,54,744,29,-127,-156
11366,hosp_covid_dis_covid_hours_for,89198,2021-12-25,Суббота,02:00,27,27,0,4,0,23,23
11367,hosp_covid_dis_covid_hours_for,89200,2021-12-25,Суббота,03:00,38,38,0,7,0,31,31
11368,hosp_covid_dis_covid_hours_for,89202,2021-12-25,Суббота,04:00,52,52,0,7,0,45,45
11369,hosp_covid_dis_covid_hours_for,89204,2021-12-25,Суббота,05:00,59,59,0,9,0,50,50
11370,hosp_covid_dis_covid_hours_for,89206,2021-12-25,Суббота,06:00,66,66,0,10,0,56,56
11371,hosp_covid_dis_covid_hours_for,89208,2021-12-25,Суббота,07:00,68,67,1,20,0,48,48
11372,hosp_covid_dis_covid_hours_for,89210,2021-12-25,Суббота,08:00,70,69,1,37,0,33,33
11373,hosp_covid_dis_covid_hours_for,89212,2021-12-25,Суббота,09:00,72,71,1,63,1,9,8
11374,hosp_covid_dis_covid_hours_for,89214,2021-12-25,Суббота,10:00,76,75,1,114,1,-38,-39
11375,hosp_covid_dis_covid_hours_for,89216,2021-12-25,Суббота,11:00,83,82,1,151,3,-68,-71
11376,hosp_covid_dis_covid_hours_for,89218,2021-12-25,Суббота,12:00,94,93,1,207,3,-113,-116
11377,hosp_covid_dis_covid_hours_for,89220,2021-12-25,Суббота,13:00,120,118,2,231,9,-111,-120
11378,hosp_covid_dis_covid_hours_for,89222,2021-12-25,Суббота,14:00,143,139,4,271,10,-128,-138
11379,hosp_covid_dis_covid_hours_for,89224,2021-12-25,Суббота,15:00,169,164,5,320,11,-151,-162
11380,hosp_covid_dis_covid_hours_for,89226,2021-12-25,Суббота,16:00,198,190,8,338,14,-140,-154
11381,hosp_covid_dis_covid_hours_for,89228,2021-12-25,Суббота,17:00,228,220,8,356,14,-128,-142
11382,hosp_covid_dis_covid_hours_for,89230,2021-12-25,Суббота,18:00,253,245,8,363,14,-110,-124
11383,hosp_covid_dis_covid_hours_for,89232,2021-12-25,Суббота,19:00,286,277,9,371,14,-85,-99
11384,hosp_covid_dis_covid_hours_for,89234,2021-12-25,Суббота,20:00,319,309,10,379,14,-60,-74
11385,hosp_covid_dis_covid_hours_for,89236,2021-12-25,Суббота,21:00,355,343,12,385,14,-30,-44
11386,hosp_covid_dis_covid_hours_for,89238,2021-12-25,Суббота,22:00,377,365,12,395,14,-18,-32
11387,hosp_covid_dis_covid_hours_for,89242,2021-12-25,Суббота,23:00,400,388,12,401,15,-1,-16
11388,hosp_covid_dis_covid_hours_for,89244,2021-12-26,Воскресенье,01:00,13,12,1,10,0,3,3
11389,hosp_covid_dis_covid_hours_for,89245,2021-12-25,Суббота,сутки,434,422,12,408,15,26,11
11390,hosp_covid_dis_covid_hours_for,89247,2021-12-26,Воскресенье,02:00,40,39,1,10,0,30,30
11391,hosp_covid_dis_covid_hours_for,89249,2021-12-26,Воскресенье,03:00,55,54,1,10,0,45,45
11392,hosp_covid_dis_covid_hours_for,89251,2021-12-26,Воскресенье,04:00,63,62,1,13,0,50,50
11393,hosp_covid_dis_covid_hours_for,89253,2021-12-26,Воскресенье,05:00,71,70,1,13,0,58,58
11394,hosp_covid_dis_covid_hours_for,89255,2021-12-26,Воскресенье,06:00,74,73,1,13,0,61,61
11395,hosp_covid_dis_covid_hours_for,89257,2021-12-26,Воскресенье,07:00,76,75,1,22,0,54,54
11396,hosp_covid_dis_covid_hours_for,89259,2021-12-26,Воскресенье,08:00,77,76,1,35,0,42,42
11397,hosp_covid_dis_covid_hours_for,89261,2021-12-26,Воскресенье,09:00,83,82,1,59,0,24,24
11398,hosp_covid_dis_covid_hours_for,89263,2021-12-26,Воскресенье,10:00,84,83,1,90,0,-6,-6
11399,hosp_covid_dis_covid_hours_for,89265,2021-12-26,Воскресенье,11:00,91,90,1,134,0,-43,-43
11400,hosp_covid_dis_covid_hours_for,89267,2021-12-26,Воскресенье,12:00,106,104,2,173,3,-67,-70
11401,hosp_covid_dis_covid_hours_for,89269,2021-12-26,Воскресенье,13:00,138,135,3,209,7,-71,-78
11402,hosp_covid_dis_covid_hours_for,89271,2021-12-26,Воскресенье,14:00,166,161,5,237,7,-71,-78
11403,hosp_covid_dis_covid_hours_for,89273,2021-12-26,Воскресенье,15:00,192,187,5,256,13,-64,-77
11404,hosp_covid_dis_covid_hours_for,89275,2021-12-26,Воскресенье,16:00,222,214,8,268,13,-46,-59
11405,hosp_covid_dis_covid_hours_for,89277,2021-12-26,Воскресенье,17:00,245,235,10,276,13,-31,-44
11406,hosp_covid_dis_covid_hours_for,89279,2021-12-26,Воскресенье,18:00,270,259,11,284,14,-14,-28
11407,hosp_covid_dis_covid_hours_for,89281,2021-12-26,Воскресенье,19:00,288,276,12,291,14,-3,-17
11408,hosp_covid_dis_covid_hours_for,89283,2021-12-26,Воскресенье,20:00,312,299,13,301,14,11,-3
11409,hosp_covid_dis_covid_hours_for,89285,2021-12-26,Воскресенье,21:00,324,311,13,304,14,20,6
11410,hosp_covid_dis_covid_hours_for,89287,2021-12-26,Воскресенье,22:00,341,327,14,307,15,34,19
11411,hosp_covid_dis_covid_hours_for,89291,2021-12-26,Воскресенье,23:00,360,346,14,311,17,49,32
11412,hosp_covid_dis_covid_hours_for,89293,2021-12-27,Понедельник,01:00,10,10,0,1,0,9,9
11413,hosp_covid_dis_covid_hours_for,89294,2021-12-26,Воскресенье,сутки,384,370,14,318,17,66,49
11414,hosp_covid_dis_covid_hours_for,89296,2021-12-27,Понедельник,02:00,27,26,1,3,0,24,24
11415,hosp_covid_dis_covid_hours_for,89298,2021-12-27,Понедельник,03:00,40,39,1,10,0,30,30
11416,hosp_covid_dis_covid_hours_for,89300,2021-12-27,Понедельник,04:00,47,46,1,16,0,31,31
11417,hosp_covid_dis_covid_hours_for,89302,2021-12-27,Понедельник,05:00,50,49,1,16,0,34,34
11418,hosp_covid_dis_covid_hours_for,89304,2021-12-27,Понедельник,06:00,53,52,1,18,0,35,35
11419,hosp_covid_dis_covid_hours_for,89306,2021-12-27,Понедельник,07:00,54,53,1,34,0,20,20
11420,hosp_covid_dis_covid_hours_for,89308,2021-12-27,Понедельник,08:00,58,57,1,45,0,13,13
11421,hosp_covid_dis_covid_hours_for,89310,2021-12-27,Понедельник,09:00,61,60,1,57,0,4,4
11422,hosp_covid_dis_covid_hours_for,89312,2021-12-27,Понедельник,10:00,62,60,2,93,0,-31,-31
11423,hosp_covid_dis_covid_hours_for,89314,2021-12-27,Понедельник,11:00,71,69,2,170,0,-99,-99
11424,hosp_covid_dis_covid_hours_for,89316,2021-12-27,Понедельник,12:01,104,101,3,239,3,-135,-138
11425,hosp_covid_dis_covid_hours_for,89318,2021-12-27,Понедельник,13:00,137,133,4,319,8,-182,-190
11426,hosp_covid_dis_covid_hours_for,89320,2021-12-27,Понедельник,14:00,186,181,5,395,14,-209,-223
11427,hosp_covid_dis_covid_hours_for,89322,2021-12-27,Понедельник,15:00,222,213,9,482,22,-260,-282
11428,hosp_covid_dis_covid_hours_for,89324,2021-12-27,Понедельник,16:00,260,246,14,572,24,-312,-336
11429,hosp_covid_dis_covid_hours_for,89326,2021-12-27,Понедельник,17:00,295,277,18,629,25,-334,-359
11430,hosp_covid_dis_covid_hours_for,89328,2021-12-27,Понедельник,18:00,345,322,23,666,25,-321,-346
11431,hosp_covid_dis_covid_hours_for,89330,2021-12-27,Понедельник,19:00,394,366,28,693,25,-299,-324
11432,hosp_covid_dis_covid_hours_for,89332,2021-12-27,Понедельник,20:00,434,407,27,711,25,-277,-302
11433,hosp_covid_dis_covid_hours_for,89334,2021-12-27,Понедельник,21:00,469,440,29,716,26,-247,-273
11434,hosp_covid_dis_covid_hours_for,89336,2021-12-27,Понедельник,22:00,503,472,31,718,26,-215,-241
11435,hosp_covid_dis_covid_hours_for,89340,2021-12-27,Понедельник,23:00,536,503,33,720,26,-184,-210
11436,hosp_covid_dis_covid_hours_for,89342,2021-12-28,Вторник,01:00,14,14,0,5,0,9,9
11437,hosp_covid_dis_covid_hours_for,89343,2021-12-27,Понедельник,сутки,562,526,36,728,26,-166,-192
11438,hosp_covid_dis_covid_hours_for,89345,2021-12-28,Вторник,02:00,26,26,0,7,0,19,19
11439,hosp_covid_dis_covid_hours_for,89347,2021-12-28,Вторник,03:00,42,42,0,14,0,28,28
11440,hosp_covid_dis_covid_hours_for,89349,2021-12-28,Вторник,04:15,54,54,0,15,0,39,39
11441,hosp_covid_dis_covid_hours_for,89351,2021-12-28,Вторник,05:00,59,59,0,17,0,42,42
11442,hosp_covid_dis_covid_hours_for,89353,2021-12-28,Вторник,06:00,60,60,0,18,0,42,42
11443,hosp_covid_dis_covid_hours_for,89355,2021-12-28,Вторник,07:00,65,65,0,20,1,45,44
11444,hosp_covid_dis_covid_hours_for,89357,2021-12-28,Вторник,08:00,71,71,0,35,1,36,35
11445,hosp_covid_dis_covid_hours_for,89359,2021-12-28,Вторник,09:00,85,84,1,63,1,22,21
11446,hosp_covid_dis_covid_hours_for,89361,2021-12-28,Вторник,10:00,92,90,2,117,0,-25,-25
11447,hosp_covid_dis_covid_hours_for,89363,2021-12-28,Вторник,11:00,105,102,3,197,3,-92,-95
11448,hosp_covid_dis_covid_hours_for,89365,2021-12-28,Вторник,12:00,126,119,7,263,6,-137,-143
11449,hosp_covid_dis_covid_hours_for,89367,2021-12-28,Вторник,13:00,146,138,8,355,9,-209,-218
11450,hosp_covid_dis_covid_hours_for,89369,2021-12-28,Вторник,14:00,181,171,10,471,16,-290,-306
11451,hosp_covid_dis_covid_hours_for,89371,2021-12-28,Вторник,15:00,221,208,13,578,20,-357,-377
11452,hosp_covid_dis_covid_hours_for,89373,2021-12-28,Вторник,16:00,257,243,14,639,24,-382,-406
11453,hosp_covid_dis_covid_hours_for,89375,2021-12-28,Вторник,17:00,301,283,18,679,24,-378,-402
11454,hosp_covid_dis_covid_hours_for,89377,2021-12-28,Вторник,18:00,342,318,24,706,24,-364,-388
11455,hosp_covid_dis_covid_hours_for,89379,2021-12-28,Вторник,19:00,392,358,34,729,24,-337,-361
11456,hosp_covid_dis_covid_hours_for,89381,2021-12-28,Вторник,20:00,433,393,40,747,24,-314,-338
11457,hosp_covid_dis_covid_hours_for,89383,2021-12-28,Вторник,21:00,468,421,47,732,24,-264,-288
11458,hosp_covid_dis_covid_hours_for,89385,2021-12-28,Вторник,22:00,495,448,47,735,25,-240,-265
11459,hosp_covid_dis_covid_hours_for,89389,2021-12-28,Вторник,23:00,518,471,47,738,25,-220,-245
11460,hosp_covid_dis_covid_hours_for,89391,2021-12-29,Среда,01:00,10,10,0,7,0,3,3
11461,hosp_covid_dis_covid_hours_for,89392,2021-12-28,Вторник,сутки,531,484,47,740,25,-209,-234
11462,hosp_covid_dis_covid_hours_for,89394,2021-12-29,Среда,02:00,26,26,0,9,0,17,17
11463,hosp_covid_dis_covid_hours_for,89396,2021-12-29,Среда,03:00,42,42,0,9,0,33,33
11464,hosp_covid_dis_covid_hours_for,89398,2021-12-29,Среда,04:00,49,49,0,9,0,40,40
11465,hosp_covid_dis_covid_hours_for,89400,2021-12-29,Среда,05:00,51,51,0,10,0,41,41
11466,hosp_covid_dis_covid_hours_for,89402,2021-12-29,Среда,06:00,54,54,0,12,0,42,42
11467,hosp_covid_dis_covid_hours_for,89404,2021-12-29,Среда,07:00,57,57,0,15,0,42,42
11468,hosp_covid_dis_covid_hours_for,89406,2021-12-29,Среда,08:00,61,61,0,41,1,20,19
11469,hosp_covid_dis_covid_hours_for,89408,2021-12-29,Среда,09:00,64,63,1,83,1,-19,-20
11470,hosp_covid_dis_covid_hours_for,89410,2021-12-29,Среда,10:00,70,67,3,174,1,-104,-105
11471,hosp_covid_dis_covid_hours_for,89412,2021-12-29,Среда,11:00,83,79,4,269,3,-186,-189
11472,hosp_covid_dis_covid_hours_for,89414,2021-12-29,Среда,12:00,100,95,5,326,10,-226,-236
11473,hosp_covid_dis_covid_hours_for,89416,2021-12-29,Среда,13:00,132,123,9,426,20,-294,-314
11474,hosp_covid_dis_covid_hours_for,89418,2021-12-29,Среда,14:00,171,159,12,501,23,-330,-353
11475,hosp_covid_dis_covid_hours_for,89420,2021-12-29,Среда,15:00,214,202,12,562,32,-348,-380
11476,hosp_covid_dis_covid_hours_for,89422,2021-12-29,Среда,16:00,248,235,13,602,34,-354,-388
11477,hosp_covid_dis_covid_hours_for,89424,2021-12-29,Среда,17:00,292,275,17,633,34,-341,-375
11478,hosp_covid_dis_covid_hours_for,89426,2021-12-29,Среда,18:00,332,314,18,652,34,-320,-354
11479,hosp_covid_dis_covid_hours_for,89428,2021-12-29,Среда,19:00,380,357,23,669,35,-289,-324
11480,hosp_covid_dis_covid_hours_for,89430,2021-12-29,Среда,20:00,426,393,33,700,36,-274,-310
11481,hosp_covid_dis_covid_hours_for,89432,2021-12-29,Среда,21:00,465,429,36,708,38,-243,-281
11482,hosp_covid_dis_covid_hours_for,89434,2021-12-29,Среда,22:00,495,459,36,709,38,-214,-252
11483,hosp_covid_dis_covid_hours_for,89438,2021-12-29,Среда,23:00,524,487,37,716,38,-192,-230
11484,hosp_covid_dis_covid_hours_for,89440,2021-12-30,Четверг,01:00,11,11,0,3,0,8,8
11485,hosp_covid_dis_covid_hours_for,89441,2021-12-29,Среда,сутки,548,509,39,720,39,-172,-211
11486,hosp_covid_dis_covid_hours_for,89443,2021-12-30,Четверг,02:00,22,22,0,8,0,14,14
11487,hosp_covid_dis_covid_hours_for,89445,2021-12-30,Четверг,03:00,36,36,0,13,0,23,23
11488,hosp_covid_dis_covid_hours_for,89447,2021-12-30,Четверг,05:00,46,46,0,15,0,31,31
11489,hosp_covid_dis_covid_hours_for,89449,2021-12-30,Четверг,06:00,49,49,0,15,0,34,34
11490,hosp_covid_dis_covid_hours_for,89451,2021-12-30,Четверг,07:00,52,52,0,28,0,24,24
11491,hosp_covid_dis_covid_hours_for,89453,2021-12-30,Четверг,08:00,55,55,0,48,0,7,7
11492,hosp_covid_dis_covid_hours_for,89455,2021-12-30,Четверг,09:00,65,65,0,81,0,-16,-16
11493,hosp_covid_dis_covid_hours_for,89457,2021-12-30,Четверг,10:00,72,70,2,150,1,-78,-79
11494,hosp_covid_dis_covid_hours_for,89459,2021-12-30,Четверг,11:00,81,76,5,250,2,-169,-171
11495,hosp_covid_dis_covid_hours_for,89461,2021-12-30,Четверг,12:00,100,95,5,354,6,-254,-260
11496,hosp_covid_dis_covid_hours_for,89463,2021-12-30,Четверг,13:00,130,123,7,438,14,-308,-322
11497,hosp_covid_dis_covid_hours_for,89465,2021-12-30,Четверг,14:00,179,164,15,572,16,-393,-409
11498,hosp_covid_dis_covid_hours_for,89467,2021-12-30,Четверг,15:00,229,211,18,667,23,-438,-461
11499,hosp_covid_dis_covid_hours_for,89469,2021-12-30,Четверг,16:00,273,249,24,716,23,-443,-466
11500,hosp_covid_dis_covid_hours_for,89471,2021-12-30,Четверг,17:00,314,287,27,753,23,-439,-462
11501,hosp_covid_dis_covid_hours_for,89473,2021-12-30,Четверг,18:00,346,318,28,767,27,-421,-448
11502,hosp_covid_dis_covid_hours_for,89475,2021-12-30,Четверг,19:00,393,360,33,799,27,-406,-433
11503,hosp_covid_dis_covid_hours_for,89477,2021-12-30,Четверг,20:00,441,408,33,827,27,-386,-413
11504,hosp_covid_dis_covid_hours_for,89479,2021-12-30,Четверг,21:00,477,442,35,829,30,-352,-382
11505,hosp_covid_dis_covid_hours_for,89481,2021-12-30,Четверг,22:00,515,478,37,836,30,-321,-351
11506,hosp_covid_dis_covid_hours_for,89485,2021-12-30,Четверг,23:00,550,513,37,836,30,-286,-316
11507,hosp_covid_dis_covid_hours_for,89487,2021-12-31,Пятница,01:00,11,10,1,0,0,11,11
11508,hosp_covid_dis_covid_hours_for,89488,2021-12-30,Четверг,сутки,581,541,40,837,30,-256,-286
11509,hosp_covid_dis_covid_hours_for,89490,2021-12-31,Пятница,02:00,25,24,1,4,0,21,21
11510,hosp_covid_dis_covid_hours_for,89492,2021-12-31,Пятница,03:00,39,38,1,9,0,30,30
11511,hosp_covid_dis_covid_hours_for,89494,2021-12-31,Пятница,04:00,50,49,1,9,0,41,41
11512,hosp_covid_dis_covid_hours_for,89496,2021-12-31,Пятница,05:00,57,56,1,11,0,46,46
11513,hosp_covid_dis_covid_hours_for,89498,2021-12-31,Пятница,06:00,60,59,1,12,0,48,48
11514,hosp_covid_dis_covid_hours_for,89500,2021-12-31,Пятница,07:00,64,63,1,22,0,42,42
11515,hosp_covid_dis_covid_hours_for,89502,2021-12-31,Пятница,08:00,67,65,2,51,0,16,16
11516,hosp_covid_dis_covid_hours_for,89504,2021-12-31,Пятница,09:00,69,67,2,82,0,-13,-13
11517,hosp_covid_dis_covid_hours_for,89506,2021-12-31,Пятница,10:00,78,76,2,134,2,-56,-58
11518,hosp_covid_dis_covid_hours_for,89508,2021-12-31,Пятница,11:00,90,86,4,192,4,-102,-106
11519,hosp_covid_dis_covid_hours_for,89510,2021-12-31,Пятница,12:00,123,119,4,277,5,-154,-159
11520,hosp_covid_dis_covid_hours_for,89512,2021-12-31,Пятница,13:00,155,149,6,358,11,-203,-214
11521,hosp_covid_dis_covid_hours_for,89514,2021-12-31,Пятница,14:00,188,180,8,421,12,-233,-245
11522,hosp_covid_dis_covid_hours_for,89516,2021-12-31,Пятница,15:00,211,202,9,463,18,-252,-270
11523,hosp_covid_dis_covid_hours_for,89518,2021-12-31,Пятница,16:00,247,237,10,500,20,-253,-273
11524,hosp_covid_dis_covid_hours_for,89520,2021-12-31,Пятница,17:00,291,278,13,515,20,-224,-244
11525,hosp_covid_dis_covid_hours_for,89522,2021-12-31,Пятница,18:00,328,312,16,521,21,-193,-214
11526,hosp_covid_dis_covid_hours_for,89524,2021-12-31,Пятница,19:00,349,332,17,528,21,-179,-200
11527,hosp_covid_dis_covid_hours_for,89526,2021-12-31,Пятница,20:00,369,352,17,534,22,-165,-187
11528,hosp_covid_dis_covid_hours_for,89528,2021-12-31,Пятница,21:00,390,372,18,537,22,-147,-169
11529,hosp_covid_dis_covid_hours_for,89530,2021-12-31,Пятница,22:00,400,382,18,541,22,-141,-163
11530,hosp_covid_dis_covid_hours_for,89534,2021-12-31,Пятница,23:00,414,396,18,550,22,-136,-158
11531,hosp_covid_dis_covid_hours_for,89536,2022-01-01,Суббота,01:00,5,4,1,2,0,3,3
11532,hosp_covid_dis_covid_hours_for,89537,2021-12-31,Пятница,сутки,424,406,18,556,22,-132,-154
11533,hosp_covid_dis_covid_hours_for,89539,2022-01-01,Суббота,02:00,16,15,1,5,0,11,11
11534,hosp_covid_dis_covid_hours_for,89541,2022-01-01,Суббота,03:00,22,21,1,10,0,12,12
11535,hosp_covid_dis_covid_hours_for,89543,2022-01-01,Суббота,04:00,25,24,1,16,0,9,9
11536,hosp_covid_dis_covid_hours_for,89545,2022-01-01,Суббота,05:00,32,31,1,18,0,14,14
11537,hosp_covid_dis_covid_hours_for,89547,2022-01-01,Суббота,06:00,33,32,1,19,0,14,14
11538,hosp_covid_dis_covid_hours_for,89549,2022-01-01,Суббота,07:00,39,38,1,23,0,16,16
11539,hosp_covid_dis_covid_hours_for,89551,2022-01-01,Суббота,08:00,43,41,2,30,0,13,13
11540,hosp_covid_dis_covid_hours_for,89553,2022-01-01,Суббота,09:00,46,44,2,57,0,-11,-11
11541,hosp_covid_dis_covid_hours_for,89555,2022-01-01,Суббота,10:00,52,50,2,72,0,-20,-20
11542,hosp_covid_dis_covid_hours_for,89557,2022-01-01,Суббота,11:00,61,58,3,89,0,-28,-28
11543,hosp_covid_dis_covid_hours_for,89559,2022-01-01,Суббота,12:00,79,76,3,113,5,-34,-39
11544,hosp_covid_dis_covid_hours_for,89561,2022-01-01,Суббота,13:00,96,92,4,149,12,-53,-65
11545,hosp_covid_dis_covid_hours_for,89563,2022-01-01,Суббота,14:00,128,122,6,162,16,-34,-50
11546,hosp_covid_dis_covid_hours_for,89565,2022-01-01,Суббота,15:00,145,139,6,174,16,-29,-45
11547,hosp_covid_dis_covid_hours_for,89567,2022-01-01,Суббота,16:00,175,165,10,182,18,-7,-25
11548,hosp_covid_dis_covid_hours_for,89569,2022-01-01,Суббота,17:00,200,189,11,196,19,4,-15
11549,hosp_covid_dis_covid_hours_for,89571,2022-01-01,Суббота,18:00,227,214,13,201,19,26,7
11550,hosp_covid_dis_covid_hours_for,89573,2022-01-01,Суббота,19:01,232,219,13,201,19,31,12
11551,hosp_covid_dis_covid_hours_for,89575,2022-01-01,Суббота,20:00,264,247,17,212,20,52,32
11552,hosp_covid_dis_covid_hours_for,89577,2022-01-01,Суббота,21:00,284,266,18,215,21,69,48
11553,hosp_covid_dis_covid_hours_for,89579,2022-01-01,Суббота,22:00,310,287,23,218,23,92,69
11554,hosp_covid_dis_covid_hours_for,89583,2022-01-01,Суббота,23:00,329,306,23,220,23,109,86
11555,hosp_covid_dis_covid_hours_for,89585,2022-01-02,Воскресенье,01:00,11,9,2,0,0,11,11
11556,hosp_covid_dis_covid_hours_for,89586,2022-01-01,Суббота,сутки,355,329,26,227,23,128,105
11557,hosp_covid_dis_covid_hours_for,89588,2022-01-02,Воскресенье,02:00,30,27,3,5,0,25,25
11558,hosp_covid_dis_covid_hours_for,89590,2022-01-02,Воскресенье,03:00,42,37,5,6,0,36,36
11559,hosp_covid_dis_covid_hours_for,89592,2022-01-02,Воскресенье,04:00,54,48,6,8,0,46,46
11560,hosp_covid_dis_covid_hours_for,89594,2022-01-02,Воскресенье,05:00,57,51,6,9,0,48,48
11561,hosp_covid_dis_covid_hours_for,89596,2022-01-02,Воскресенье,06:00,59,53,6,10,0,49,49
11562,hosp_covid_dis_covid_hours_for,89598,2022-01-02,Воскресенье,07:00,63,57,6,16,0,47,47
11563,hosp_covid_dis_covid_hours_for,89600,2022-01-02,Воскресенье,08:00,65,59,6,33,0,32,32
11564,hosp_covid_dis_covid_hours_for,89602,2022-01-02,Воскресенье,09:00,69,63,6,46,0,23,23
11565,hosp_covid_dis_covid_hours_for,89604,2022-01-02,Воскресенье,10:00,71,64,7,71,0,0,0
11566,hosp_covid_dis_covid_hours_for,89606,2022-01-02,Воскресенье,11:00,82,75,7,91,0,-9,-9
11567,hosp_covid_dis_covid_hours_for,89608,2022-01-02,Воскресенье,12:00,95,88,7,113,4,-18,-22
11568,hosp_covid_dis_covid_hours_for,89610,2022-01-02,Воскресенье,13:00,122,114,8,145,7,-23,-30
11569,hosp_covid_dis_covid_hours_for,89612,2022-01-02,Воскресенье,14:00,152,142,10,174,16,-22,-38
11570,hosp_covid_dis_covid_hours_for,89614,2022-01-02,Воскресенье,15:00,188,173,15,197,22,-9,-31
11571,hosp_covid_dis_covid_hours_for,89616,2022-01-02,Воскресенье,16:00,225,210,15,212,25,13,-12
11572,hosp_covid_dis_covid_hours_for,89618,2022-01-02,Воскресенье,17:00,263,245,18,230,25,33,8
11573,hosp_covid_dis_covid_hours_for,89620,2022-01-02,Воскресенье,18:00,302,279,23,237,27,65,38
11574,hosp_covid_dis_covid_hours_for,89622,2022-01-02,Воскресенье,19:00,346,318,28,245,27,101,74
11575,hosp_covid_dis_covid_hours_for,89624,2022-01-02,Воскресенье,20:00,381,351,30,252,28,129,101
11576,hosp_covid_dis_covid_hours_for,89626,2022-01-02,Воскресенье,21:00,409,377,32,269,28,140,112
11577,hosp_covid_dis_covid_hours_for,89628,2022-01-02,Воскресенье,22:00,428,395,33,274,28,154,126
11578,hosp_covid_dis_covid_hours_for,89632,2022-01-02,Воскресенье,23:00,445,411,34,281,28,164,136
11579,hosp_covid_dis_covid_hours_for,89634,2022-01-03,Понедельник,01:00,7,7,0,7,0,0,0
11580,hosp_covid_dis_covid_hours_for,89635,2022-01-02,Воскресенье,сутки,471,437,34,289,30,182,152
11581,hosp_covid_dis_covid_hours_for,89637,2022-01-03,Понедельник,02:00,26,26,0,7,1,19,18
11582,hosp_covid_dis_covid_hours_for,89639,2022-01-03,Понедельник,03:00,41,41,0,8,1,33,32
11583,hosp_covid_dis_covid_hours_for,89641,2022-01-03,Понедельник,04:00,49,49,0,8,2,41,39
11584,hosp_covid_dis_covid_hours_for,89643,2022-01-03,Понедельник,05:00,58,58,0,9,2,49,47
11585,hosp_covid_dis_covid_hours_for,89645,2022-01-03,Понедельник,06:00,58,58,0,9,2,49,47
11586,hosp_covid_dis_covid_hours_for,89647,2022-01-03,Понедельник,07:00,63,63,0,11,2,52,50
11587,hosp_covid_dis_covid_hours_for,89649,2022-01-03,Понедельник,08:00,68,68,0,24,2,44,42
11588,hosp_covid_dis_covid_hours_for,89651,2022-01-03,Понедельник,09:00,76,74,2,53,2,23,21
11589,hosp_covid_dis_covid_hours_for,89653,2022-01-03,Понедельник,10:00,78,76,2,82,2,-4,-6
11590,hosp_covid_dis_covid_hours_for,89655,2022-01-03,Понедельник,11:00,87,85,2,123,6,-36,-42
11591,hosp_covid_dis_covid_hours_for,89657,2022-01-03,Понедельник,12:00,104,100,4,192,10,-88,-98
11592,hosp_covid_dis_covid_hours_for,89659,2022-01-03,Понедельник,13:00,136,129,7,241,15,-105,-120
11593,hosp_covid_dis_covid_hours_for,89661,2022-01-03,Понедельник,14:00,191,180,11,306,15,-115,-130
11594,hosp_covid_dis_covid_hours_for,89663,2022-01-03,Понедельник,15:00,238,224,14,350,15,-112,-127
11595,hosp_covid_dis_covid_hours_for,89665,2022-01-03,Понедельник,16:00,276,260,16,385,26,-109,-135
11596,hosp_covid_dis_covid_hours_for,89667,2022-01-03,Понедельник,17:00,316,295,21,412,27,-96,-123
11597,hosp_covid_dis_covid_hours_for,89669,2022-01-03,Понедельник,18:00,346,319,27,423,31,-77,-108
11598,hosp_covid_dis_covid_hours_for,89671,2022-01-03,Понедельник,19:00,378,351,27,435,32,-57,-89
11599,hosp_covid_dis_covid_hours_for,89673,2022-01-03,Понедельник,20:00,425,392,33,446,32,-21,-53
11600,hosp_covid_dis_covid_hours_for,89675,2022-01-03,Понедельник,21:00,459,422,37,452,33,7,-26
11601,hosp_covid_dis_covid_hours_for,89677,2022-01-03,Понедельник,22:00,486,445,41,456,33,30,-3
11602,hosp_covid_dis_covid_hours_for,89681,2022-01-03,Понедельник,23:00,517,474,43,462,33,55,22
11603,hosp_covid_dis_covid_hours_for,89683,2022-01-04,Вторник,01:00,6,6,0,6,0,0,0
11604,hosp_covid_dis_covid_hours_for,89684,2022-01-03,Понедельник,сутки,531,488,43,466,33,65,32
11605,hosp_covid_dis_covid_hours_for,89686,2022-01-04,Вторник,02:00,23,23,0,7,0,16,16
11606,hosp_covid_dis_covid_hours_for,89688,2022-01-04,Вторник,03:00,36,36,0,8,0,28,28
11607,hosp_covid_dis_covid_hours_for,89690,2022-01-04,Вторник,04:00,51,51,0,8,0,43,43
11608,hosp_covid_dis_covid_hours_for,89692,2022-01-04,Вторник,05:00,58,58,0,9,0,49,49
11609,hosp_covid_dis_covid_hours_for,89694,2022-01-04,Вторник,06:00,60,60,0,9,0,51,51
11610,hosp_covid_dis_covid_hours_for,89696,2022-01-04,Вторник,07:00,61,61,0,13,1,48,47
11611,hosp_covid_dis_covid_hours_for,89698,2022-01-04,Вторник,08:00,66,65,1,29,1,37,36
11612,hosp_covid_dis_covid_hours_for,89700,2022-01-04,Вторник,09:00,68,67,1,62,1,6,5
11613,hosp_covid_dis_covid_hours_for,89702,2022-01-04,Вторник,10:00,77,76,1,117,1,-40,-41
11614,hosp_covid_dis_covid_hours_for,89704,2022-01-04,Вторник,11:00,95,94,1,174,10,-79,-89
11615,hosp_covid_dis_covid_hours_for,89706,2022-01-04,Вторник,12:00,125,122,3,220,14,-95,-109
11616,hosp_covid_dis_covid_hours_for,89708,2022-01-04,Вторник,13:00,153,148,5,286,18,-133,-151
11617,hosp_covid_dis_covid_hours_for,89710,2022-01-04,Вторник,14:00,185,179,6,332,20,-147,-167
11618,hosp_covid_dis_covid_hours_for,89712,2022-01-04,Вторник,15:00,236,229,7,377,24,-141,-165
11619,hosp_covid_dis_covid_hours_for,89714,2022-01-04,Вторник,16:00,281,274,7,405,26,-124,-150
11620,hosp_covid_dis_covid_hours_for,89716,2022-01-04,Вторник,17:00,317,309,8,420,28,-103,-131
11621,hosp_covid_dis_covid_hours_for,89718,2022-01-04,Вторник,18:00,362,350,12,426,30,-64,-94
11622,hosp_covid_dis_covid_hours_for,89720,2022-01-04,Вторник,19:00,395,376,19,440,31,-45,-76
11623,hosp_covid_dis_covid_hours_for,89722,2022-01-04,Вторник,20:00,437,413,24,446,31,-9,-40
11624,hosp_covid_dis_covid_hours_for,89724,2022-01-04,Вторник,21:00,462,436,26,456,36,6,-30
11625,hosp_covid_dis_covid_hours_for,89726,2022-01-04,Вторник,22:00,497,469,28,465,36,32,-4
11626,hosp_covid_dis_covid_hours_for,89730,2022-01-04,Вторник,23:00,523,493,30,467,36,56,20
11627,hosp_covid_dis_covid_hours_for,89732,2022-01-05,Среда,01:00,13,13,0,0,0,13,13
11628,hosp_covid_dis_covid_hours_for,89733,2022-01-04,Вторник,сутки,551,520,31,474,39,77,38
11629,hosp_covid_dis_covid_hours_for,89735,2022-01-05,Среда,02:00,29,29,0,3,0,26,26
11630,hosp_covid_dis_covid_hours_for,89737,2022-01-05,Среда,03:00,39,39,0,4,0,35,35
11631,hosp_covid_dis_covid_hours_for,89739,2022-01-05,Среда,04:00,43,43,0,4,0,39,39
11632,hosp_covid_dis_covid_hours_for,89741,2022-01-05,Среда,05:00,49,49,0,4,0,45,45
11633,hosp_covid_dis_covid_hours_for,89743,2022-01-05,Среда,06:00,53,53,0,4,0,49,49
11634,hosp_covid_dis_covid_hours_for,89745,2022-01-05,Среда,07:00,55,55,0,8,0,47,47
11635,hosp_covid_dis_covid_hours_for,89747,2022-01-05,Среда,08:00,59,59,0,20,0,39,39
11636,hosp_covid_dis_covid_hours_for,89749,2022-01-05,Среда,09:00,61,61,0,47,0,14,14
11637,hosp_covid_dis_covid_hours_for,89751,2022-01-05,Среда,10:00,62,62,0,90,0,-28,-28
11638,hosp_covid_dis_covid_hours_for,89753,2022-01-05,Среда,11:00,73,73,0,150,3,-77,-80
11639,hosp_covid_dis_covid_hours_for,89755,2022-01-05,Среда,12:00,97,95,2,224,10,-127,-137
11640,hosp_covid_dis_covid_hours_for,89757,2022-01-05,Среда,13:00,126,123,3,282,13,-156,-169
11641,hosp_covid_dis_covid_hours_for,89759,2022-01-05,Среда,14:00,146,143,3,333,13,-187,-200
11642,hosp_covid_dis_covid_hours_for,89761,2022-01-05,Среда,15:00,185,180,5,367,20,-182,-202
11643,hosp_covid_dis_covid_hours_for,89763,2022-01-05,Среда,16:00,225,217,8,400,22,-175,-197
11644,hosp_covid_dis_covid_hours_for,89765,2022-01-05,Среда,17:00,261,251,10,416,22,-155,-177
11645,hosp_covid_dis_covid_hours_for,89767,2022-01-05,Среда,18:00,299,285,14,431,22,-132,-154
11646,hosp_covid_dis_covid_hours_for,89769,2022-01-05,Среда,19:00,332,312,20,443,22,-111,-133
11647,hosp_covid_dis_covid_hours_for,89771,2022-01-05,Среда,20:00,380,356,24,453,23,-73,-96
11648,hosp_covid_dis_covid_hours_for,89773,2022-01-05,Среда,21:00,432,406,26,463,24,-31,-55
11649,hosp_covid_dis_covid_hours_for,89775,2022-01-05,Среда,22:00,464,434,30,471,24,-7,-31
11650,hosp_covid_dis_covid_hours_for,89779,2022-01-05,Среда,23:00,491,461,30,479,24,12,-12
11651,hosp_covid_dis_covid_hours_for,89781,2022-01-06,Четверг,01:00,9,9,0,2,0,7,7
11652,hosp_covid_dis_covid_hours_for,89782,2022-01-05,Среда,сутки,514,483,31,483,24,31,7
11653,hosp_covid_dis_covid_hours_for,89784,2022-01-06,Четверг,02:00,28,28,0,6,0,22,22
11654,hosp_covid_dis_covid_hours_for,89786,2022-01-06,Четверг,03:00,40,40,0,9,0,31,31
11655,hosp_covid_dis_covid_hours_for,89788,2022-01-06,Четверг,04:00,48,48,0,9,0,39,39
11656,hosp_covid_dis_covid_hours_for,89790,2022-01-06,Четверг,05:00,53,53,0,16,0,37,37
11657,hosp_covid_dis_covid_hours_for,89792,2022-01-06,Четверг,06:00,57,57,0,17,0,40,40
11658,hosp_covid_dis_covid_hours_for,89794,2022-01-06,Четверг,07:00,60,60,0,31,0,29,29
11659,hosp_covid_dis_covid_hours_for,89796,2022-01-06,Четверг,08:00,61,61,0,38,0,23,23
11660,hosp_covid_dis_covid_hours_for,89798,2022-01-06,Четверг,09:00,61,61,0,60,1,1,0
11661,hosp_covid_dis_covid_hours_for,89800,2022-01-06,Четверг,10:00,68,67,1,90,2,-22,-24
11662,hosp_covid_dis_covid_hours_for,89802,2022-01-06,Четверг,11:00,79,78,1,152,3,-73,-76
11663,hosp_covid_dis_covid_hours_for,89804,2022-01-06,Четверг,12:00,110,105,5,198,7,-88,-95
11664,hosp_covid_dis_covid_hours_for,89806,2022-01-06,Четверг,13:00,143,136,7,267,12,-124,-136
11665,hosp_covid_dis_covid_hours_for,89808,2022-01-06,Четверг,14:00,187,178,9,333,17,-146,-163
11666,hosp_covid_dis_covid_hours_for,89810,2022-01-06,Четверг,15:00,223,207,16,400,23,-177,-200
11667,hosp_covid_dis_covid_hours_for,89812,2022-01-06,Четверг,16:00,255,236,19,441,29,-186,-215
11668,hosp_covid_dis_covid_hours_for,89814,2022-01-06,Четверг,17:00,314,291,23,460,33,-146,-179
11669,hosp_covid_dis_covid_hours_for,89816,2022-01-06,Четверг,18:00,350,322,28,477,35,-127,-162
11670,hosp_covid_dis_covid_hours_for,89818,2022-01-06,Четверг,19:00,389,351,38,478,37,-89,-126
11671,hosp_covid_dis_covid_hours_for,89820,2022-01-06,Четверг,20:00,430,387,43,484,38,-54,-92
11672,hosp_covid_dis_covid_hours_for,89822,2022-01-06,Четверг,21:00,474,428,46,489,38,-15,-53
11673,hosp_covid_dis_covid_hours_for,89824,2022-01-06,Четверг,22:00,505,454,51,500,38,5,-33
11674,hosp_covid_dis_covid_hours_for,89828,2022-01-06,Четверг,23:00,537,480,57,515,38,22,-16
11675,hosp_covid_dis_covid_hours_for,89830,2022-01-07,Пятница,01:00,16,14,2,0,0,16,16
11676,hosp_covid_dis_covid_hours_for,89831,2022-01-06,Четверг,сутки,564,504,60,522,42,42,0
11677,hosp_covid_dis_covid_hours_for,89833,2022-01-07,Пятница,02:00,32,29,3,2,0,30,30
11678,hosp_covid_dis_covid_hours_for,89835,2022-01-07,Пятница,03:00,39,36,3,3,0,36,36
11679,hosp_covid_dis_covid_hours_for,89837,2022-01-07,Пятница,04:00,48,45,3,4,0,44,44
11680,hosp_covid_dis_covid_hours_for,89839,2022-01-07,Пятница,05:00,57,54,3,6,1,51,50
11681,hosp_covid_dis_covid_hours_for,89841,2022-01-07,Пятница,06:00,59,56,3,6,1,53,52
11682,hosp_covid_dis_covid_hours_for,89843,2022-01-07,Пятница,07:00,60,57,3,22,1,38,37
11683,hosp_covid_dis_covid_hours_for,89845,2022-01-07,Пятница,08:00,63,60,3,40,1,23,22
11684,hosp_covid_dis_covid_hours_for,89847,2022-01-07,Пятница,09:00,66,63,3,68,1,-2,-3
11685,hosp_covid_dis_covid_hours_for,89849,2022-01-07,Пятница,10:00,69,66,3,101,1,-32,-33
11686,hosp_covid_dis_covid_hours_for,89851,2022-01-07,Пятница,11:00,75,72,3,136,2,-61,-63
11687,hosp_covid_dis_covid_hours_for,89853,2022-01-07,Пятница,12:00,90,86,4,169,3,-79,-82
11688,hosp_covid_dis_covid_hours_for,89855,2022-01-07,Пятница,13:00,117,113,4,198,9,-81,-90
11689,hosp_covid_dis_covid_hours_for,89857,2022-01-07,Пятница,14:00,152,147,5,243,10,-91,-101
11690,hosp_covid_dis_covid_hours_for,89859,2022-01-07,Пятница,15:00,183,174,9,280,17,-97,-114
11691,hosp_covid_dis_covid_hours_for,89861,2022-01-07,Пятница,16:00,206,197,9,301,17,-95,-112
11692,hosp_covid_dis_covid_hours_for,89863,2022-01-07,Пятница,17:00,230,220,10,330,17,-100,-117
11693,hosp_covid_dis_covid_hours_for,89865,2022-01-07,Пятница,18:00,259,248,11,334,17,-75,-92
11694,hosp_covid_dis_covid_hours_for,89867,2022-01-07,Пятница,19:00,289,276,13,339,16,-50,-66
11695,hosp_covid_dis_covid_hours_for,89869,2022-01-07,Пятница,20:00,329,311,18,347,16,-18,-34
11696,hosp_covid_dis_covid_hours_for,89871,2022-01-07,Пятница,21:00,351,332,19,357,16,-6,-22
11697,hosp_covid_dis_covid_hours_for,89873,2022-01-07,Пятница,22:00,370,349,21,360,16,10,-6
11698,hosp_covid_dis_covid_hours_for,89877,2022-01-07,Пятница,23:00,390,368,22,362,17,28,11
11699,hosp_covid_dis_covid_hours_for,89879,2022-01-08,Суббота,01:00,9,9,0,7,0,2,2
11700,hosp_covid_dis_covid_hours_for,89880,2022-01-07,Пятница,сутки,413,391,22,373,19,40,21
11701,hosp_covid_dis_covid_hours_for,89882,2022-01-08,Суббота,02:00,22,22,0,10,0,12,12
11702,hosp_covid_dis_covid_hours_for,89884,2022-01-08,Суббота,03:00,35,35,0,14,0,21,21
11703,hosp_covid_dis_covid_hours_for,89886,2022-01-08,Суббота,04:00,43,43,0,14,0,29,29
11704,hosp_covid_dis_covid_hours_for,89888,2022-01-08,Суббота,05:00,47,47,0,14,0,33,33
11705,hosp_covid_dis_covid_hours_for,89890,2022-01-08,Суббота,06:00,51,51,0,14,0,37,37
11706,hosp_covid_dis_covid_hours_for,89892,2022-01-08,Суббота,07:00,52,52,0,16,0,36,36
11707,hosp_covid_dis_covid_hours_for,89894,2022-01-08,Суббота,08:00,53,53,0,23,0,30,30
11708,hosp_covid_dis_covid_hours_for,89896,2022-01-08,Суббота,09:00,55,55,0,53,1,2,1
11709,hosp_covid_dis_covid_hours_for,89898,2022-01-08,Суббота,10:00,58,58,0,105,2,-47,-49
11710,hosp_covid_dis_covid_hours_for,89900,2022-01-08,Суббота,11:00,75,75,0,137,5,-62,-67
11711,hosp_covid_dis_covid_hours_for,89902,2022-01-08,Суббота,12:00,92,91,1,175,12,-83,-95
11712,hosp_covid_dis_covid_hours_for,89904,2022-01-08,Суббота,13:00,121,115,6,222,15,-101,-116
11713,hosp_covid_dis_covid_hours_for,89906,2022-01-08,Суббота,14:00,152,143,9,269,19,-117,-136
11714,hosp_covid_dis_covid_hours_for,89908,2022-01-08,Суббота,15:00,194,180,14,288,24,-94,-118
11715,hosp_covid_dis_covid_hours_for,89910,2022-01-08,Суббота,16:00,234,216,18,329,24,-95,-119
11716,hosp_covid_dis_covid_hours_for,89912,2022-01-08,Суббота,17:00,280,256,24,343,24,-63,-87
11717,hosp_covid_dis_covid_hours_for,89914,2022-01-08,Суббота,18:00,318,288,30,345,25,-27,-52
11718,hosp_covid_dis_covid_hours_for,89916,2022-01-08,Суббота,19:00,354,320,34,361,25,-7,-32
11719,hosp_covid_dis_covid_hours_for,89918,2022-01-08,Суббота,20:00,384,348,36,364,25,20,-5
11720,hosp_covid_dis_covid_hours_for,89920,2022-01-08,Суббота,21:00,411,372,39,369,26,42,16
11721,hosp_covid_dis_covid_hours_for,89922,2022-01-08,Суббота,22:00,435,396,39,373,28,62,34
11722,hosp_covid_dis_covid_hours_for,89926,2022-01-08,Суббота,23:00,470,429,41,377,28,93,65
11723,hosp_covid_dis_covid_hours_for,89928,2022-01-09,Воскресенье,01:00,9,9,0,2,0,7,7
11724,hosp_covid_dis_covid_hours_for,89929,2022-01-08,Суббота,сутки,489,447,42,380,28,109,81
11725,hosp_covid_dis_covid_hours_for,89931,2022-01-09,Воскресенье,02:00,25,25,0,2,0,23,23
11726,hosp_covid_dis_covid_hours_for,89933,2022-01-09,Воскресенье,03:00,46,44,2,2,0,44,44
11727,hosp_covid_dis_covid_hours_for,89935,2022-01-09,Воскресенье,04:00,48,46,2,2,0,46,46
11728,hosp_covid_dis_covid_hours_for,89937,2022-01-09,Воскресенье,05:00,52,50,2,2,0,50,50
11729,hosp_covid_dis_covid_hours_for,89939,2022-01-09,Воскресенье,06:00,54,52,2,5,0,49,49
11730,hosp_covid_dis_covid_hours_for,89941,2022-01-09,Воскресенье,07:00,55,53,2,11,0,44,44
11731,hosp_covid_dis_covid_hours_for,89943,2022-01-09,Воскресенье,08:00,59,56,3,35,0,24,24
11732,hosp_covid_dis_covid_hours_for,89945,2022-01-09,Воскресенье,09:00,61,58,3,68,0,-7,-7
11733,hosp_covid_dis_covid_hours_for,89947,2022-01-09,Воскресенье,10:00,63,59,4,96,0,-33,-33
11734,hosp_covid_dis_covid_hours_for,89949,2022-01-09,Воскресенье,11:00,71,67,4,133,1,-62,-63
11735,hosp_covid_dis_covid_hours_for,89951,2022-01-09,Воскресенье,12:00,92,88,4,155,10,-63,-73
11736,hosp_covid_dis_covid_hours_for,89953,2022-01-09,Воскресенье,13:00,122,115,7,188,12,-66,-78
11737,hosp_covid_dis_covid_hours_for,89955,2022-01-09,Воскресенье,14:00,155,144,11,210,12,-55,-67
11738,hosp_covid_dis_covid_hours_for,89957,2022-01-09,Воскресенье,15:00,192,180,12,250,12,-58,-70
11739,hosp_covid_dis_covid_hours_for,89959,2022-01-09,Воскресенье,16:00,218,200,18,266,17,-48,-65
11740,hosp_covid_dis_covid_hours_for,89961,2022-01-09,Воскресенье,17:00,259,236,23,272,18,-13,-31
11741,hosp_covid_dis_covid_hours_for,89963,2022-01-09,Воскресенье,18:00,294,269,25,285,18,9,-9
11742,hosp_covid_dis_covid_hours_for,89965,2022-01-09,Воскресенье,19:00,328,303,25,294,18,34,16
11743,hosp_covid_dis_covid_hours_for,89967,2022-01-09,Воскресенье,20:00,363,336,27,300,19,63,44
11744,hosp_covid_dis_covid_hours_for,89969,2022-01-09,Воскресенье,21:00,388,358,30,302,25,86,61
11745,hosp_covid_dis_covid_hours_for,89971,2022-01-09,Воскресенье,22:00,410,380,30,305,25,105,80
11746,hosp_covid_dis_covid_hours_for,89975,2022-01-09,Воскресенье,23:00,431,401,30,313,25,118,93
11747,hosp_covid_dis_covid_hours_for,89977,2022-01-10,Понедельник,01:00,10,10,0,0,0,10,10
11748,hosp_covid_dis_covid_hours_for,89978,2022-01-09,Воскресенье,сутки,454,424,30,315,25,139,114
11749,hosp_covid_dis_covid_hours_for,89980,2022-01-10,Понедельник,02:00,27,27,0,0,1,27,26
11750,hosp_covid_dis_covid_hours_for,89982,2022-01-10,Понедельник,03:00,40,40,0,1,1,39,38
11751,hosp_covid_dis_covid_hours_for,89984,2022-01-10,Понедельник,04:00,46,46,0,3,1,43,42
11752,hosp_covid_dis_covid_hours_for,89986,2022-01-10,Понедельник,05:00,52,52,0,4,1,48,47
11753,hosp_covid_dis_covid_hours_for,89988,2022-01-10,Понедельник,06:00,52,52,0,4,1,48,47
11754,hosp_covid_dis_covid_hours_for,89990,2022-01-10,Понедельник,07:00,55,55,0,11,1,44,43
11755,hosp_covid_dis_covid_hours_for,89992,2022-01-10,Понедельник,08:00,56,56,0,18,2,38,36
11756,hosp_covid_dis_covid_hours_for,89994,2022-01-10,Понедельник,09:00,57,57,0,46,2,11,9
11757,hosp_covid_dis_covid_hours_for,89996,2022-01-10,Понедельник,10:00,62,62,0,85,2,-23,-25
11758,hosp_covid_dis_covid_hours_for,89998,2022-01-10,Понедельник,11:00,80,79,1,152,3,-72,-75
11759,hosp_covid_dis_covid_hours_for,90000,2022-01-10,Понедельник,12:00,103,102,1,228,8,-125,-133
11760,hosp_covid_dis_covid_hours_for,90002,2022-01-10,Понедельник,13:00,127,124,3,317,16,-190,-206
11761,hosp_covid_dis_covid_hours_for,90004,2022-01-10,Понедельник,14:00,165,159,6,404,21,-239,-260
11762,hosp_covid_dis_covid_hours_for,90006,2022-01-10,Понедельник,15:00,221,208,13,463,24,-242,-266
11763,hosp_covid_dis_covid_hours_for,90008,2022-01-10,Понедельник,16:00,255,235,20,516,24,-261,-285
11764,hosp_covid_dis_covid_hours_for,90010,2022-01-10,Понедельник,17:00,296,271,25,567,24,-271,-295
11765,hosp_covid_dis_covid_hours_for,90012,2022-01-10,Понедельник,18:00,339,311,28,586,24,-247,-271
11766,hosp_covid_dis_covid_hours_for,90014,2022-01-10,Понедельник,19:00,407,373,34,595,24,-188,-212
11767,hosp_covid_dis_covid_hours_for,90016,2022-01-10,Понедельник,20:00,449,414,35,611,25,-162,-187
11768,hosp_covid_dis_covid_hours_for,90018,2022-01-10,Понедельник,21:00,484,446,38,612,25,-128,-153
11769,hosp_covid_dis_covid_hours_for,90020,2022-01-10,Понедельник,22:00,511,468,43,615,25,-104,-129
11770,hosp_covid_dis_covid_hours_for,90024,2022-01-10,Понедельник,23:00,551,501,50,623,26,-72,-98
11771,hosp_covid_dis_covid_hours_for,90026,2022-01-11,Вторник,01:00,13,13,0,0,0,13,13
11772,hosp_covid_dis_covid_hours_for,90027,2022-01-10,Понедельник,сутки,583,531,52,630,26,-47,-73
11773,hosp_covid_dis_covid_hours_for,90029,2022-01-11,Вторник,02:00,32,32,0,9,1,23,22
11774,hosp_covid_dis_covid_hours_for,90031,2022-01-11,Вторник,03:00,53,53,0,10,1,43,42
11775,hosp_covid_dis_covid_hours_for,90033,2022-01-11,Вторник,04:00,70,70,0,13,1,57,56
11776,hosp_covid_dis_covid_hours_for,90035,2022-01-11,Вторник,05:00,75,75,0,14,1,61,60
11777,hosp_covid_dis_covid_hours_for,90037,2022-01-11,Вторник,06:00,79,79,0,14,1,65,64
11778,hosp_covid_dis_covid_hours_for,90039,2022-01-11,Вторник,07:00,80,80,0,24,1,56,55
11779,hosp_covid_dis_covid_hours_for,90041,2022-01-11,Вторник,08:00,79,79,0,33,1,46,45
11780,hosp_covid_dis_covid_hours_for,90043,2022-01-11,Вторник,09:00,88,88,0,62,1,26,25
11781,hosp_covid_dis_covid_hours_for,90045,2022-01-11,Вторник,10:00,92,92,0,97,1,-5,-6
11782,hosp_covid_dis_covid_hours_for,90047,2022-01-11,Вторник,11:00,110,104,6,147,2,-37,-39
11783,hosp_covid_dis_covid_hours_for,90049,2022-01-11,Вторник,12:00,135,127,8,239,5,-104,-109
11784,hosp_covid_dis_covid_hours_for,90051,2022-01-11,Вторник,13:00,171,160,11,333,10,-162,-172
11785,hosp_covid_dis_covid_hours_for,90053,2022-01-11,Вторник,14:00,205,190,15,432,14,-227,-241
11786,hosp_covid_dis_covid_hours_for,90055,2022-01-11,Вторник,15:00,253,234,19,512,18,-259,-277
11787,hosp_covid_dis_covid_hours_for,90057,2022-01-11,Вторник,16:00,288,264,24,563,23,-275,-298
11788,hosp_covid_dis_covid_hours_for,90059,2022-01-11,Вторник,17:00,335,304,31,579,24,-244,-268
11789,hosp_covid_dis_covid_hours_for,90061,2022-01-11,Вторник,18:00,367,335,32,598,24,-231,-255
11790,hosp_covid_dis_covid_hours_for,90063,2022-01-11,Вторник,19:00,417,379,38,618,24,-201,-225
11791,hosp_covid_dis_covid_hours_for,90065,2022-01-11,Вторник,20:00,456,414,42,624,24,-168,-192
11792,hosp_covid_dis_covid_hours_for,90067,2022-01-11,Вторник,21:00,491,443,48,627,25,-136,-161
11793,hosp_covid_dis_covid_hours_for,90069,2022-01-11,Вторник,22:00,518,467,51,629,25,-111,-136
11794,hosp_covid_dis_covid_hours_for,90073,2022-01-11,Вторник,23:00,543,490,53,636,25,-93,-118
11795,hosp_covid_dis_covid_hours_for,90075,2022-01-12,Среда,01:00,12,12,0,8,0,4,4
11796,hosp_covid_dis_covid_hours_for,90076,2022-01-11,Вторник,сутки,563,507,56,636,26,-73,-99
11797,hosp_covid_dis_covid_hours_for,90078,2022-01-12,Среда,02:00,27,27,0,16,0,11,11
11798,hosp_covid_dis_covid_hours_for,90080,2022-01-12,Среда,03:00,34,34,0,17,0,17,17
11799,hosp_covid_dis_covid_hours_for,90082,2022-01-12,Среда,04:00,42,42,0,17,0,25,25
11800,hosp_covid_dis_covid_hours_for,90084,2022-01-12,Среда,05:00,44,44,0,18,0,26,26
11801,hosp_covid_dis_covid_hours_for,90086,2022-01-12,Среда,06:00,46,46,0,18,0,28,28
11802,hosp_covid_dis_covid_hours_for,90088,2022-01-12,Среда,07:00,46,46,0,22,0,24,24
11803,hosp_covid_dis_covid_hours_for,90090,2022-01-12,Среда,08:00,51,51,0,40,0,11,11
11804,hosp_covid_dis_covid_hours_for,90092,2022-01-12,Среда,09:00,56,56,0,71,0,-15,-15
11805,hosp_covid_dis_covid_hours_for,90094,2022-01-12,Среда,10:00,61,60,1,132,1,-71,-72
11806,hosp_covid_dis_covid_hours_for,90096,2022-01-12,Среда,11:00,73,71,2,213,3,-140,-143
11807,hosp_covid_dis_covid_hours_for,90098,2022-01-12,Среда,12:00,103,99,4,285,10,-182,-192
11808,hosp_covid_dis_covid_hours_for,90100,2022-01-12,Среда,13:00,130,122,8,350,14,-220,-234
11809,hosp_covid_dis_covid_hours_for,90102,2022-01-12,Среда,14:00,176,166,10,417,17,-241,-258
11810,hosp_covid_dis_covid_hours_for,90104,2022-01-12,Среда,15:00,225,211,14,476,31,-251,-282
11811,hosp_covid_dis_covid_hours_for,90106,2022-01-12,Среда,16:00,267,249,18,530,32,-263,-295
11812,hosp_covid_dis_covid_hours_for,90108,2022-01-12,Среда,17:00,305,282,23,559,34,-254,-288
11813,hosp_covid_dis_covid_hours_for,90110,2022-01-12,Среда,18:00,345,316,29,569,34,-224,-258
11814,hosp_covid_dis_covid_hours_for,90112,2022-01-12,Среда,19:00,390,353,37,580,34,-190,-224
11815,hosp_covid_dis_covid_hours_for,90114,2022-01-12,Среда,20:00,431,390,41,595,34,-164,-198
11816,hosp_covid_dis_covid_hours_for,90116,2022-01-12,Среда,21:00,463,418,45,604,34,-141,-175
11817,hosp_covid_dis_covid_hours_for,90118,2022-01-12,Среда,22:00,490,444,46,610,34,-120,-154
11818,hosp_covid_dis_covid_hours_for,90122,2022-01-12,Среда,23:00,519,473,46,614,34,-95,-129
11819,hosp_covid_dis_covid_hours_for,90124,2022-01-13,Четверг,01:00,12,12,0,4,0,8,8
11820,hosp_covid_dis_covid_hours_for,90125,2022-01-12,Среда,сутки,557,510,47,619,35,-62,-97
11821,hosp_covid_dis_covid_hours_for,90127,2022-01-13,Четверг,02:00,26,26,0,5,0,21,21
11822,hosp_covid_dis_covid_hours_for,90129,2022-01-13,Четверг,03:00,42,41,1,6,0,36,36
11823,hosp_covid_dis_covid_hours_for,90131,2022-01-13,Четверг,04:00,49,48,1,10,0,39,39
11824,hosp_covid_dis_covid_hours_for,90133,2022-01-13,Четверг,05:00,55,54,1,11,0,44,44
11825,hosp_covid_dis_covid_hours_for,90135,2022-01-13,Четверг,06:00,62,61,1,11,0,51,51
11826,hosp_covid_dis_covid_hours_for,90137,2022-01-13,Четверг,07:00,62,61,1,15,0,47,47
11827,hosp_covid_dis_covid_hours_for,90139,2022-01-13,Четверг,08:00,63,62,1,24,0,39,39
11828,hosp_covid_dis_covid_hours_for,90141,2022-01-13,Четверг,09:00,63,62,1,67,0,-4,-4
11829,hosp_covid_dis_covid_hours_for,90143,2022-01-13,Четверг,10:00,71,69,2,139,0,-68,-68
11830,hosp_covid_dis_covid_hours_for,90145,2022-01-13,Четверг,11:00,88,85,3,211,1,-123,-124
11831,hosp_covid_dis_covid_hours_for,90147,2022-01-13,Четверг,12:00,109,105,4,296,10,-187,-197
11832,hosp_covid_dis_covid_hours_for,90149,2022-01-13,Четверг,13:00,142,135,7,381,16,-239,-255
11833,hosp_covid_dis_covid_hours_for,90151,2022-01-13,Четверг,14:00,186,177,9,443,21,-257,-278
11834,hosp_covid_dis_covid_hours_for,90153,2022-01-13,Четверг,15:00,221,211,10,503,24,-282,-306
11835,hosp_covid_dis_covid_hours_for,90155,2022-01-13,Четверг,16:00,267,255,12,531,27,-264,-291
11836,hosp_covid_dis_covid_hours_for,90157,2022-01-13,Четверг,17:00,301,286,15,553,28,-252,-280
11837,hosp_covid_dis_covid_hours_for,90159,2022-01-13,Четверг,18:00,339,318,21,572,30,-233,-263
11838,hosp_covid_dis_covid_hours_for,90161,2022-01-13,Четверг,19:00,364,341,23,592,30,-228,-258
11839,hosp_covid_dis_covid_hours_for,90163,2022-01-13,Четверг,20:00,398,370,28,597,30,-199,-229
11840,hosp_covid_dis_covid_hours_for,90165,2022-01-13,Четверг,21:00,460,428,32,600,30,-140,-170
11841,hosp_covid_dis_covid_hours_for,90167,2022-01-13,Четверг,22:00,486,451,35,604,30,-118,-148
11842,hosp_covid_dis_covid_hours_for,90171,2022-01-13,Четверг,23:00,520,482,38,606,33,-86,-119
11843,hosp_covid_dis_covid_hours_for,90173,2022-01-14,Пятница,01:00,13,12,1,4,0,9,9
11844,hosp_covid_dis_covid_hours_for,90174,2022-01-13,Четверг,сутки,551,512,39,612,34,-61,-95
11845,hosp_covid_dis_covid_hours_for,90176,2022-01-14,Пятница,02:00,34,32,2,4,0,30,30
11846,hosp_covid_dis_covid_hours_for,90178,2022-01-14,Пятница,03:00,43,41,2,4,1,39,38
11847,hosp_covid_dis_covid_hours_for,90180,2022-01-14,Пятница,04:00,53,51,2,10,1,43,42
11848,hosp_covid_dis_covid_hours_for,90182,2022-01-14,Пятница,05:00,60,58,2,12,1,48,47
11849,hosp_covid_dis_covid_hours_for,90184,2022-01-14,Пятница,06:00,61,59,2,13,1,48,47
11850,hosp_covid_dis_covid_hours_for,90186,2022-01-14,Пятница,07:00,64,62,2,17,1,47,46
11851,hosp_covid_dis_covid_hours_for,90188,2022-01-14,Пятница,08:00,66,64,2,38,1,28,27
11852,hosp_covid_dis_covid_hours_for,90190,2022-01-14,Пятница,09:00,74,72,2,85,1,-11,-12
11853,hosp_covid_dis_covid_hours_for,90192,2022-01-14,Пятница,10:00,76,74,2,168,1,-92,-93
11854,hosp_covid_dis_covid_hours_for,90194,2022-01-14,Пятница,13:02,153,148,5,375,17,-222,-239
11855,hosp_covid_dis_covid_hours_for,90196,2022-01-14,Пятница,14:00,185,177,8,480,22,-295,-317
11856,hosp_covid_dis_covid_hours_for,90198,2022-01-14,Пятница,15:00,230,216,14,561,25,-331,-356
11857,hosp_covid_dis_covid_hours_for,90200,2022-01-14,Пятница,16:00,262,246,16,606,27,-344,-371
11858,hosp_covid_dis_covid_hours_for,90202,2022-01-14,Пятница,17:00,296,277,19,628,28,-332,-360
11859,hosp_covid_dis_covid_hours_for,90204,2022-01-14,Пятница,18:00,328,309,19,658,28,-330,-358
11860,hosp_covid_dis_covid_hours_for,90206,2022-01-14,Пятница,19:00,375,352,23,683,29,-308,-337
11861,hosp_covid_dis_covid_hours_for,90208,2022-01-14,Пятница,20:00,443,417,26,702,29,-259,-288
11862,hosp_covid_dis_covid_hours_for,90210,2022-01-14,Пятница,21:00,491,458,33,702,29,-211,-240
11863,hosp_covid_dis_covid_hours_for,90212,2022-01-14,Пятница,22:00,516,481,35,708,29,-192,-221
11864,hosp_covid_dis_covid_hours_for,90216,2022-01-14,Пятница,23:00,540,504,36,718,30,-178,-208
11865,hosp_covid_dis_covid_hours_for,90218,2022-01-15,Суббота,01:00,17,17,0,8,0,9,9
11866,hosp_covid_dis_covid_hours_for,90219,2022-01-14,Пятница,сутки,570,533,37,721,30,-151,-181
11867,hosp_covid_dis_covid_hours_for,90221,2022-01-15,Суббота,02:00,33,33,0,9,0,24,24
11868,hosp_covid_dis_covid_hours_for,90223,2022-01-15,Суббота,03:00,54,54,0,11,0,43,43
11869,hosp_covid_dis_covid_hours_for,90225,2022-01-15,Суббота,04:00,67,65,2,14,0,53,53
11870,hosp_covid_dis_covid_hours_for,90227,2022-01-15,Суббота,05:00,77,75,2,17,0,60,60
11871,hosp_covid_dis_covid_hours_for,90229,2022-01-15,Суббота,06:00,87,82,5,17,0,70,70
11872,hosp_covid_dis_covid_hours_for,90231,2022-01-15,Суббота,07:00,91,84,7,18,0,73,73
11873,hosp_covid_dis_covid_hours_for,90233,2022-01-15,Суббота,08:00,91,84,7,48,0,43,43
11874,hosp_covid_dis_covid_hours_for,90235,2022-01-15,Суббота,09:00,91,84,7,84,0,7,7
11875,hosp_covid_dis_covid_hours_for,90237,2022-01-15,Суббота,10:00,96,88,8,119,0,-23,-23
11876,hosp_covid_dis_covid_hours_for,90239,2022-01-15,Суббота,11:00,101,93,8,160,1,-59,-60
11877,hosp_covid_dis_covid_hours_for,90241,2022-01-15,Суббота,12:00,119,109,10,203,6,-84,-90
11878,hosp_covid_dis_covid_hours_for,90243,2022-01-15,Суббота,13:00,150,135,15,236,6,-86,-92
11879,hosp_covid_dis_covid_hours_for,90245,2022-01-15,Суббота,14:00,178,163,15,259,8,-81,-89
11880,hosp_covid_dis_covid_hours_for,90247,2022-01-15,Суббота,15:00,215,195,20,284,8,-69,-77
11881,hosp_covid_dis_covid_hours_for,90249,2022-01-15,Суббота,16:00,238,216,22,289,9,-51,-60
11882,hosp_covid_dis_covid_hours_for,90251,2022-01-15,Суббота,17:00,273,248,25,295,10,-22,-32
11883,hosp_covid_dis_covid_hours_for,90253,2022-01-15,Суббота,18:00,296,270,26,303,13,-7,-20
11884,hosp_covid_dis_covid_hours_for,90255,2022-01-15,Суббота,19:00,321,292,29,307,14,14,0
11885,hosp_covid_dis_covid_hours_for,90257,2022-01-15,Суббота,20:00,342,310,32,316,14,26,12
11886,hosp_covid_dis_covid_hours_for,90259,2022-01-15,Суббота,21:00,369,335,34,319,15,50,35
11887,hosp_covid_dis_covid_hours_for,90261,2022-01-15,Суббота,22:00,388,354,34,322,15,66,51
11888,hosp_covid_dis_covid_hours_for,90265,2022-01-15,Суббота,23:00,420,384,36,331,15,89,74
11889,hosp_covid_dis_covid_hours_for,90267,2022-01-16,Воскресенье,01:00,12,12,0,6,0,6,6
11890,hosp_covid_dis_covid_hours_for,90268,2022-01-15,Суббота,сутки,446,409,37,335,16,111,95
11891,hosp_covid_dis_covid_hours_for,90270,2022-01-16,Воскресенье,02:00,21,21,0,6,0,15,15
11892,hosp_covid_dis_covid_hours_for,90272,2022-01-16,Воскресенье,03:00,29,29,0,6,0,23,23
11893,hosp_covid_dis_covid_hours_for,90274,2022-01-16,Воскресенье,04:00,35,35,0,7,0,28,28
11894,hosp_covid_dis_covid_hours_for,90276,2022-01-16,Воскресенье,05:00,40,40,0,7,0,33,33
11895,hosp_covid_dis_covid_hours_for,90278,2022-01-16,Воскресенье,06:00,43,43,0,8,0,35,35
11896,hosp_covid_dis_covid_hours_for,90280,2022-01-16,Воскресенье,07:00,43,43,0,9,0,34,34
11897,hosp_covid_dis_covid_hours_for,90282,2022-01-16,Воскресенье,08:00,43,43,0,9,0,34,34
11898,hosp_covid_dis_covid_hours_for,90284,2022-01-16,Воскресенье,09:00,48,48,0,24,0,24,24
11899,hosp_covid_dis_covid_hours_for,90286,2022-01-16,Воскресенье,10:00,62,62,0,89,0,-27,-27
11900,hosp_covid_dis_covid_hours_for,90288,2022-01-16,Воскресенье,11:00,71,68,3,136,6,-65,-71
11901,hosp_covid_dis_covid_hours_for,90290,2022-01-16,Воскресенье,12:00,80,77,3,171,7,-91,-98
11902,hosp_covid_dis_covid_hours_for,90292,2022-01-16,Воскресенье,13:00,99,95,4,208,14,-109,-123
11903,hosp_covid_dis_covid_hours_for,90294,2022-01-16,Воскресенье,14:00,120,114,6,219,16,-99,-115
11904,hosp_covid_dis_covid_hours_for,90296,2022-01-16,Воскресенье,15:00,148,140,8,233,22,-85,-107
11905,hosp_covid_dis_covid_hours_for,90298,2022-01-16,Воскресенье,16:00,170,162,8,248,23,-78,-101
11906,hosp_covid_dis_covid_hours_for,90300,2022-01-16,Воскресенье,17:00,190,180,10,257,23,-67,-90
11907,hosp_covid_dis_covid_hours_for,90302,2022-01-16,Воскресенье,18:00,220,208,12,267,24,-47,-71
11908,hosp_covid_dis_covid_hours_for,90304,2022-01-16,Воскресенье,19:00,238,223,15,272,24,-34,-58
11909,hosp_covid_dis_covid_hours_for,90306,2022-01-16,Воскресенье,20:00,265,248,17,274,24,-9,-33
11910,hosp_covid_dis_covid_hours_for,90308,2022-01-16,Воскресенье,21:00,282,264,18,277,24,5,-19
11911,hosp_covid_dis_covid_hours_for,90310,2022-01-16,Воскресенье,22:00,304,286,18,284,24,20,-4
11912,hosp_covid_dis_covid_hours_for,90314,2022-01-16,Воскресенье,23:00,317,299,18,288,24,29,5
11913,hosp_covid_dis_covid_hours_for,90316,2022-01-17,Понедельник,01:00,7,6,1,2,0,5,5
11914,hosp_covid_dis_covid_hours_for,90317,2022-01-16,Воскресенье,сутки,338,320,18,291,24,47,23
11915,hosp_covid_dis_covid_hours_for,90319,2022-01-17,Понедельник,02:00,18,17,1,5,0,13,13
11916,hosp_covid_dis_covid_hours_for,90321,2022-01-17,Понедельник,03:00,35,34,1,13,0,22,22
11917,hosp_covid_dis_covid_hours_for,90323,2022-01-17,Понедельник,04:00,46,45,1,13,0,33,33
11918,hosp_covid_dis_covid_hours_for,90325,2022-01-17,Понедельник,05:00,57,56,1,13,0,44,44
11919,hosp_covid_dis_covid_hours_for,90327,2022-01-17,Понедельник,06:00,61,60,1,13,0,48,48
11920,hosp_covid_dis_covid_hours_for,90329,2022-01-17,Понедельник,07:00,67,66,1,17,0,50,50
11921,hosp_covid_dis_covid_hours_for,90331,2022-01-17,Понедельник,08:00,69,68,1,33,0,36,36
11922,hosp_covid_dis_covid_hours_for,90333,2022-01-17,Понедельник,09:00,76,75,1,53,0,23,23
11923,hosp_covid_dis_covid_hours_for,90335,2022-01-17,Понедельник,10:00,81,79,2,97,0,-16,-16
11924,hosp_covid_dis_covid_hours_for,90337,2022-01-17,Понедельник,11:00,92,89,3,179,4,-87,-91
11925,hosp_covid_dis_covid_hours_for,90339,2022-01-17,Понедельник,12:00,121,117,4,261,7,-140,-147
11926,hosp_covid_dis_covid_hours_for,90341,2022-01-17,Понедельник,13:00,142,135,7,356,16,-214,-230
11927,hosp_covid_dis_covid_hours_for,90343,2022-01-17,Понедельник,14:00,176,165,11,441,24,-265,-289
11928,hosp_covid_dis_covid_hours_for,90345,2022-01-17,Понедельник,15:00,212,200,12,534,27,-322,-349
11929,hosp_covid_dis_covid_hours_for,90347,2022-01-17,Понедельник,16:00,237,224,13,591,34,-354,-388
11930,hosp_covid_dis_covid_hours_for,90349,2022-01-17,Понедельник,17:00,265,247,18,612,34,-347,-381
11931,hosp_covid_dis_covid_hours_for,90351,2022-01-17,Понедельник,18:00,295,272,23,623,34,-328,-362
11932,hosp_covid_dis_covid_hours_for,90353,2022-01-17,Понедельник,19:00,331,301,30,634,35,-303,-338
11933,hosp_covid_dis_covid_hours_for,90355,2022-01-17,Понедельник,20:00,389,345,44,658,37,-269,-306
11934,hosp_covid_dis_covid_hours_for,90357,2022-01-17,Понедельник,21:00,442,396,46,661,39,-219,-258
11935,hosp_covid_dis_covid_hours_for,90359,2022-01-17,Понедельник,22:00,465,418,47,663,40,-198,-238
11936,hosp_covid_dis_covid_hours_for,90363,2022-01-17,Понедельник,23:00,506,455,51,675,40,-169,-209
11937,hosp_covid_dis_covid_hours_for,90365,2022-01-18,Вторник,01:00,10,10,0,5,0,5,5
11938,hosp_covid_dis_covid_hours_for,90366,2022-01-17,Понедельник,сутки,529,475,54,681,43,-152,-195
11939,hosp_covid_dis_covid_hours_for,90368,2022-01-18,Вторник,02:00,37,36,1,7,0,30,30
11940,hosp_covid_dis_covid_hours_for,90370,2022-01-18,Вторник,03:00,55,52,3,7,1,48,47
11941,hosp_covid_dis_covid_hours_for,90372,2022-01-18,Вторник,04:00,73,70,3,9,1,64,63
11942,hosp_covid_dis_covid_hours_for,90374,2022-01-18,Вторник,05:00,80,77,3,10,1,70,69
11943,hosp_covid_dis_covid_hours_for,90376,2022-01-18,Вторник,06:00,86,83,3,10,1,76,75
11944,hosp_covid_dis_covid_hours_for,90378,2022-01-18,Вторник,07:00,90,87,3,15,1,75,74
11945,hosp_covid_dis_covid_hours_for,90380,2022-01-18,Вторник,08:00,95,91,4,32,1,63,62
11946,hosp_covid_dis_covid_hours_for,90382,2022-01-18,Вторник,09:00,102,98,4,72,2,30,28
11947,hosp_covid_dis_covid_hours_for,90384,2022-01-18,Вторник,10:00,107,100,7,141,2,-34,-36
11948,hosp_covid_dis_covid_hours_for,90386,2022-01-18,Вторник,11:00,119,110,9,202,3,-83,-86
11949,hosp_covid_dis_covid_hours_for,90388,2022-01-18,Вторник,12:00,147,134,13,280,8,-133,-141
11950,hosp_covid_dis_covid_hours_for,90390,2022-01-18,Вторник,13:00,184,164,20,354,20,-170,-190
11951,hosp_covid_dis_covid_hours_for,90392,2022-01-18,Вторник,14:00,222,200,22,464,23,-242,-265
11952,hosp_covid_dis_covid_hours_for,90394,2022-01-18,Вторник,15:00,257,231,26,508,26,-251,-277
11953,hosp_covid_dis_covid_hours_for,90396,2022-01-18,Вторник,16:00,291,263,28,558,26,-267,-293
11954,hosp_covid_dis_covid_hours_for,90398,2022-01-18,Вторник,17:00,323,291,32,590,27,-267,-294
11955,hosp_covid_dis_covid_hours_for,90400,2022-01-18,Вторник,18:00,358,320,38,624,28,-266,-294
11956,hosp_covid_dis_covid_hours_for,90402,2022-01-18,Вторник,19:00,401,357,44,644,28,-243,-271
11957,hosp_covid_dis_covid_hours_for,90404,2022-01-18,Вторник,20:00,432,383,49,652,28,-220,-248
11958,hosp_covid_dis_covid_hours_for,90406,2022-01-18,Вторник,21:00,472,415,57,655,28,-183,-211
11959,hosp_covid_dis_covid_hours_for,90408,2022-01-18,Вторник,22:00,501,444,57,659,28,-158,-186
11960,hosp_covid_dis_covid_hours_for,90412,2022-01-18,Вторник,23:00,516,459,57,659,28,-143,-171
11961,hosp_covid_dis_covid_hours_for,90414,2022-01-19,Среда,01:00,9,9,0,5,0,4,4
11962,hosp_covid_dis_covid_hours_for,90415,2022-01-18,Вторник,сутки,551,492,59,661,30,-110,-140
11963,hosp_covid_dis_covid_hours_for,90417,2022-01-19,Среда,02:00,21,20,1,7,1,14,13
11964,hosp_covid_dis_covid_hours_for,90419,2022-01-19,Среда,03:00,35,34,1,8,1,27,26
11965,hosp_covid_dis_covid_hours_for,90421,2022-01-19,Среда,04:00,46,45,1,8,1,38,37
11966,hosp_covid_dis_covid_hours_for,90423,2022-01-19,Среда,05:00,62,61,1,9,1,53,52
11967,hosp_covid_dis_covid_hours_for,90425,2022-01-19,Среда,06:00,66,65,1,12,1,54,53
11968,hosp_covid_dis_covid_hours_for,90427,2022-01-19,Среда,07:00,70,69,1,20,1,50,49
11969,hosp_covid_dis_covid_hours_for,90429,2022-01-19,Среда,08:00,74,73,1,44,2,30,28
11970,hosp_covid_dis_covid_hours_for,90431,2022-01-19,Среда,09:00,81,80,1,69,2,12,10
11971,hosp_covid_dis_covid_hours_for,90433,2022-01-19,Среда,10:00,91,86,5,115,2,-24,-26
11972,hosp_covid_dis_covid_hours_for,90435,2022-01-19,Среда,11:00,102,96,6,192,7,-90,-97
11973,hosp_covid_dis_covid_hours_for,90437,2022-01-19,Среда,12:00,123,116,7,270,15,-147,-162
11974,hosp_covid_dis_covid_hours_for,90439,2022-01-19,Среда,13:00,156,142,14,361,18,-205,-223
11975,hosp_covid_dis_covid_hours_for,90441,2022-01-19,Среда,14:00,180,164,16,439,20,-259,-279
11976,hosp_covid_dis_covid_hours_for,90443,2022-01-19,Среда,15:00,216,193,23,514,23,-298,-321
11977,hosp_covid_dis_covid_hours_for,90445,2022-01-19,Среда,16:00,238,212,26,565,27,-327,-354
11978,hosp_covid_dis_covid_hours_for,90447,2022-01-19,Среда,17:00,279,248,31,586,27,-307,-334
11979,hosp_covid_dis_covid_hours_for,90449,2022-01-19,Среда,18:00,318,283,35,601,27,-283,-310
11980,hosp_covid_dis_covid_hours_for,90451,2022-01-19,Среда,19:00,360,318,42,606,27,-246,-273
11981,hosp_covid_dis_covid_hours_for,90453,2022-01-19,Среда,20:00,398,351,47,613,27,-215,-242
11982,hosp_covid_dis_covid_hours_for,90455,2022-01-19,Среда,21:00,431,380,51,618,28,-187,-215
11983,hosp_covid_dis_covid_hours_for,90457,2022-01-19,Среда,22:00,459,405,54,622,28,-163,-191
11984,hosp_covid_dis_covid_hours_for,90461,2022-01-19,Среда,23:00,495,436,59,624,28,-129,-157
11985,hosp_covid_dis_covid_hours_for,90463,2022-01-20,Четверг,01:00,8,8,0,1,0,7,7
11986,hosp_covid_dis_covid_hours_for,90464,2022-01-19,Среда,сутки,525,465,60,625,29,-100,-129
11987,hosp_covid_dis_covid_hours_for,90466,2022-01-20,Четверг,02:00,21,20,1,1,0,20,20
11988,hosp_covid_dis_covid_hours_for,90468,2022-01-20,Четверг,03:00,31,29,2,4,0,27,27
11989,hosp_covid_dis_covid_hours_for,90470,2022-01-20,Четверг,04:00,41,39,2,5,0,36,36
11990,hosp_covid_dis_covid_hours_for,90472,2022-01-20,Четверг,05:00,49,47,2,6,0,43,43
11991,hosp_covid_dis_covid_hours_for,90474,2022-01-20,Четверг,06:00,59,57,2,8,0,51,51
11992,hosp_covid_dis_covid_hours_for,90476,2022-01-20,Четверг,07:00,63,61,2,19,1,44,43
11993,hosp_covid_dis_covid_hours_for,90478,2022-01-20,Четверг,08:00,68,66,2,35,1,33,32
11994,hosp_covid_dis_covid_hours_for,90480,2022-01-20,Четверг,09:00,77,75,2,64,1,13,12
11995,hosp_covid_dis_covid_hours_for,90482,2022-01-20,Четверг,10:00,78,76,2,115,1,-37,-38
11996,hosp_covid_dis_covid_hours_for,90484,2022-01-20,Четверг,11:00,93,86,7,188,3,-95,-98
11997,hosp_covid_dis_covid_hours_for,90486,2022-01-20,Четверг,12:00,117,106,11,247,9,-130,-139
11998,hosp_covid_dis_covid_hours_for,90488,2022-01-20,Четверг,13:00,156,141,15,339,11,-183,-194
11999,hosp_covid_dis_covid_hours_for,90490,2022-01-20,Четверг,14:00,188,168,20,394,20,-206,-226
12000,hosp_covid_dis_covid_hours_for,90492,2022-01-20,Четверг,15:00,228,203,25,459,23,-231,-254
12001,hosp_covid_dis_covid_hours_for,90494,2022-01-20,Четверг,16:00,261,229,32,501,24,-240,-264
12002,hosp_covid_dis_covid_hours_for,90496,2022-01-20,Четверг,17:00,301,265,36,518,24,-217,-241
12003,hosp_covid_dis_covid_hours_for,90498,2022-01-20,Четверг,18:00,337,298,39,542,24,-205,-229
12004,hosp_covid_dis_covid_hours_for,90500,2022-01-20,Четверг,19:00,378,334,44,568,24,-190,-214
12005,hosp_covid_dis_covid_hours_for,90502,2022-01-20,Четверг,20:00,428,375,53,573,24,-145,-169
12006,hosp_covid_dis_covid_hours_for,90504,2022-01-20,Четверг,21:00,463,407,56,576,26,-113,-139
12007,hosp_covid_dis_covid_hours_for,90506,2022-01-20,Четверг,22:00,499,437,62,576,26,-77,-103
12008,hosp_covid_dis_covid_hours_for,90510,2022-01-20,Четверг,23:00,517,453,64,581,27,-64,-91
12009,hosp_covid_dis_covid_hours_for,90512,2022-01-21,Пятница,01:00,10,10,0,1,0,9,9
12010,hosp_covid_dis_covid_hours_for,90513,2022-01-20,Четверг,сутки,541,472,69,584,27,-43,-70
12011,hosp_covid_dis_covid_hours_for,90515,2022-01-21,Пятница,02:00,27,27,0,4,0,23,23
12012,hosp_covid_dis_covid_hours_for,90517,2022-01-21,Пятница,03:00,43,43,0,6,0,37,37
12013,hosp_covid_dis_covid_hours_for,90519,2022-01-21,Пятница,04:00,62,62,0,6,0,56,56
12014,hosp_covid_dis_covid_hours_for,90521,2022-01-21,Пятница,05:00,76,76,0,8,0,68,68
12015,hosp_covid_dis_covid_hours_for,90523,2022-01-21,Пятница,06:00,85,85,0,9,0,76,76
12016,hosp_covid_dis_covid_hours_for,90525,2022-01-21,Пятница,07:00,93,93,0,15,0,78,78
12017,hosp_covid_dis_covid_hours_for,90527,2022-01-21,Пятница,08:00,103,103,0,25,0,78,78
12018,hosp_covid_dis_covid_hours_for,90529,2022-01-21,Пятница,09:00,115,115,0,52,0,63,63
12019,hosp_covid_dis_covid_hours_for,90531,2022-01-21,Пятница,10:00,123,122,1,111,0,12,12
12020,hosp_covid_dis_covid_hours_for,90533,2022-01-21,Пятница,11:00,135,133,2,189,3,-54,-57
12021,hosp_covid_dis_covid_hours_for,90535,2022-01-21,Пятница,12:00,157,153,4,280,7,-123,-130
12022,hosp_covid_dis_covid_hours_for,90537,2022-01-21,Пятница,13:00,180,172,8,383,21,-203,-224
12023,hosp_covid_dis_covid_hours_for,90539,2022-01-21,Пятница,14:00,221,210,11,474,25,-253,-278
12024,hosp_covid_dis_covid_hours_for,90541,2022-01-21,Пятница,15:00,259,239,20,532,31,-273,-304
12025,hosp_covid_dis_covid_hours_for,90543,2022-01-21,Пятница,16:00,295,269,26,561,34,-266,-300
12026,hosp_covid_dis_covid_hours_for,90545,2022-01-21,Пятница,17:00,326,295,31,583,34,-257,-291
12027,hosp_covid_dis_covid_hours_for,90547,2022-01-21,Пятница,18:00,354,318,36,615,38,-261,-299
12028,hosp_covid_dis_covid_hours_for,90549,2022-01-21,Пятница,19:00,383,342,41,642,38,-259,-297
12029,hosp_covid_dis_covid_hours_for,90551,2022-01-21,Пятница,20:00,434,387,47,650,38,-216,-254
12030,hosp_covid_dis_covid_hours_for,90553,2022-01-21,Пятница,21:00,471,419,52,656,38,-185,-223
12031,hosp_covid_dis_covid_hours_for,90555,2022-01-21,Пятница,22:00,494,440,54,660,38,-166,-204
12032,hosp_covid_dis_covid_hours_for,90559,2022-01-21,Пятница,23:00,519,461,58,662,38,-143,-181
12033,hosp_covid_dis_covid_hours_for,90561,2022-01-22,Суббота,01:00,7,6,1,2,0,5,5
12034,hosp_covid_dis_covid_hours_for,90562,2022-01-21,Пятница,сутки,546,486,60,666,38,-120,-158
12035,hosp_covid_dis_covid_hours_for,90564,2022-01-22,Суббота,02:00,22,21,1,5,1,17,16
12036,hosp_covid_dis_covid_hours_for,90566,2022-01-22,Суббота,03:00,45,43,2,11,1,34,33
12037,hosp_covid_dis_covid_hours_for,90568,2022-01-22,Суббота,04:00,63,61,2,12,1,51,50
12038,hosp_covid_dis_covid_hours_for,90570,2022-01-22,Суббота,05:00,78,76,2,14,1,64,63
12039,hosp_covid_dis_covid_hours_for,90572,2022-01-22,Суббота,06:00,92,90,2,16,1,76,75
12040,hosp_covid_dis_covid_hours_for,90574,2022-01-22,Суббота,07:00,100,98,2,24,1,76,75
12041,hosp_covid_dis_covid_hours_for,90576,2022-01-22,Суббота,08:00,106,104,2,35,2,71,69
12042,hosp_covid_dis_covid_hours_for,90578,2022-01-22,Суббота,09:00,108,106,2,56,2,52,50
12043,hosp_covid_dis_covid_hours_for,90580,2022-01-22,Суббота,10:00,116,110,6,89,2,27,25
12044,hosp_covid_dis_covid_hours_for,90582,2022-01-22,Суббота,11:00,128,122,6,143,7,-15,-22
12045,hosp_covid_dis_covid_hours_for,90584,2022-01-22,Суббота,12:00,156,148,8,192,14,-36,-50
12046,hosp_covid_dis_covid_hours_for,90586,2022-01-22,Суббота,13:00,179,167,12,237,17,-58,-75
12047,hosp_covid_dis_covid_hours_for,90588,2022-01-22,Суббота,14:00,205,192,13,270,17,-65,-82
12048,hosp_covid_dis_covid_hours_for,90590,2022-01-22,Суббота,15:00,231,214,17,283,19,-52,-71
12049,hosp_covid_dis_covid_hours_for,90592,2022-01-22,Суббота,16:00,260,238,22,297,20,-37,-57
12050,hosp_covid_dis_covid_hours_for,90594,2022-01-22,Суббота,17:00,290,266,24,319,20,-29,-49
12051,hosp_covid_dis_covid_hours_for,90596,2022-01-22,Суббота,18:00,325,299,26,330,21,-5,-26
12052,hosp_covid_dis_covid_hours_for,90598,2022-01-22,Суббота,19:00,356,321,35,341,21,15,-6
12053,hosp_covid_dis_covid_hours_for,90600,2022-01-22,Суббота,20:00,390,353,37,349,21,41,20
12054,hosp_covid_dis_covid_hours_for,90602,2022-01-22,Суббота,21:00,413,374,39,356,21,57,36
12055,hosp_covid_dis_covid_hours_for,90604,2022-01-22,Суббота,22:00,439,400,39,361,21,78,57
12056,hosp_covid_dis_covid_hours_for,90608,2022-01-22,Суббота,23:00,474,431,43,365,21,109,88
12057,hosp_covid_dis_covid_hours_for,90610,2022-01-23,Воскресенье,01:00,13,13,0,0,0,13,13
12058,hosp_covid_dis_covid_hours_for,90611,2022-01-22,Суббота,сутки,505,461,44,371,21,134,113
12059,hosp_covid_dis_covid_hours_for,90613,2022-01-23,Воскресенье,02:00,31,30,1,0,0,31,31
12060,hosp_covid_dis_covid_hours_for,90615,2022-01-23,Воскресенье,03:00,45,43,2,0,0,45,45
12061,hosp_covid_dis_covid_hours_for,90617,2022-01-23,Воскресенье,04:00,55,53,2,1,0,54,54
12062,hosp_covid_dis_covid_hours_for,90619,2022-01-23,Воскресенье,05:00,72,70,2,4,0,68,68
12063,hosp_covid_dis_covid_hours_for,90621,2022-01-23,Воскресенье,06:00,80,78,2,8,0,72,72
12064,hosp_covid_dis_covid_hours_for,90623,2022-01-23,Воскресенье,07:00,91,89,2,19,0,72,72
12065,hosp_covid_dis_covid_hours_for,90625,2022-01-23,Воскресенье,08:00,100,98,2,29,0,71,71
12066,hosp_covid_dis_covid_hours_for,90627,2022-01-23,Воскресенье,09:00,106,104,2,54,0,52,52
12067,hosp_covid_dis_covid_hours_for,90629,2022-01-23,Воскресенье,10:00,115,112,3,90,0,25,25
12068,hosp_covid_dis_covid_hours_for,90631,2022-01-23,Воскресенье,11:00,123,120,3,120,1,3,2
12069,hosp_covid_dis_covid_hours_for,90633,2022-01-23,Воскресенье,12:00,131,127,4,150,2,-19,-21
12070,hosp_covid_dis_covid_hours_for,90635,2022-01-23,Воскресенье,13:00,154,148,6,175,3,-21,-24
12071,hosp_covid_dis_covid_hours_for,90637,2022-01-23,Воскресенье,14:00,183,176,7,200,5,-17,-22
12072,hosp_covid_dis_covid_hours_for,90639,2022-01-23,Воскресенье,15:00,210,202,8,227,8,-17,-25
12073,hosp_covid_dis_covid_hours_for,90641,2022-01-23,Воскресенье,16:00,237,225,12,255,10,-18,-28
12074,hosp_covid_dis_covid_hours_for,90643,2022-01-23,Воскресенье,17:00,260,245,15,263,10,-3,-13
12075,hosp_covid_dis_covid_hours_for,90645,2022-01-23,Воскресенье,18:00,284,268,16,270,10,14,4
12076,hosp_covid_dis_covid_hours_for,90647,2022-01-23,Воскресенье,19:00,315,298,17,273,11,42,31
12077,hosp_covid_dis_covid_hours_for,90649,2022-01-23,Воскресенье,20:00,340,320,20,277,11,63,52
12078,hosp_covid_dis_covid_hours_for,90651,2022-01-23,Воскресенье,21:00,365,343,22,283,12,82,70
12079,hosp_covid_dis_covid_hours_for,90653,2022-01-23,Воскресенье,22:00,379,356,23,288,12,91,79
12080,hosp_covid_dis_covid_hours_for,90657,2022-01-23,Воскресенье,23:00,396,369,27,293,12,103,91
12081,hosp_covid_dis_covid_hours_for,90659,2022-01-24,Понедельник,01:00,8,8,0,0,0,8,8
12082,hosp_covid_dis_covid_hours_for,90660,2022-01-23,Воскресенье,сутки,421,392,29,293,12,128,116
12083,hosp_covid_dis_covid_hours_for,90662,2022-01-24,Понедельник,02:00,19,19,0,8,0,11,11
12084,hosp_covid_dis_covid_hours_for,90664,2022-01-24,Понедельник,03:00,34,33,1,8,0,26,26
12085,hosp_covid_dis_covid_hours_for,90666,2022-01-24,Понедельник,04:00,50,47,3,8,0,42,42
12086,hosp_covid_dis_covid_hours_for,90668,2022-01-24,Понедельник,05:00,67,64,3,9,0,58,58
12087,hosp_covid_dis_covid_hours_for,90670,2022-01-24,Понедельник,06:00,76,73,3,12,0,64,64
12088,hosp_covid_dis_covid_hours_for,90672,2022-01-24,Понедельник,07:00,83,80,3,16,0,67,67
12089,hosp_covid_dis_covid_hours_for,90674,2022-01-24,Понедельник,08:00,86,83,3,24,0,62,62
12090,hosp_covid_dis_covid_hours_for,90676,2022-01-24,Понедельник,09:00,94,91,3,38,0,56,56
12091,hosp_covid_dis_covid_hours_for,90678,2022-01-24,Понедельник,10:00,102,97,5,72,1,30,29
12092,hosp_covid_dis_covid_hours_for,90680,2022-01-24,Понедельник,11:00,109,104,5,134,8,-25,-33
12093,hosp_covid_dis_covid_hours_for,90682,2022-01-24,Понедельник,12:00,146,138,8,220,13,-74,-87
12094,hosp_covid_dis_covid_hours_for,90684,2022-01-24,Понедельник,13:00,175,166,9,314,17,-139,-156
12095,hosp_covid_dis_covid_hours_for,90686,2022-01-24,Понедельник,14:00,218,206,12,400,23,-182,-205
12096,hosp_covid_dis_covid_hours_for,90688,2022-01-24,Понедельник,15:00,256,239,17,445,26,-189,-215
12097,hosp_covid_dis_covid_hours_for,90690,2022-01-24,Понедельник,16:00,287,266,21,506,35,-219,-254
12098,hosp_covid_dis_covid_hours_for,90692,2022-01-24,Понедельник,17:00,322,294,28,546,35,-224,-259
12099,hosp_covid_dis_covid_hours_for,90694,2022-01-24,Понедельник,18:00,374,341,33,595,36,-221,-257
12100,hosp_covid_dis_covid_hours_for,90696,2022-01-24,Понедельник,19:00,406,368,38,625,39,-219,-258
12101,hosp_covid_dis_covid_hours_for,90698,2022-01-24,Понедельник,20:00,458,418,40,648,40,-190,-230
12102,hosp_covid_dis_covid_hours_for,90700,2022-01-24,Понедельник,21:00,508,460,48,650,40,-142,-182
12103,hosp_covid_dis_covid_hours_for,90702,2022-01-24,Понедельник,22:00,538,488,50,655,40,-117,-157
12104,hosp_covid_dis_covid_hours_for,90706,2022-01-24,Понедельник,23:00,568,513,55,659,40,-91,-131
12105,hosp_covid_dis_covid_hours_for,90708,2022-01-25,Вторник,01:00,23,23,0,2,1,21,20
12106,hosp_covid_dis_covid_hours_for,90709,2022-01-24,Понедельник,сутки,603,548,55,663,40,-60,-100
12107,hosp_covid_dis_covid_hours_for,90711,2022-01-25,Вторник,02:00,40,40,0,5,1,35,34
12108,hosp_covid_dis_covid_hours_for,90713,2022-01-25,Вторник,03:00,61,60,1,5,3,56,53
12109,hosp_covid_dis_covid_hours_for,90715,2022-01-25,Вторник,04:00,90,90,0,6,3,84,81
12110,hosp_covid_dis_covid_hours_for,90717,2022-01-25,Вторник,05:00,113,113,0,7,3,106,103
12111,hosp_covid_dis_covid_hours_for,90719,2022-01-25,Вторник,06:00,122,122,0,11,3,111,108
12112,hosp_covid_dis_covid_hours_for,90721,2022-01-25,Вторник,07:00,128,128,0,15,3,113,110
12113,hosp_covid_dis_covid_hours_for,90723,2022-01-25,Вторник,08:00,138,138,0,30,3,108,105
12114,hosp_covid_dis_covid_hours_for,90725,2022-01-25,Вторник,09:00,142,140,2,58,3,84,81
12115,hosp_covid_dis_covid_hours_for,90727,2022-01-25,Вторник,10:02,148,144,4,115,3,33,30
12116,hosp_covid_dis_covid_hours_for,90729,2022-01-25,Вторник,12:00,171,162,9,205,8,-34,-42
12117,hosp_covid_dis_covid_hours_for,90731,2022-01-25,Вторник,13:00,204,190,14,279,11,-75,-86
12118,hosp_covid_dis_covid_hours_for,90733,2022-01-25,Вторник,14:00,251,228,23,365,15,-114,-129
12119,hosp_covid_dis_covid_hours_for,90735,2022-01-25,Вторник,15:00,286,259,27,437,16,-151,-167
12120,hosp_covid_dis_covid_hours_for,90737,2022-01-25,Вторник,16:00,319,287,32,502,22,-183,-205
12121,hosp_covid_dis_covid_hours_for,90739,2022-01-25,Вторник,17:00,342,306,36,538,27,-196,-223
12122,hosp_covid_dis_covid_hours_for,90741,2022-01-25,Вторник,18:00,379,338,41,590,27,-211,-238
12123,hosp_covid_dis_covid_hours_for,90743,2022-01-25,Вторник,19:00,411,367,44,598,28,-187,-215
12124,hosp_covid_dis_covid_hours_for,90745,2022-01-25,Вторник,20:00,455,404,51,607,29,-152,-181
12125,hosp_covid_dis_covid_hours_for,90747,2022-01-25,Вторник,21:00,508,450,58,622,29,-114,-143
12126,hosp_covid_dis_covid_hours_for,90749,2022-01-25,Вторник,22:00,540,478,62,628,29,-88,-117
12127,hosp_covid_dis_covid_hours_for,90753,2022-01-25,Вторник,23:00,556,494,62,640,29,-84,-113
12128,hosp_covid_dis_covid_hours_for,90755,2022-01-26,Среда,01:00,15,14,1,3,0,12,12
12129,hosp_covid_dis_covid_hours_for,90756,2022-01-25,Вторник,сутки,586,524,62,647,30,-61,-91
12130,hosp_covid_dis_covid_hours_for,90758,2022-01-26,Среда,02:00,35,34,1,4,0,31,31
12131,hosp_covid_dis_covid_hours_for,90760,2022-01-26,Среда,03:00,55,54,1,7,0,48,48
12132,hosp_covid_dis_covid_hours_for,90762,2022-01-26,Среда,04:00,71,70,1,7,0,64,64
12133,hosp_covid_dis_covid_hours_for,90764,2022-01-26,Среда,05:00,88,86,2,9,0,79,79
12134,hosp_covid_dis_covid_hours_for,90766,2022-01-26,Среда,06:00,101,99,2,13,0,88,88
12135,hosp_covid_dis_covid_hours_for,90768,2022-01-26,Среда,07:00,121,119,2,17,0,104,104
12136,hosp_covid_dis_covid_hours_for,90770,2022-01-26,Среда,08:00,135,133,2,24,0,111,111
12137,hosp_covid_dis_covid_hours_for,90772,2022-01-26,Среда,09:00,157,154,3,42,0,115,115
12138,hosp_covid_dis_covid_hours_for,90774,2022-01-26,Среда,10:00,165,162,3,103,1,62,61
12139,hosp_covid_dis_covid_hours_for,90776,2022-01-26,Среда,11:00,178,170,8,170,5,8,3
12140,hosp_covid_dis_covid_hours_for,90778,2022-01-26,Среда,12:00,194,185,9,236,9,-42,-51
12141,hosp_covid_dis_covid_hours_for,90780,2022-01-26,Среда,13:00,237,223,14,352,12,-115,-127
12142,hosp_covid_dis_covid_hours_for,90782,2022-01-26,Среда,14:00,281,265,16,417,13,-136,-149
12143,hosp_covid_dis_covid_hours_for,90784,2022-01-26,Среда,15:00,320,297,23,488,22,-168,-190
12144,hosp_covid_dis_covid_hours_for,90786,2022-01-26,Среда,16:00,351,323,28,562,30,-211,-241
12145,hosp_covid_dis_covid_hours_for,90788,2022-01-26,Среда,17:00,400,364,36,583,32,-183,-215
12146,hosp_covid_dis_covid_hours_for,90790,2022-01-26,Среда,18:00,445,401,44,608,33,-163,-196
12147,hosp_covid_dis_covid_hours_for,90792,2022-01-26,Среда,19:00,492,439,53,621,33,-129,-162
12148,hosp_covid_dis_covid_hours_for,90794,2022-01-26,Среда,20:00,532,470,62,634,33,-102,-135
12149,hosp_covid_dis_covid_hours_for,90796,2022-01-26,Среда,21:00,565,499,66,639,37,-74,-111
12150,hosp_covid_dis_covid_hours_for,90798,2022-01-26,Среда,22:00,599,527,72,646,37,-47,-84
12151,hosp_covid_dis_covid_hours_for,90802,2022-01-26,Среда,23:00,632,556,76,649,37,-17,-54
12152,hosp_covid_dis_covid_hours_for,90804,2022-01-27,Четверг,01:00,15,15,0,2,1,13,12
12153,hosp_covid_dis_covid_hours_for,90805,2022-01-26,Среда,сутки,669,591,78,652,37,17,-20
12154,hosp_covid_dis_covid_hours_for,90807,2022-01-27,Четверг,02:00,43,42,1,5,1,38,37
12155,hosp_covid_dis_covid_hours_for,90809,2022-01-27,Четверг,03:00,68,66,2,8,1,60,59
12156,hosp_covid_dis_covid_hours_for,90811,2022-01-27,Четверг,04:00,82,80,2,8,2,74,72
12157,hosp_covid_dis_covid_hours_for,90813,2022-01-27,Четверг,05:00,105,103,2,8,2,97,95
12158,hosp_covid_dis_covid_hours_for,90815,2022-01-27,Четверг,06:00,122,120,2,9,2,113,111
12159,hosp_covid_dis_covid_hours_for,90817,2022-01-27,Четверг,07:00,134,132,2,17,2,117,115
12160,hosp_covid_dis_covid_hours_for,90819,2022-01-27,Четверг,08:00,147,145,2,25,3,122,119
12161,hosp_covid_dis_covid_hours_for,90821,2022-01-27,Четверг,09:00,162,160,2,53,3,109,106
12162,hosp_covid_dis_covid_hours_for,90823,2022-01-27,Четверг,10:00,176,173,3,105,4,71,67
12163,hosp_covid_dis_covid_hours_for,90825,2022-01-27,Четверг,11:00,194,190,4,184,6,10,4
12164,hosp_covid_dis_covid_hours_for,90827,2022-01-27,Четверг,12:00,224,217,7,237,11,-13,-24
12165,hosp_covid_dis_covid_hours_for,90829,2022-01-27,Четверг,13:00,259,247,12,342,18,-83,-101
12166,hosp_covid_dis_covid_hours_for,90831,2022-01-27,Четверг,14:00,304,284,20,391,25,-87,-112
12167,hosp_covid_dis_covid_hours_for,90833,2022-01-27,Четверг,15:00,350,326,24,450,27,-100,-127
12168,hosp_covid_dis_covid_hours_for,90835,2022-01-27,Четверг,16:00,391,364,27,496,32,-105,-137
12169,hosp_covid_dis_covid_hours_for,90837,2022-01-27,Четверг,17:00,442,408,34,518,34,-76,-110
12170,hosp_covid_dis_covid_hours_for,90839,2022-01-27,Четверг,18:00,487,446,41,540,34,-53,-87
12171,hosp_covid_dis_covid_hours_for,90841,2022-01-27,Четверг,19:00,533,489,44,564,35,-31,-66
12172,hosp_covid_dis_covid_hours_for,90843,2022-01-27,Четверг,20:00,589,534,55,568,36,21,-15
12173,hosp_covid_dis_covid_hours_for,90845,2022-01-27,Четверг,21:00,635,577,58,573,36,62,26
12174,hosp_covid_dis_covid_hours_for,90847,2022-01-27,Четверг,22:00,671,611,60,575,37,96,59
12175,hosp_covid_dis_covid_hours_for,90851,2022-01-27,Четверг,23:00,717,652,65,578,37,139,102
12176,hosp_covid_dis_covid_hours_for,90853,2022-01-28,Пятница,01:00,18,18,0,4,0,14,14
12177,hosp_covid_dis_covid_hours_for,90854,2022-01-27,Четверг,сутки,753,687,66,581,37,172,135
12178,hosp_covid_dis_covid_hours_for,90856,2022-01-28,Пятница,02:00,44,42,2,8,0,36,36
12179,hosp_covid_dis_covid_hours_for,90858,2022-01-28,Пятница,03:00,72,70,2,9,0,63,63
12180,hosp_covid_dis_covid_hours_for,90860,2022-01-28,Пятница,04:00,98,95,3,9,0,89,89
12181,hosp_covid_dis_covid_hours_for,90862,2022-01-28,Пятница,05:00,122,118,4,13,0,109,109
12182,hosp_covid_dis_covid_hours_for,90864,2022-01-28,Пятница,06:00,135,131,4,14,0,121,121
12183,hosp_covid_dis_covid_hours_for,90866,2022-01-28,Пятница,07:00,145,141,4,18,0,127,127
12184,hosp_covid_dis_covid_hours_for,90868,2022-01-28,Пятница,08:00,163,156,7,30,0,133,133
12185,hosp_covid_dis_covid_hours_for,90870,2022-01-28,Пятница,09:00,190,183,7,56,0,134,134
12186,hosp_covid_dis_covid_hours_for,90872,2022-01-28,Пятница,10:00,199,190,9,115,0,84,84
12187,hosp_covid_dis_covid_hours_for,90874,2022-01-28,Пятница,11:00,219,206,13,190,1,29,28
12188,hosp_covid_dis_covid_hours_for,90876,2022-01-28,Пятница,12:00,252,235,17,282,6,-30,-36
12189,hosp_covid_dis_covid_hours_for,90878,2022-01-28,Пятница,13:00,291,270,21,401,9,-110,-119
12190,hosp_covid_dis_covid_hours_for,90880,2022-01-28,Пятница,14:00,338,306,32,503,16,-165,-181
12191,hosp_covid_dis_covid_hours_for,90882,2022-01-28,Пятница,15:00,389,342,47,561,21,-172,-193
12192,hosp_covid_dis_covid_hours_for,90884,2022-01-28,Пятница,16:00,431,378,53,615,23,-184,-207
12193,hosp_covid_dis_covid_hours_for,90886,2022-01-28,Пятница,17:00,480,423,57,654,29,-174,-203
12194,hosp_covid_dis_covid_hours_for,90888,2022-01-28,Пятница,18:00,523,463,60,669,31,-146,-177
12195,hosp_covid_dis_covid_hours_for,90890,2022-01-28,Пятница,19:00,565,499,66,687,32,-122,-154
12196,hosp_covid_dis_covid_hours_for,90892,2022-01-28,Пятница,20:00,610,537,73,710,33,-100,-133
12197,hosp_covid_dis_covid_hours_for,90894,2022-01-28,Пятница,21:00,654,573,81,720,33,-66,-99
12198,hosp_covid_dis_covid_hours_for,90896,2022-01-28,Пятница,22:00,699,613,86,721,36,-22,-58
12199,hosp_covid_dis_covid_hours_for,90900,2022-01-28,Пятница,23:00,722,632,90,728,37,-6,-43
12200,hosp_covid_dis_covid_hours_for,90902,2022-01-29,Суббота,01:00,24,24,0,5,0,19,19
12201,hosp_covid_dis_covid_hours_for,90903,2022-01-28,Пятница,сутки,763,670,93,731,38,32,-6
12202,hosp_covid_dis_covid_hours_for,90905,2022-01-29,Суббота,02:00,56,56,0,9,0,47,47
12203,hosp_covid_dis_covid_hours_for,90907,2022-01-29,Суббота,03:00,83,81,2,9,0,74,74
12204,hosp_covid_dis_covid_hours_for,90909,2022-01-29,Суббота,04:00,104,102,2,10,0,94,94
12205,hosp_covid_dis_covid_hours_for,90911,2022-01-29,Суббота,05:00,139,137,2,11,0,128,128
12206,hosp_covid_dis_covid_hours_for,90913,2022-01-29,Суббота,06:00,163,160,3,11,0,152,152
12207,hosp_covid_dis_covid_hours_for,90915,2022-01-29,Суббота,07:00,180,174,6,16,0,164,164
12208,hosp_covid_dis_covid_hours_for,90917,2022-01-29,Суббота,08:00,194,187,7,32,1,162,161
12209,hosp_covid_dis_covid_hours_for,90919,2022-01-29,Суббота,09:00,199,192,7,56,1,143,142
12210,hosp_covid_dis_covid_hours_for,90921,2022-01-29,Суббота,10:00,208,200,8,102,1,106,105
12211,hosp_covid_dis_covid_hours_for,90923,2022-01-29,Суббота,11:00,229,219,10,152,2,77,75
12212,hosp_covid_dis_covid_hours_for,90925,2022-01-29,Суббота,12:00,248,238,10,189,9,59,50
12213,hosp_covid_dis_covid_hours_for,90927,2022-01-29,Суббота,13:00,286,271,15,267,16,19,3
12214,hosp_covid_dis_covid_hours_for,90929,2022-01-29,Суббота,14:00,357,340,17,308,18,49,31
12215,hosp_covid_dis_covid_hours_for,90931,2022-01-29,Суббота,15:00,412,390,22,332,18,80,62
12216,hosp_covid_dis_covid_hours_for,90933,2022-01-29,Суббота,16:00,460,438,22,366,18,94,76
12217,hosp_covid_dis_covid_hours_for,90935,2022-01-29,Суббота,17:00,505,475,30,385,22,120,98
12218,hosp_covid_dis_covid_hours_for,90937,2022-01-29,Суббота,18:00,560,520,40,399,23,161,138
12219,hosp_covid_dis_covid_hours_for,90939,2022-01-29,Суббота,19:00,596,548,48,411,23,185,162
12220,hosp_covid_dis_covid_hours_for,90941,2022-01-29,Суббота,20:00,634,581,53,425,23,209,186
12221,hosp_covid_dis_covid_hours_for,90943,2022-01-29,Суббота,21:00,670,616,54,431,24,239,215
12222,hosp_covid_dis_covid_hours_for,90945,2022-01-29,Суббота,22:00,699,643,56,432,24,267,243
12223,hosp_covid_dis_covid_hours_for,90949,2022-01-29,Суббота,23:00,723,662,61,439,25,284,259
12224,hosp_covid_dis_covid_hours_for,90951,2022-01-30,Воскресенье,01:00,14,14,0,5,1,9,8
12225,hosp_covid_dis_covid_hours_for,90952,2022-01-29,Суббота,сутки,757,694,63,445,26,312,286
12226,hosp_covid_dis_covid_hours_for,90954,2022-01-30,Воскресенье,02:00,37,37,0,8,1,29,28
12227,hosp_covid_dis_covid_hours_for,90956,2022-01-30,Воскресенье,03:00,59,58,1,11,1,48,47
12228,hosp_covid_dis_covid_hours_for,90958,2022-01-30,Воскресенье,04:00,80,79,1,17,1,63,62
12229,hosp_covid_dis_covid_hours_for,90960,2022-01-30,Воскресенье,05:00,99,97,2,20,3,79,76
12230,hosp_covid_dis_covid_hours_for,90962,2022-01-30,Воскресенье,06:00,111,109,2,22,3,89,86
12231,hosp_covid_dis_covid_hours_for,90964,2022-01-30,Воскресенье,07:00,125,123,2,27,3,98,95
12232,hosp_covid_dis_covid_hours_for,90966,2022-01-30,Воскресенье,08:00,137,135,2,46,3,91,88
12233,hosp_covid_dis_covid_hours_for,90968,2022-01-30,Воскресенье,09:00,144,142,2,64,3,80,77
12234,hosp_covid_dis_covid_hours_for,90970,2022-01-30,Воскресенье,10:00,150,147,3,90,3,60,57
12235,hosp_covid_dis_covid_hours_for,90972,2022-01-30,Воскресенье,11:00,167,162,5,138,7,29,22
12236,hosp_covid_dis_covid_hours_for,90974,2022-01-30,Воскресенье,12:00,189,182,7,172,9,17,8
12237,hosp_covid_dis_covid_hours_for,90976,2022-01-30,Воскресенье,13:00,222,212,10,197,17,25,8
12238,hosp_covid_dis_covid_hours_for,90978,2022-01-30,Воскресенье,14:00,255,244,11,225,19,30,11
12239,hosp_covid_dis_covid_hours_for,90980,2022-01-30,Воскресенье,15:00,295,280,15,252,19,43,24
12240,hosp_covid_dis_covid_hours_for,90982,2022-01-30,Воскресенье,16:00,339,319,20,277,20,62,42
12241,hosp_covid_dis_covid_hours_for,90984,2022-01-30,Воскресенье,17:00,371,348,23,285,22,86,64
12242,hosp_covid_dis_covid_hours_for,90986,2022-01-30,Воскресенье,18:00,407,382,25,297,22,110,88
12243,hosp_covid_dis_covid_hours_for,90988,2022-01-30,Воскресенье,19:00,443,413,30,307,23,136,113
12244,hosp_covid_dis_covid_hours_for,90990,2022-01-30,Воскресенье,20:00,485,453,32,317,24,168,144
12245,hosp_covid_dis_covid_hours_for,90992,2022-01-30,Воскресенье,21:00,517,481,36,321,24,196,172
12246,hosp_covid_dis_covid_hours_for,90994,2022-01-30,Воскресенье,22:00,548,508,40,327,24,221,197
12247,hosp_covid_dis_covid_hours_for,90998,2022-01-30,Воскресенье,23:00,578,537,41,328,24,250,226
12248,hosp_covid_dis_covid_hours_for,91000,2022-01-31,Понедельник,01:00,13,13,0,0,0,13,13
12249,hosp_covid_dis_covid_hours_for,91001,2022-01-30,Воскресенье,сутки,601,558,43,333,25,268,243
12250,hosp_covid_dis_covid_hours_for,91003,2022-01-31,Понедельник,02:00,36,34,2,1,0,35,35
12251,hosp_covid_dis_covid_hours_for,91005,2022-01-31,Понедельник,03:00,53,51,2,5,1,48,47
12252,hosp_covid_dis_covid_hours_for,91007,2022-01-31,Понедельник,04:00,74,72,2,6,1,68,67
12253,hosp_covid_dis_covid_hours_for,91009,2022-01-31,Понедельник,05:00,95,93,2,6,2,89,87
12254,hosp_covid_dis_covid_hours_for,91011,2022-01-31,Понедельник,06:00,103,101,2,12,2,91,89
12255,hosp_covid_dis_covid_hours_for,91013,2022-01-31,Понедельник,07:00,115,113,2,23,2,92,90
12256,hosp_covid_dis_covid_hours_for,91015,2022-01-31,Понедельник,08:00,131,129,2,43,2,88,86
12257,hosp_covid_dis_covid_hours_for,91017,2022-01-31,Понедельник,09:00,163,160,3,57,2,106,104
12258,hosp_covid_dis_covid_hours_for,91019,2022-01-31,Понедельник,10:00,172,169,3,108,2,64,62
12259,hosp_covid_dis_covid_hours_for,91021,2022-01-31,Понедельник,11:00,190,185,5,188,10,2,-8
12260,hosp_covid_dis_covid_hours_for,91023,2022-01-31,Понедельник,12:00,224,214,10,325,19,-101,-120
12261,hosp_covid_dis_covid_hours_for,91025,2022-01-31,Понедельник,13:00,275,257,18,404,26,-129,-155
12262,hosp_covid_dis_covid_hours_for,91027,2022-01-31,Понедельник,14:00,336,306,30,521,33,-185,-218
12263,hosp_covid_dis_covid_hours_for,91029,2022-01-31,Понедельник,15:00,388,348,40,595,40,-207,-247
12264,hosp_covid_dis_covid_hours_for,91031,2022-01-31,Понедельник,16:00,451,399,52,665,49,-214,-263
12265,hosp_covid_dis_covid_hours_for,91033,2022-01-31,Понедельник,17:00,510,447,63,732,55,-222,-277
12266,hosp_covid_dis_covid_hours_for,91035,2022-01-31,Понедельник,18:00,551,481,70,745,55,-194,-249
12267,hosp_covid_dis_covid_hours_for,91037,2022-01-31,Понедельник,19:00,588,514,74,746,55,-158,-213
12268,hosp_covid_dis_covid_hours_for,91039,2022-01-31,Понедельник,20:00,640,558,82,758,56,-118,-174
12269,hosp_covid_dis_covid_hours_for,91041,2022-01-31,Понедельник,21:00,688,601,87,762,60,-74,-134
12270,hosp_covid_dis_covid_hours_for,91043,2022-01-31,Понедельник,22:00,734,636,98,768,60,-34,-94
12271,hosp_covid_dis_covid_hours_for,91047,2022-01-31,Понедельник,23:00,784,678,106,770,60,14,-46
12272,hosp_covid_dis_covid_hours_for,91049,2022-02-01,Вторник,01:00,21,21,0,1,0,20,20
12273,hosp_covid_dis_covid_hours_for,91050,2022-01-31,Понедельник,сутки,828,719,109,772,63,56,-7
12274,hosp_covid_dis_covid_hours_for,91052,2022-02-01,Вторник,02:00,46,45,1,2,0,44,44
12275,hosp_covid_dis_covid_hours_for,91054,2022-02-01,Вторник,03:00,76,75,1,5,0,71,71
12276,hosp_covid_dis_covid_hours_for,91056,2022-02-01,Вторник,04:00,98,97,1,11,0,87,87
12277,hosp_covid_dis_covid_hours_for,91058,2022-02-01,Вторник,05:00,134,133,1,13,0,121,121
12278,hosp_covid_dis_covid_hours_for,91060,2022-02-01,Вторник,06:00,157,156,1,15,0,142,142
12279,hosp_covid_dis_covid_hours_for,91062,2022-02-01,Вторник,07:00,173,172,1,24,0,149,149
12280,hosp_covid_dis_covid_hours_for,91064,2022-02-01,Вторник,08:00,194,193,1,37,3,157,154
12281,hosp_covid_dis_covid_hours_for,91066,2022-02-01,Вторник,09:00,225,224,1,60,3,165,162
12282,hosp_covid_dis_covid_hours_for,91068,2022-02-01,Вторник,10:00,247,241,6,119,4,128,124
12283,hosp_covid_dis_covid_hours_for,91070,2022-02-01,Вторник,11:00,266,256,10,204,8,62,54
12284,hosp_covid_dis_covid_hours_for,91072,2022-02-01,Вторник,12:00,296,279,17,311,16,-15,-31
12285,hosp_covid_dis_covid_hours_for,91074,2022-02-01,Вторник,13:00,343,321,22,395,19,-52,-71
12286,hosp_covid_dis_covid_hours_for,91076,2022-02-01,Вторник,14:00,399,368,31,483,24,-84,-108
12287,hosp_covid_dis_covid_hours_for,91078,2022-02-01,Вторник,15:00,456,418,38,565,28,-109,-137
12288,hosp_covid_dis_covid_hours_for,91080,2022-02-01,Вторник,16:00,501,456,45,622,32,-121,-153
12289,hosp_covid_dis_covid_hours_for,91082,2022-02-01,Вторник,17:00,543,490,53,671,32,-128,-160
12290,hosp_covid_dis_covid_hours_for,91084,2022-02-01,Вторник,18:00,594,535,59,689,33,-95,-128
12291,hosp_covid_dis_covid_hours_for,91086,2022-02-01,Вторник,19:00,646,577,69,702,36,-56,-92
12292,hosp_covid_dis_covid_hours_for,91088,2022-02-01,Вторник,20:00,696,621,75,719,37,-23,-60
12293,hosp_covid_dis_covid_hours_for,91090,2022-02-01,Вторник,21:00,736,656,80,722,38,14,-24
12294,hosp_covid_dis_covid_hours_for,91092,2022-02-01,Вторник,22:00,781,694,87,724,38,57,19
12295,hosp_covid_dis_covid_hours_for,91096,2022-02-01,Вторник,23:00,822,734,88,727,40,95,55
12296,hosp_covid_dis_covid_hours_for,91098,2022-02-02,Среда,01:00,11,11,0,4,0,7,7
12297,hosp_covid_dis_covid_hours_for,91099,2022-02-01,Вторник,сутки,866,777,89,728,42,138,96
12298,hosp_covid_dis_covid_hours_for,91101,2022-02-02,Среда,02:00,34,32,2,5,1,29,28
12299,hosp_covid_dis_covid_hours_for,91103,2022-02-02,Среда,03:00,63,61,2,6,2,57,55
12300,hosp_covid_dis_covid_hours_for,91105,2022-02-02,Среда,04:00,88,84,4,14,2,74,72
12301,hosp_covid_dis_covid_hours_for,91107,2022-02-02,Среда,05:00,118,114,4,18,2,100,98
12302,hosp_covid_dis_covid_hours_for,91109,2022-02-02,Среда,06:00,138,133,5,19,2,119,117
12303,hosp_covid_dis_covid_hours_for,91111,2022-02-02,Среда,07:00,168,163,5,27,2,141,139
12304,hosp_covid_dis_covid_hours_for,91113,2022-02-02,Среда,08:00,191,186,5,39,2,152,150
12305,hosp_covid_dis_covid_hours_for,91115,2022-02-02,Среда,09:00,213,208,5,73,2,140,138
12306,hosp_covid_dis_covid_hours_for,91117,2022-02-02,Среда,10:00,228,222,6,143,3,85,82
12307,hosp_covid_dis_covid_hours_for,91119,2022-02-02,Среда,11:00,238,230,8,203,6,35,29
12308,hosp_covid_dis_covid_hours_for,91121,2022-02-02,Среда,12:00,280,268,12,279,12,1,-11
12309,hosp_covid_dis_covid_hours_for,91123,2022-02-02,Среда,13:00,329,310,19,364,21,-35,-56
12310,hosp_covid_dis_covid_hours_for,91125,2022-02-02,Среда,14:00,382,360,22,448,25,-66,-91
12311,hosp_covid_dis_covid_hours_for,91127,2022-02-02,Среда,15:00,439,413,26,506,29,-67,-96
12312,hosp_covid_dis_covid_hours_for,91129,2022-02-02,Среда,16:00,486,452,34,584,32,-98,-130
12313,hosp_covid_dis_covid_hours_for,91131,2022-02-02,Среда,17:00,541,499,42,654,34,-113,-147
12314,hosp_covid_dis_covid_hours_for,91133,2022-02-02,Среда,18:00,602,552,50,689,35,-87,-122
12315,hosp_covid_dis_covid_hours_for,91135,2022-02-02,Среда,19:00,654,593,61,690,35,-36,-71
12316,hosp_covid_dis_covid_hours_for,91137,2022-02-02,Среда,20:00,708,641,67,691,35,17,-18
12317,hosp_covid_dis_covid_hours_for,91139,2022-02-02,Среда,21:00,749,680,69,694,35,55,20
12318,hosp_covid_dis_covid_hours_for,91141,2022-02-02,Среда,22:00,790,719,71,699,35,91,56
12319,hosp_covid_dis_covid_hours_for,91145,2022-02-02,Среда,23:00,823,745,78,703,36,120,84
12320,hosp_covid_dis_covid_hours_for,91147,2022-02-03,Четверг,01:00,19,19,0,4,0,15,15
12321,hosp_covid_dis_covid_hours_for,91148,2022-02-02,Среда,сутки,857,773,84,714,37,143,106
12322,hosp_covid_dis_covid_hours_for,91150,2022-02-03,Четверг,02:00,48,48,0,13,0,35,35
12323,hosp_covid_dis_covid_hours_for,91152,2022-02-03,Четверг,03:00,70,70,0,14,1,56,55
12324,hosp_covid_dis_covid_hours_for,91154,2022-02-03,Четверг,04:00,92,92,0,14,1,78,77
12325,hosp_covid_dis_covid_hours_for,91156,2022-02-03,Четверг,05:00,110,110,0,16,1,94,93
12326,hosp_covid_dis_covid_hours_for,91158,2022-02-03,Четверг,06:00,139,139,0,16,1,123,122
12327,hosp_covid_dis_covid_hours_for,91160,2022-02-03,Четверг,07:00,158,158,0,23,4,135,131
12328,hosp_covid_dis_covid_hours_for,91162,2022-02-03,Четверг,08:00,173,173,0,46,5,127,122
12329,hosp_covid_dis_covid_hours_for,91164,2022-02-03,Четверг,09:00,193,191,2,68,5,125,120
12330,hosp_covid_dis_covid_hours_for,91166,2022-02-03,Четверг,10:00,231,221,10,139,6,92,86
12331,hosp_covid_dis_covid_hours_for,91168,2022-02-03,Четверг,11:00,256,242,14,209,9,47,38
12332,hosp_covid_dis_covid_hours_for,91170,2022-02-03,Четверг,12:00,294,273,21,289,11,5,-6
12333,hosp_covid_dis_covid_hours_for,91172,2022-02-03,Четверг,13:00,344,314,30,400,22,-56,-78
12334,hosp_covid_dis_covid_hours_for,91174,2022-02-03,Четверг,14:00,395,357,38,472,25,-77,-102
12335,hosp_covid_dis_covid_hours_for,91176,2022-02-03,Четверг,15:00,443,400,43,565,38,-122,-160
12336,hosp_covid_dis_covid_hours_for,91178,2022-02-03,Четверг,16:00,494,445,49,632,39,-138,-177
12337,hosp_covid_dis_covid_hours_for,91180,2022-02-03,Четверг,17:00,563,509,54,679,40,-116,-156
12338,hosp_covid_dis_covid_hours_for,91182,2022-02-03,Четверг,18:00,621,563,58,694,43,-73,-116
12339,hosp_covid_dis_covid_hours_for,91184,2022-02-03,Четверг,19:00,680,615,65,705,45,-25,-70
12340,hosp_covid_dis_covid_hours_for,91186,2022-02-03,Четверг,20:00,726,651,75,712,45,14,-31
12341,hosp_covid_dis_covid_hours_for,91188,2022-02-03,Четверг,21:00,770,688,82,721,45,49,4
12342,hosp_covid_dis_covid_hours_for,91190,2022-02-03,Четверг,22:00,811,725,86,723,46,88,42
12343,hosp_covid_dis_covid_hours_for,91194,2022-02-03,Четверг,23:00,855,763,92,728,46,127,81
12344,hosp_covid_dis_covid_hours_for,91196,2022-02-04,Пятница,01:00,19,19,0,4,0,15,15
12345,hosp_covid_dis_covid_hours_for,91197,2022-02-03,Четверг,сутки,889,795,94,731,46,158,112
12346,hosp_covid_dis_covid_hours_for,91199,2022-02-04,Пятница,02:00,49,49,0,5,0,44,44
12347,hosp_covid_dis_covid_hours_for,91201,2022-02-04,Пятница,03:00,75,75,0,7,0,68,68
12348,hosp_covid_dis_covid_hours_for,91203,2022-02-04,Пятница,04:00,102,102,0,9,0,93,93
12349,hosp_covid_dis_covid_hours_for,91205,2022-02-04,Пятница,05:00,128,127,1,11,1,117,116
12350,hosp_covid_dis_covid_hours_for,91207,2022-02-04,Пятница,06:00,148,147,1,12,2,136,134
12351,hosp_covid_dis_covid_hours_for,91209,2022-02-04,Пятница,07:00,159,156,3,20,2,139,137
12352,hosp_covid_dis_covid_hours_for,91211,2022-02-04,Пятница,08:00,172,169,3,35,3,137,134
12353,hosp_covid_dis_covid_hours_for,91213,2022-02-04,Пятница,09:00,207,204,3,83,4,124,120
12354,hosp_covid_dis_covid_hours_for,91215,2022-02-04,Пятница,10:00,216,214,2,150,14,66,52
12355,hosp_covid_dis_covid_hours_for,91217,2022-02-04,Пятница,11:00,226,224,2,240,19,-14,-33
12356,hosp_covid_dis_covid_hours_for,91219,2022-02-04,Пятница,12:00,255,247,8,340,25,-85,-110
12357,hosp_covid_dis_covid_hours_for,91221,2022-02-04,Пятница,13:00,288,276,12,429,31,-141,-172
12358,hosp_covid_dis_covid_hours_for,91223,2022-02-04,Пятница,14:00,350,331,19,524,34,-174,-208
12359,hosp_covid_dis_covid_hours_for,91225,2022-02-04,Пятница,15:00,400,376,24,635,48,-235,-283
12360,hosp_covid_dis_covid_hours_for,91227,2022-02-04,Пятница,16:00,441,413,28,723,51,-282,-333
12361,hosp_covid_dis_covid_hours_for,91229,2022-02-04,Пятница,17:00,486,451,35,780,51,-294,-345
12362,hosp_covid_dis_covid_hours_for,91231,2022-02-04,Пятница,18:00,537,492,45,852,51,-315,-366
12363,hosp_covid_dis_covid_hours_for,91233,2022-02-04,Пятница,19:00,612,563,49,882,53,-270,-323
12364,hosp_covid_dis_covid_hours_for,91235,2022-02-04,Пятница,20:00,654,599,55,905,59,-251,-310
12365,hosp_covid_dis_covid_hours_for,91237,2022-02-04,Пятница,21:00,706,644,62,911,62,-205,-267
12366,hosp_covid_dis_covid_hours_for,91239,2022-02-04,Пятница,22:00,744,678,66,917,64,-173,-237
12367,hosp_covid_dis_covid_hours_for,91243,2022-02-04,Пятница,23:00,788,719,69,922,64,-134,-198
12368,hosp_covid_dis_covid_hours_for,91245,2022-02-05,Суббота,01:00,18,16,2,1,0,17,17
12369,hosp_covid_dis_covid_hours_for,91246,2022-02-04,Пятница,сутки,841,767,74,926,66,-85,-151
12370,hosp_covid_dis_covid_hours_for,91248,2022-02-05,Суббота,02:00,51,49,2,2,0,49,49
12371,hosp_covid_dis_covid_hours_for,91250,2022-02-05,Суббота,03:00,83,81,2,3,1,80,79
12372,hosp_covid_dis_covid_hours_for,91252,2022-02-05,Суббота,04:00,110,107,3,8,1,102,101
12373,hosp_covid_dis_covid_hours_for,91254,2022-02-05,Суббота,05:00,135,131,4,14,1,121,120
12374,hosp_covid_dis_covid_hours_for,91256,2022-02-05,Суббота,06:00,159,155,4,14,1,145,144
12375,hosp_covid_dis_covid_hours_for,91258,2022-02-05,Суббота,07:00,178,174,4,20,1,158,157
12376,hosp_covid_dis_covid_hours_for,91260,2022-02-05,Суббота,08:00,197,193,4,41,2,156,154
12377,hosp_covid_dis_covid_hours_for,91262,2022-02-05,Суббота,09:00,208,204,4,81,2,127,125
12378,hosp_covid_dis_covid_hours_for,91264,2022-02-05,Суббота,10:00,222,216,6,119,2,103,101
12379,hosp_covid_dis_covid_hours_for,91266,2022-02-05,Суббота,11:00,260,251,9,181,4,79,75
12380,hosp_covid_dis_covid_hours_for,91268,2022-02-05,Суббота,12:00,294,284,10,259,13,35,22
12381,hosp_covid_dis_covid_hours_for,91270,2022-02-05,Суббота,13:00,340,325,15,312,24,28,4
12382,hosp_covid_dis_covid_hours_for,91272,2022-02-05,Суббота,14:00,374,358,16,365,28,9,-19
12383,hosp_covid_dis_covid_hours_for,91274,2022-02-05,Суббота,15:00,410,391,19,382,30,28,-2
12384,hosp_covid_dis_covid_hours_for,91276,2022-02-05,Суббота,16:00,453,431,22,415,34,38,4
12385,hosp_covid_dis_covid_hours_for,91278,2022-02-05,Суббота,17:00,491,464,27,434,34,57,23
12386,hosp_covid_dis_covid_hours_for,91280,2022-02-05,Суббота,18:00,525,494,31,451,34,74,40
12387,hosp_covid_dis_covid_hours_for,91282,2022-02-05,Суббота,19:00,567,531,36,461,35,106,71
12388,hosp_covid_dis_covid_hours_for,91284,2022-02-05,Суббота,20:00,607,567,40,477,35,130,95
12389,hosp_covid_dis_covid_hours_for,91286,2022-02-05,Суббота,21:00,638,594,44,484,35,154,119
12390,hosp_covid_dis_covid_hours_for,91288,2022-02-05,Суббота,22:00,673,627,46,492,37,181,144
12391,hosp_covid_dis_covid_hours_for,91292,2022-02-05,Суббота,23:00,706,659,47,496,38,210,172
12392,hosp_covid_dis_covid_hours_for,91294,2022-02-06,Воскресенье,01:00,17,17,0,2,0,15,15
12393,hosp_covid_dis_covid_hours_for,91295,2022-02-05,Суббота,сутки,741,692,49,498,39,243,204
12394,hosp_covid_dis_covid_hours_for,91297,2022-02-06,Воскресенье,02:00,39,39,0,13,0,26,26
12395,hosp_covid_dis_covid_hours_for,91299,2022-02-06,Воскресенье,03:00,54,54,0,13,0,41,41
12396,hosp_covid_dis_covid_hours_for,91301,2022-02-06,Воскресенье,04:00,84,84,0,16,1,68,67
12397,hosp_covid_dis_covid_hours_for,91303,2022-02-06,Воскресенье,05:00,106,104,2,17,1,89,88
12398,hosp_covid_dis_covid_hours_for,91305,2022-02-06,Воскресенье,06:00,126,125,1,17,1,109,108
12399,hosp_covid_dis_covid_hours_for,91307,2022-02-06,Воскресенье,07:00,145,144,1,22,1,123,122
12400,hosp_covid_dis_covid_hours_for,91309,2022-02-06,Воскресенье,08:00,161,160,1,33,1,128,127
12401,hosp_covid_dis_covid_hours_for,91311,2022-02-06,Воскресенье,09:00,168,167,1,69,2,99,97
12402,hosp_covid_dis_covid_hours_for,91313,2022-02-06,Воскресенье,10:00,172,171,1,108,5,64,59
12403,hosp_covid_dis_covid_hours_for,91315,2022-02-06,Воскресенье,11:00,188,186,2,156,8,32,24
12404,hosp_covid_dis_covid_hours_for,91317,2022-02-06,Воскресенье,12:00,209,206,3,201,15,8,-7
12405,hosp_covid_dis_covid_hours_for,91319,2022-02-06,Воскресенье,13:00,232,226,6,264,23,-32,-55
12406,hosp_covid_dis_covid_hours_for,91321,2022-02-06,Воскресенье,14:00,268,258,10,327,27,-59,-86
12407,hosp_covid_dis_covid_hours_for,91323,2022-02-06,Воскресенье,15:00,297,284,13,348,29,-51,-80
12408,hosp_covid_dis_covid_hours_for,91325,2022-02-06,Воскресенье,16:00,338,321,17,371,32,-33,-65
12409,hosp_covid_dis_covid_hours_for,91327,2022-02-06,Воскресенье,17:00,377,359,18,378,35,-1,-36
12410,hosp_covid_dis_covid_hours_for,91329,2022-02-06,Воскресенье,18:00,422,395,27,394,36,28,-8
12411,hosp_covid_dis_covid_hours_for,91331,2022-02-06,Воскресенье,19:00,454,423,31,401,38,53,15
12412,hosp_covid_dis_covid_hours_for,91333,2022-02-06,Воскресенье,20:00,497,461,36,410,42,87,45
12413,hosp_covid_dis_covid_hours_for,91335,2022-02-06,Воскресенье,21:00,533,491,42,417,43,116,73
12414,hosp_covid_dis_covid_hours_for,91337,2022-02-06,Воскресенье,22:00,562,518,44,420,43,142,99
12415,hosp_covid_dis_covid_hours_for,91341,2022-02-06,Воскресенье,23:00,588,543,45,429,43,159,116
12416,hosp_covid_dis_covid_hours_for,91343,2022-02-07,Понедельник,01:00,17,16,1,1,1,16,15
12417,hosp_covid_dis_covid_hours_for,91344,2022-02-06,Воскресенье,сутки,616,570,46,434,43,182,139
12418,hosp_covid_dis_covid_hours_for,91346,2022-02-07,Понедельник,02:00,40,39,1,3,1,37,36
12419,hosp_covid_dis_covid_hours_for,91348,2022-02-07,Понедельник,03:00,58,57,1,5,1,53,52
12420,hosp_covid_dis_covid_hours_for,91350,2022-02-07,Понедельник,04:00,73,72,1,7,4,66,62
12421,hosp_covid_dis_covid_hours_for,91352,2022-02-07,Понедельник,05:00,85,84,1,15,5,70,65
12422,hosp_covid_dis_covid_hours_for,91354,2022-02-07,Понедельник,06:00,98,97,1,15,6,83,77
12423,hosp_covid_dis_covid_hours_for,91356,2022-02-07,Понедельник,07:00,107,106,1,21,6,86,80
12424,hosp_covid_dis_covid_hours_for,91358,2022-02-07,Понедельник,08:00,119,118,1,37,7,82,75
12425,hosp_covid_dis_covid_hours_for,91360,2022-02-07,Понедельник,09:00,126,125,1,61,7,65,58
12426,hosp_covid_dis_covid_hours_for,91362,2022-02-07,Понедельник,10:00,133,129,4,98,7,35,28
12427,hosp_covid_dis_covid_hours_for,91364,2022-02-07,Понедельник,11:00,146,139,7,207,18,-61,-79
12428,hosp_covid_dis_covid_hours_for,91366,2022-02-07,Понедельник,12:00,183,171,12,321,23,-138,-161
12429,hosp_covid_dis_covid_hours_for,91368,2022-02-07,Понедельник,13:00,260,245,15,395,39,-135,-174
12430,hosp_covid_dis_covid_hours_for,91370,2022-02-07,Понедельник,14:00,303,281,22,504,51,-201,-252
12431,hosp_covid_dis_covid_hours_for,91372,2022-02-07,Понедельник,15:00,353,324,29,627,53,-274,-327
12432,hosp_covid_dis_covid_hours_for,91374,2022-02-07,Понедельник,16:00,409,371,38,704,54,-295,-349
12433,hosp_covid_dis_covid_hours_for,91376,2022-02-07,Понедельник,17:00,472,427,45,773,55,-301,-356
12434,hosp_covid_dis_covid_hours_for,91378,2022-02-07,Понедельник,18:00,520,473,47,838,55,-318,-373
12435,hosp_covid_dis_covid_hours_for,91380,2022-02-07,Понедельник,19:00,594,537,57,868,57,-274,-331
12436,hosp_covid_dis_covid_hours_for,91382,2022-02-07,Понедельник,20:00,659,597,62,880,57,-221,-278
12437,hosp_covid_dis_covid_hours_for,91384,2022-02-07,Понедельник,21:00,722,653,69,893,58,-171,-229
12438,hosp_covid_dis_covid_hours_for,91386,2022-02-07,Понедельник,22:00,760,686,74,894,59,-134,-193
12439,hosp_covid_dis_covid_hours_for,91390,2022-02-07,Понедельник,23:00,801,724,77,899,60,-98,-158
12440,hosp_covid_dis_covid_hours_for,91392,2022-02-08,Вторник,01:00,15,15,0,5,0,10,10
12441,hosp_covid_dis_covid_hours_for,91393,2022-02-07,Понедельник,сутки,847,764,83,906,60,-59,-119
12442,hosp_covid_dis_covid_hours_for,91395,2022-02-08,Вторник,02:00,52,52,0,9,1,43,42
12443,hosp_covid_dis_covid_hours_for,91397,2022-02-08,Вторник,03:00,87,87,0,10,1,77,76
12444,hosp_covid_dis_covid_hours_for,91399,2022-02-08,Вторник,04:00,123,123,0,15,1,108,107
12445,hosp_covid_dis_covid_hours_for,91401,2022-02-08,Вторник,05:00,147,147,0,16,1,131,130
12446,hosp_covid_dis_covid_hours_for,91403,2022-02-08,Вторник,06:00,170,170,0,16,1,154,153
12447,hosp_covid_dis_covid_hours_for,91405,2022-02-08,Вторник,07:00,192,191,1,22,2,170,168
12448,hosp_covid_dis_covid_hours_for,91407,2022-02-08,Вторник,08:00,204,203,1,42,2,162,160
12449,hosp_covid_dis_covid_hours_for,91409,2022-02-08,Вторник,09:00,240,237,3,85,2,155,153
12450,hosp_covid_dis_covid_hours_for,91411,2022-02-08,Вторник,10:00,257,251,6,155,2,102,100
12451,hosp_covid_dis_covid_hours_for,91413,2022-02-08,Вторник,11:00,274,262,12,288,5,-14,-19
12452,hosp_covid_dis_covid_hours_for,91415,2022-02-08,Вторник,12:00,311,293,18,366,11,-55,-66
12453,hosp_covid_dis_covid_hours_for,91417,2022-02-08,Вторник,13:00,352,329,23,462,21,-110,-131
12454,hosp_covid_dis_covid_hours_for,91419,2022-02-08,Вторник,14:00,405,375,30,590,28,-185,-213
12455,hosp_covid_dis_covid_hours_for,91421,2022-02-08,Вторник,15:00,470,436,34,708,33,-238,-271
12456,hosp_covid_dis_covid_hours_for,91423,2022-02-08,Вторник,16:00,530,487,43,775,39,-245,-284
12457,hosp_covid_dis_covid_hours_for,91425,2022-02-08,Вторник,17:00,588,539,49,824,39,-236,-275
12458,hosp_covid_dis_covid_hours_for,91427,2022-02-08,Вторник,18:00,645,589,56,849,44,-204,-248
12459,hosp_covid_dis_covid_hours_for,91429,2022-02-08,Вторник,19:00,693,632,61,875,44,-182,-226
12460,hosp_covid_dis_covid_hours_for,91431,2022-02-08,Вторник,20:00,744,675,69,897,45,-153,-198
12461,hosp_covid_dis_covid_hours_for,91433,2022-02-08,Вторник,21:00,802,728,74,902,46,-100,-146
12462,hosp_covid_dis_covid_hours_for,91435,2022-02-08,Вторник,22:00,848,771,77,905,46,-57,-103
12463,hosp_covid_dis_covid_hours_for,91439,2022-02-08,Вторник,23:00,881,801,80,909,46,-28,-74
12464,hosp_covid_dis_covid_hours_for,91441,2022-02-09,Среда,01:00,18,18,0,0,0,18,18
12465,hosp_covid_dis_covid_hours_for,91442,2022-02-08,Вторник,сутки,926,845,81,920,47,6,-41
12466,hosp_covid_dis_covid_hours_for,91444,2022-02-09,Среда,02:00,54,53,1,6,0,48,48
12467,hosp_covid_dis_covid_hours_for,91446,2022-02-09,Среда,03:00,78,77,1,9,0,69,69
12468,hosp_covid_dis_covid_hours_for,91448,2022-02-09,Среда,04:00,108,107,1,11,0,97,97
12469,hosp_covid_dis_covid_hours_for,91450,2022-02-09,Среда,05:00,134,132,2,11,0,123,123
12470,hosp_covid_dis_covid_hours_for,91452,2022-02-09,Среда,06:00,151,149,2,13,0,138,138
12471,hosp_covid_dis_covid_hours_for,91454,2022-02-09,Среда,07:00,156,154,2,16,0,140,140
12472,hosp_covid_dis_covid_hours_for,91456,2022-02-09,Среда,08:00,179,176,3,47,0,132,132
12473,hosp_covid_dis_covid_hours_for,91458,2022-02-09,Среда,09:00,201,197,4,82,0,119,119
12474,hosp_covid_dis_covid_hours_for,91460,2022-02-09,Среда,10:00,208,202,6,155,0,53,53
12475,hosp_covid_dis_covid_hours_for,91462,2022-02-09,Среда,11:00,227,220,7,271,5,-44,-49
12476,hosp_covid_dis_covid_hours_for,91464,2022-02-09,Среда,12:00,264,253,11,368,7,-104,-111
12477,hosp_covid_dis_covid_hours_for,91466,2022-02-09,Среда,13:00,310,296,14,487,19,-177,-196
12478,hosp_covid_dis_covid_hours_for,91468,2022-02-09,Среда,14:00,353,336,17,595,31,-242,-273
12479,hosp_covid_dis_covid_hours_for,91470,2022-02-09,Среда,15:00,402,380,22,676,36,-274,-310
12480,hosp_covid_dis_covid_hours_for,91472,2022-02-09,Среда,16:00,456,430,26,765,40,-309,-349
12481,hosp_covid_dis_covid_hours_for,91474,2022-02-09,Среда,17:00,522,490,32,829,41,-307,-348
12482,hosp_covid_dis_covid_hours_for,91476,2022-02-09,Среда,18:00,579,540,39,855,42,-276,-318
12483,hosp_covid_dis_covid_hours_for,91478,2022-02-09,Среда,19:00,639,596,43,864,42,-225,-267
12484,hosp_covid_dis_covid_hours_for,91480,2022-02-09,Среда,20:00,688,640,48,878,43,-190,-233
12485,hosp_covid_dis_covid_hours_for,91482,2022-02-09,Среда,21:00,732,678,54,882,43,-150,-193
12486,hosp_covid_dis_covid_hours_for,91484,2022-02-09,Среда,22:00,777,721,56,887,44,-110,-154
12487,hosp_covid_dis_covid_hours_for,91488,2022-02-09,Среда,23:00,820,762,58,889,46,-69,-115
12488,hosp_covid_dis_covid_hours_for,91490,2022-02-10,Четверг,01:00,15,14,1,9,0,6,6
12489,hosp_covid_dis_covid_hours_for,91491,2022-02-09,Среда,сутки,859,801,58,894,49,-35,-84
12490,hosp_covid_dis_covid_hours_for,91493,2022-02-10,Четверг,02:00,46,45,1,17,0,29,29
12491,hosp_covid_dis_covid_hours_for,91495,2022-02-10,Четверг,03:00,71,70,1,19,0,52,52
12492,hosp_covid_dis_covid_hours_for,91497,2022-02-10,Четверг,04:00,95,94,1,20,0,75,75
12493,hosp_covid_dis_covid_hours_for,91499,2022-02-10,Четверг,05:00,118,117,1,20,0,98,98
12494,hosp_covid_dis_covid_hours_for,91501,2022-02-10,Четверг,06:00,136,135,1,23,0,113,113
12495,hosp_covid_dis_covid_hours_for,91503,2022-02-10,Четверг,07:00,151,150,1,29,0,122,122
12496,hosp_covid_dis_covid_hours_for,91505,2022-02-10,Четверг,08:00,166,165,1,49,0,117,117
12497,hosp_covid_dis_covid_hours_for,91507,2022-02-10,Четверг,09:00,188,186,2,92,0,96,96
12498,hosp_covid_dis_covid_hours_for,91509,2022-02-10,Четверг,10:00,193,190,3,169,1,24,23
12499,hosp_covid_dis_covid_hours_for,91511,2022-02-10,Четверг,11:00,216,208,8,263,5,-47,-52
12500,hosp_covid_dis_covid_hours_for,91513,2022-02-10,Четверг,12:00,249,238,11,348,14,-99,-113
12501,hosp_covid_dis_covid_hours_for,91515,2022-02-10,Четверг,13:00,297,280,17,473,24,-176,-200
12502,hosp_covid_dis_covid_hours_for,91517,2022-02-10,Четверг,14:00,354,331,23,572,28,-218,-246
12503,hosp_covid_dis_covid_hours_for,91519,2022-02-10,Четверг,15:00,413,382,31,637,32,-224,-256
12504,hosp_covid_dis_covid_hours_for,91521,2022-02-10,Четверг,16:00,482,442,40,726,37,-244,-281
12505,hosp_covid_dis_covid_hours_for,91523,2022-02-10,Четверг,17:00,554,508,46,764,40,-210,-250
12506,hosp_covid_dis_covid_hours_for,91525,2022-02-10,Четверг,18:00,617,565,52,782,42,-165,-207
12507,hosp_covid_dis_covid_hours_for,91527,2022-02-10,Четверг,19:00,679,623,56,793,42,-114,-156
12508,hosp_covid_dis_covid_hours_for,91529,2022-02-10,Четверг,20:00,738,679,59,810,42,-72,-114
12509,hosp_covid_dis_covid_hours_for,91531,2022-02-10,Четверг,21:00,787,724,63,813,43,-26,-69
12510,hosp_covid_dis_covid_hours_for,91533,2022-02-10,Четверг,22:00,828,759,69,815,44,13,-31
12511,hosp_covid_dis_covid_hours_for,91537,2022-02-10,Четверг,23:00,867,791,76,825,44,42,-2
12512,hosp_covid_dis_covid_hours_for,91539,2022-02-11,Пятница,01:00,22,21,1,1,0,21,21
12513,hosp_covid_dis_covid_hours_for,91540,2022-02-10,Четверг,сутки,917,832,85,830,45,87,42
12514,hosp_covid_dis_covid_hours_for,91542,2022-02-11,Пятница,02:00,48,45,3,7,0,41,41
12515,hosp_covid_dis_covid_hours_for,91544,2022-02-11,Пятница,03:00,79,75,4,9,0,70,70
12516,hosp_covid_dis_covid_hours_for,91546,2022-02-11,Пятница,04:00,95,91,4,11,0,84,84
12517,hosp_covid_dis_covid_hours_for,91548,2022-02-11,Пятница,05:00,106,102,4,13,0,93,93
12518,hosp_covid_dis_covid_hours_for,91550,2022-02-11,Пятница,06:00,124,120,4,15,0,109,109
12519,hosp_covid_dis_covid_hours_for,91552,2022-02-11,Пятница,07:00,130,126,4,31,0,99,99
12520,hosp_covid_dis_covid_hours_for,91554,2022-02-11,Пятница,08:00,137,133,4,55,0,82,82
12521,hosp_covid_dis_covid_hours_for,91556,2022-02-11,Пятница,09:00,148,144,4,98,0,50,50
12522,hosp_covid_dis_covid_hours_for,91558,2022-02-11,Пятница,10:00,156,151,5,185,1,-29,-30
12523,hosp_covid_dis_covid_hours_for,91560,2022-02-11,Пятница,11:00,173,166,7,251,6,-78,-84
12524,hosp_covid_dis_covid_hours_for,91562,2022-02-11,Пятница,12:00,211,198,13,365,19,-154,-173
12525,hosp_covid_dis_covid_hours_for,91564,2022-02-11,Пятница,13:00,255,237,18,488,23,-233,-256
12526,hosp_covid_dis_covid_hours_for,91566,2022-02-11,Пятница,14:00,300,279,21,609,25,-309,-334
12527,hosp_covid_dis_covid_hours_for,91568,2022-02-11,Пятница,15:00,349,323,26,735,29,-386,-415
12528,hosp_covid_dis_covid_hours_for,91570,2022-02-11,Пятница,16:00,410,377,33,825,34,-415,-449
12529,hosp_covid_dis_covid_hours_for,91572,2022-02-11,Пятница,17:00,457,418,39,876,41,-419,-460
12530,hosp_covid_dis_covid_hours_for,91574,2022-02-11,Пятница,18:00,526,476,50,925,43,-399,-442
12531,hosp_covid_dis_covid_hours_for,91576,2022-02-11,Пятница,19:00,588,528,60,946,47,-358,-405
12532,hosp_covid_dis_covid_hours_for,91578,2022-02-11,Пятница,20:00,644,578,66,983,48,-339,-387
12533,hosp_covid_dis_covid_hours_for,91580,2022-02-11,Пятница,21:00,703,629,74,992,48,-289,-337
12534,hosp_covid_dis_covid_hours_for,91582,2022-02-11,Пятница,22:00,745,664,81,999,52,-254,-306
12535,hosp_covid_dis_covid_hours_for,91586,2022-02-11,Пятница,23:00,787,702,85,1001,52,-214,-266
12536,hosp_covid_dis_covid_hours_for,91588,2022-02-12,Суббота,01:00,19,18,1,10,0,9,9
12537,hosp_covid_dis_covid_hours_for,91589,2022-02-11,Пятница,сутки,832,746,86,1006,52,-174,-226
12538,hosp_covid_dis_covid_hours_for,91591,2022-02-12,Суббота,02:00,51,50,1,12,0,39,39
12539,hosp_covid_dis_covid_hours_for,91593,2022-02-12,Суббота,03:00,81,80,1,17,0,64,64
12540,hosp_covid_dis_covid_hours_for,91595,2022-02-12,Суббота,04:00,98,97,1,21,0,77,77
12541,hosp_covid_dis_covid_hours_for,91597,2022-02-12,Суббота,05:00,119,118,1,24,0,95,95
12542,hosp_covid_dis_covid_hours_for,91599,2022-02-12,Суббота,06:00,138,136,2,28,0,110,110
12543,hosp_covid_dis_covid_hours_for,91601,2022-02-12,Суббота,07:00,144,142,2,38,0,106,106
12544,hosp_covid_dis_covid_hours_for,91603,2022-02-12,Суббота,08:00,146,144,2,60,0,86,86
12545,hosp_covid_dis_covid_hours_for,91605,2022-02-12,Суббота,09:00,148,146,2,96,0,52,52
12546,hosp_covid_dis_covid_hours_for,91607,2022-02-12,Суббота,10:00,157,154,3,156,0,1,1
12547,hosp_covid_dis_covid_hours_for,91609,2022-02-12,Суббота,11:00,176,172,4,214,1,-38,-39
12548,hosp_covid_dis_covid_hours_for,91611,2022-02-12,Суббота,12:00,205,198,7,297,13,-92,-105
12549,hosp_covid_dis_covid_hours_for,91613,2022-02-12,Суббота,13:00,241,227,14,373,19,-132,-151
12550,hosp_covid_dis_covid_hours_for,91615,2022-02-12,Суббота,14:00,276,260,16,427,23,-151,-174
12551,hosp_covid_dis_covid_hours_for,91617,2022-02-12,Суббота,15:00,314,294,20,446,22,-132,-154
12552,hosp_covid_dis_covid_hours_for,91619,2022-02-12,Суббота,16:00,355,329,26,466,22,-111,-133
12553,hosp_covid_dis_covid_hours_for,91621,2022-02-12,Суббота,17:00,390,360,30,481,23,-91,-114
12554,hosp_covid_dis_covid_hours_for,91623,2022-02-12,Суббота,18:00,442,411,31,491,24,-49,-73
12555,hosp_covid_dis_covid_hours_for,91625,2022-02-12,Суббота,19:00,496,463,33,510,24,-14,-38
12556,hosp_covid_dis_covid_hours_for,91627,2022-02-12,Суббота,20:00,541,504,37,533,24,8,-16
12557,hosp_covid_dis_covid_hours_for,91629,2022-02-12,Суббота,21:00,572,535,37,540,24,32,8
12558,hosp_covid_dis_covid_hours_for,91631,2022-02-12,Суббота,22:00,614,577,37,549,27,65,38
12559,hosp_covid_dis_covid_hours_for,91635,2022-02-12,Суббота,23:00,640,601,39,560,30,80,50
12560,hosp_covid_dis_covid_hours_for,91637,2022-02-13,Воскресенье,01:00,11,11,0,1,0,10,10
12561,hosp_covid_dis_covid_hours_for,91638,2022-02-12,Суббота,сутки,676,637,39,568,30,108,78
12562,hosp_covid_dis_covid_hours_for,91640,2022-02-13,Воскресенье,02:00,33,33,0,1,0,32,32
12563,hosp_covid_dis_covid_hours_for,91642,2022-02-13,Воскресенье,03:00,52,52,0,2,0,50,50
12564,hosp_covid_dis_covid_hours_for,91644,2022-02-13,Воскресенье,04:00,76,76,0,9,1,67,66
12565,hosp_covid_dis_covid_hours_for,91646,2022-02-13,Воскресенье,05:00,89,89,0,12,1,77,76
12566,hosp_covid_dis_covid_hours_for,91648,2022-02-13,Воскресенье,06:00,97,97,0,14,1,83,82
12567,hosp_covid_dis_covid_hours_for,91650,2022-02-13,Воскресенье,07:00,109,109,0,23,1,86,85
12568,hosp_covid_dis_covid_hours_for,91652,2022-02-13,Воскресенье,08:00,116,116,0,30,2,86,84
12569,hosp_covid_dis_covid_hours_for,91654,2022-02-13,Воскресенье,09:00,119,119,0,64,2,55,53
12570,hosp_covid_dis_covid_hours_for,91656,2022-02-13,Воскресенье,10:00,126,126,0,107,2,19,17
12571,hosp_covid_dis_covid_hours_for,91658,2022-02-13,Воскресенье,11:00,135,135,0,154,2,-19,-21
12572,hosp_covid_dis_covid_hours_for,91660,2022-02-13,Воскресенье,12:00,153,150,3,198,14,-45,-59
12573,hosp_covid_dis_covid_hours_for,91662,2022-02-13,Воскресенье,13:00,181,174,7,256,18,-75,-93
12574,hosp_covid_dis_covid_hours_for,91664,2022-02-13,Воскресенье,14:00,221,210,11,314,23,-93,-116
12575,hosp_covid_dis_covid_hours_for,91666,2022-02-13,Воскресенье,15:00,254,239,15,345,23,-91,-114
12576,hosp_covid_dis_covid_hours_for,91668,2022-02-13,Воскресенье,16:00,288,270,18,379,26,-91,-117
12577,hosp_covid_dis_covid_hours_for,91670,2022-02-13,Воскресенье,17:00,322,303,19,402,31,-80,-111
12578,hosp_covid_dis_covid_hours_for,91672,2022-02-13,Воскресенье,18:00,341,322,19,415,31,-74,-105
12579,hosp_covid_dis_covid_hours_for,91674,2022-02-13,Воскресенье,19:00,368,347,21,420,32,-52,-84
12580,hosp_covid_dis_covid_hours_for,91676,2022-02-13,Воскресенье,20:00,403,381,22,431,33,-28,-61
12581,hosp_covid_dis_covid_hours_for,91678,2022-02-13,Воскресенье,21:00,434,412,22,438,33,-4,-37
12582,hosp_covid_dis_covid_hours_for,91680,2022-02-13,Воскресенье,22:00,458,435,23,445,33,13,-20
12583,hosp_covid_dis_covid_hours_for,91684,2022-02-13,Воскресенье,23:00,492,469,23,454,33,38,5
12584,hosp_covid_dis_covid_hours_for,91686,2022-02-14,Понедельник,01:00,11,11,0,1,0,10,10
12585,hosp_covid_dis_covid_hours_for,91687,2022-02-13,Воскресенье,сутки,528,504,24,461,33,67,34
12586,hosp_covid_dis_covid_hours_for,91689,2022-02-14,Понедельник,02:00,32,32,0,6,0,26,26
12587,hosp_covid_dis_covid_hours_for,91691,2022-02-14,Понедельник,03:00,43,43,0,13,0,30,30
12588,hosp_covid_dis_covid_hours_for,91693,2022-02-14,Понедельник,04:00,48,48,0,14,0,34,34
12589,hosp_covid_dis_covid_hours_for,91695,2022-02-14,Понедельник,05:00,56,56,0,16,0,40,40
12590,hosp_covid_dis_covid_hours_for,91697,2022-02-14,Понедельник,06:00,65,64,1,19,0,46,46
12591,hosp_covid_dis_covid_hours_for,91699,2022-02-14,Понедельник,07:00,68,67,1,28,0,40,40
12592,hosp_covid_dis_covid_hours_for,91701,2022-02-14,Понедельник,08:00,72,71,1,45,0,27,27
12593,hosp_covid_dis_covid_hours_for,91703,2022-02-14,Понедельник,09:00,75,74,1,78,0,-3,-3
12594,hosp_covid_dis_covid_hours_for,91705,2022-02-14,Понедельник,10:00,81,80,1,150,1,-69,-70
12595,hosp_covid_dis_covid_hours_for,91707,2022-02-14,Понедельник,11:00,93,91,2,255,2,-162,-164
12596,hosp_covid_dis_covid_hours_for,91709,2022-02-14,Понедельник,12:00,128,122,6,366,5,-238,-243
12597,hosp_covid_dis_covid_hours_for,91711,2022-02-14,Понедельник,13:00,162,150,12,443,12,-281,-293
12598,hosp_covid_dis_covid_hours_for,91713,2022-02-14,Понедельник,14:00,211,197,14,575,20,-364,-384
12599,hosp_covid_dis_covid_hours_for,91715,2022-02-14,Понедельник,15:00,259,237,22,656,20,-397,-417
12600,hosp_covid_dis_covid_hours_for,91717,2022-02-14,Понедельник,16:00,316,291,25,733,22,-417,-439
12601,hosp_covid_dis_covid_hours_for,91719,2022-02-14,Понедельник,17:00,362,334,28,824,24,-462,-486
12602,hosp_covid_dis_covid_hours_for,91721,2022-02-14,Понедельник,18:00,416,381,35,869,24,-453,-477
12603,hosp_covid_dis_covid_hours_for,91723,2022-02-14,Понедельник,19:00,459,419,40,884,24,-425,-449
12604,hosp_covid_dis_covid_hours_for,91725,2022-02-14,Понедельник,20:00,512,470,42,919,24,-407,-431
12605,hosp_covid_dis_covid_hours_for,91727,2022-02-14,Понедельник,21:00,554,510,44,926,24,-372,-396
12606,hosp_covid_dis_covid_hours_for,91729,2022-02-14,Понедельник,22:00,594,547,47,936,24,-342,-366
12607,hosp_covid_dis_covid_hours_for,91733,2022-02-14,Понедельник,23:00,642,590,52,945,26,-303,-329
12608,hosp_covid_dis_covid_hours_for,91735,2022-02-15,Вторник,01:00,11,11,0,4,0,7,7
12609,hosp_covid_dis_covid_hours_for,91736,2022-02-14,Понедельник,сутки,671,618,53,951,26,-280,-306
12610,hosp_covid_dis_covid_hours_for,91738,2022-02-15,Вторник,02:00,30,30,0,4,0,26,26
12611,hosp_covid_dis_covid_hours_for,91740,2022-02-15,Вторник,03:00,48,48,0,9,0,39,39
12612,hosp_covid_dis_covid_hours_for,91742,2022-02-15,Вторник,04:00,68,68,0,11,0,57,57
12613,hosp_covid_dis_covid_hours_for,91744,2022-02-15,Вторник,05:00,78,78,0,19,1,59,58
12614,hosp_covid_dis_covid_hours_for,91746,2022-02-15,Вторник,06:00,81,81,0,21,1,60,59
12615,hosp_covid_dis_covid_hours_for,91748,2022-02-15,Вторник,07:00,91,91,0,31,1,60,59
12616,hosp_covid_dis_covid_hours_for,91750,2022-02-15,Вторник,08:00,99,98,1,41,1,58,57
12617,hosp_covid_dis_covid_hours_for,91752,2022-02-15,Вторник,09:00,103,102,1,63,1,40,39
12618,hosp_covid_dis_covid_hours_for,91754,2022-02-15,Вторник,10:00,111,107,4,150,1,-39,-40
12619,hosp_covid_dis_covid_hours_for,91756,2022-02-15,Вторник,11:00,124,119,5,262,2,-138,-140
12620,hosp_covid_dis_covid_hours_for,91758,2022-02-15,Вторник,12:00,151,143,8,351,3,-200,-203
12621,hosp_covid_dis_covid_hours_for,91760,2022-02-15,Вторник,13:00,198,186,12,464,17,-266,-283
12622,hosp_covid_dis_covid_hours_for,91762,2022-02-15,Вторник,14:00,248,234,14,579,26,-331,-357
12623,hosp_covid_dis_covid_hours_for,91764,2022-02-15,Вторник,15:00,290,270,20,684,26,-394,-420
12624,hosp_covid_dis_covid_hours_for,91766,2022-02-15,Вторник,16:00,328,306,22,752,30,-424,-454
12625,hosp_covid_dis_covid_hours_for,91768,2022-02-15,Вторник,17:00,372,346,26,833,31,-461,-492
12626,hosp_covid_dis_covid_hours_for,91770,2022-02-15,Вторник,18:00,422,395,27,863,33,-441,-474
12627,hosp_covid_dis_covid_hours_for,91772,2022-02-15,Вторник,19:00,493,458,35,885,33,-392,-425
12628,hosp_covid_dis_covid_hours_for,91774,2022-02-15,Вторник,20:00,537,501,36,903,33,-366,-399
12629,hosp_covid_dis_covid_hours_for,91776,2022-02-15,Вторник,21:00,567,530,37,909,33,-342,-375
12630,hosp_covid_dis_covid_hours_for,91778,2022-02-15,Вторник,22:00,593,553,40,911,33,-318,-351
12631,hosp_covid_dis_covid_hours_for,91782,2022-02-15,Вторник,23:00,619,579,40,921,34,-302,-336
12632,hosp_covid_dis_covid_hours_for,91784,2022-02-16,Среда,01:00,10,10,0,0,1,10,9
12633,hosp_covid_dis_covid_hours_for,91785,2022-02-15,Вторник,сутки,644,603,41,925,34,-281,-315
12634,hosp_covid_dis_covid_hours_for,91787,2022-02-16,Среда,02:00,30,30,0,8,2,22,20
12635,hosp_covid_dis_covid_hours_for,91789,2022-02-16,Среда,03:00,47,47,0,8,2,39,37
12636,hosp_covid_dis_covid_hours_for,91791,2022-02-16,Среда,04:00,59,59,0,10,2,49,47
12637,hosp_covid_dis_covid_hours_for,91793,2022-02-16,Среда,05:00,64,64,0,18,5,46,41
12638,hosp_covid_dis_covid_hours_for,91795,2022-02-16,Среда,06:00,66,66,0,19,5,47,42
12639,hosp_covid_dis_covid_hours_for,91797,2022-02-16,Среда,07:00,70,70,0,38,6,32,26
12640,hosp_covid_dis_covid_hours_for,91799,2022-02-16,Среда,08:00,69,69,0,63,6,6,0
12641,hosp_covid_dis_covid_hours_for,91801,2022-02-16,Среда,09:00,79,79,0,96,6,-17,-23
12642,hosp_covid_dis_covid_hours_for,91803,2022-02-16,Среда,10:00,86,85,1,178,9,-92,-101
12643,hosp_covid_dis_covid_hours_for,91805,2022-02-16,Среда,11:00,93,92,1,238,13,-145,-158
12644,hosp_covid_dis_covid_hours_for,91807,2022-02-16,Среда,12:00,115,112,3,322,21,-207,-228
12645,hosp_covid_dis_covid_hours_for,91809,2022-02-16,Среда,13:00,149,146,3,406,26,-257,-283
12646,hosp_covid_dis_covid_hours_for,91811,2022-02-16,Среда,14:00,196,189,7,495,33,-299,-332
12647,hosp_covid_dis_covid_hours_for,91813,2022-02-16,Среда,15:00,243,228,15,595,34,-352,-386
12648,hosp_covid_dis_covid_hours_for,91815,2022-02-16,Среда,16:00,286,264,22,653,37,-367,-404
12649,hosp_covid_dis_covid_hours_for,91817,2022-02-16,Среда,17:00,321,293,28,717,39,-396,-435
12650,hosp_covid_dis_covid_hours_for,91819,2022-02-16,Среда,18:00,380,342,38,732,39,-352,-391
12651,hosp_covid_dis_covid_hours_for,91821,2022-02-16,Среда,19:00,423,384,39,748,39,-325,-364
12652,hosp_covid_dis_covid_hours_for,91823,2022-02-16,Среда,20:00,465,419,46,759,39,-294,-333
12653,hosp_covid_dis_covid_hours_for,91825,2022-02-16,Среда,21:00,496,449,47,765,39,-269,-308
12654,hosp_covid_dis_covid_hours_for,91827,2022-02-16,Среда,22:00,529,481,48,773,41,-244,-285
12655,hosp_covid_dis_covid_hours_for,91831,2022-02-16,Среда,23:00,541,493,48,773,41,-232,-273
12656,hosp_covid_dis_covid_hours_for,91833,2022-02-17,Четверг,01:00,16,16,0,7,0,9,9
12657,hosp_covid_dis_covid_hours_for,91834,2022-02-16,Среда,сутки,550,502,48,773,41,-223,-264
12658,hosp_covid_dis_covid_hours_for,91836,2022-02-17,Четверг,02:00,39,39,0,10,0,29,29
12659,hosp_covid_dis_covid_hours_for,91838,2022-02-17,Четверг,03:00,47,47,0,12,0,35,35
12660,hosp_covid_dis_covid_hours_for,91840,2022-02-17,Четверг,04:00,57,57,0,17,0,40,40
12661,hosp_covid_dis_covid_hours_for,91842,2022-02-17,Четверг,05:00,64,64,0,20,0,44,44
12662,hosp_covid_dis_covid_hours_for,91844,2022-02-17,Четверг,06:00,67,67,0,21,0,46,46
12663,hosp_covid_dis_covid_hours_for,91846,2022-02-17,Четверг,07:00,71,71,0,32,0,39,39
12664,hosp_covid_dis_covid_hours_for,91848,2022-02-17,Четверг,08:00,74,73,1,51,0,23,23
12665,hosp_covid_dis_covid_hours_for,91850,2022-02-17,Четверг,09:00,79,78,1,83,1,-4,-5
12666,hosp_covid_dis_covid_hours_for,91852,2022-02-17,Четверг,10:00,89,88,1,172,1,-83,-84
12667,hosp_covid_dis_covid_hours_for,91854,2022-02-17,Четверг,11:00,100,97,3,242,5,-142,-147
12668,hosp_covid_dis_covid_hours_for,91856,2022-02-17,Четверг,12:00,117,111,6,332,8,-215,-223
12669,hosp_covid_dis_covid_hours_for,91858,2022-02-17,Четверг,13:00,145,137,8,425,15,-280,-295
12670,hosp_covid_dis_covid_hours_for,91860,2022-02-17,Четверг,14:00,179,169,10,532,24,-353,-377
12671,hosp_covid_dis_covid_hours_for,91862,2022-02-17,Четверг,15:00,230,216,14,614,27,-384,-411
12672,hosp_covid_dis_covid_hours_for,91864,2022-02-17,Четверг,16:00,266,249,17,693,29,-427,-456
12673,hosp_covid_dis_covid_hours_for,91866,2022-02-17,Четверг,17:00,304,286,18,737,30,-433,-463
12674,hosp_covid_dis_covid_hours_for,91868,2022-02-17,Четверг,18:00,351,327,24,747,32,-396,-428
12675,hosp_covid_dis_covid_hours_for,91870,2022-02-17,Четверг,19:00,423,396,27,759,32,-336,-368
12676,hosp_covid_dis_covid_hours_for,91872,2022-02-17,Четверг,20:00,456,427,29,787,33,-331,-364
12677,hosp_covid_dis_covid_hours_for,91874,2022-02-17,Четверг,21:00,490,458,32,796,33,-306,-339
12678,hosp_covid_dis_covid_hours_for,91876,2022-02-17,Четверг,22:00,513,479,34,803,33,-290,-323
12679,hosp_covid_dis_covid_hours_for,91880,2022-02-17,Четверг,23:00,536,498,38,808,34,-272,-306
12680,hosp_covid_dis_covid_hours_for,91882,2022-02-18,Пятница,01:00,21,21,0,3,0,18,18
12681,hosp_covid_dis_covid_hours_for,91883,2022-02-17,Четверг,сутки,562,523,39,811,34,-249,-283
12682,hosp_covid_dis_covid_hours_for,91885,2022-02-18,Пятница,02:00,37,37,0,6,0,31,31
12683,hosp_covid_dis_covid_hours_for,91887,2022-02-18,Пятница,03:00,54,53,1,9,0,45,45
12684,hosp_covid_dis_covid_hours_for,91889,2022-02-18,Пятница,04:00,64,63,1,15,0,49,49
12685,hosp_covid_dis_covid_hours_for,91891,2022-02-18,Пятница,05:00,71,70,1,19,0,52,52
12686,hosp_covid_dis_covid_hours_for,91893,2022-02-18,Пятница,06:00,73,72,1,22,0,51,51
12687,hosp_covid_dis_covid_hours_for,91895,2022-02-18,Пятница,07:00,82,81,1,26,0,56,56
12688,hosp_covid_dis_covid_hours_for,91897,2022-02-18,Пятница,08:00,82,81,1,44,0,38,38
12689,hosp_covid_dis_covid_hours_for,91899,2022-02-18,Пятница,09:00,106,105,1,104,0,2,2
12690,hosp_covid_dis_covid_hours_for,91901,2022-02-18,Пятница,10:00,107,105,2,178,0,-71,-71
12691,hosp_covid_dis_covid_hours_for,91903,2022-02-18,Пятница,11:00,116,112,4,246,5,-130,-135
12692,hosp_covid_dis_covid_hours_for,91905,2022-02-18,Пятница,12:00,132,123,9,332,8,-200,-208
12693,hosp_covid_dis_covid_hours_for,91907,2022-02-18,Пятница,13:01,163,148,15,424,10,-261,-271
12694,hosp_covid_dis_covid_hours_for,91909,2022-02-18,Пятница,14:00,189,173,16,527,11,-338,-349
12695,hosp_covid_dis_covid_hours_for,91911,2022-02-18,Пятница,15:00,236,217,19,627,11,-391,-402
12696,hosp_covid_dis_covid_hours_for,91913,2022-02-18,Пятница,16:00,274,251,23,667,12,-393,-405
12697,hosp_covid_dis_covid_hours_for,91915,2022-02-18,Пятница,17:00,302,279,23,709,14,-407,-421
12698,hosp_covid_dis_covid_hours_for,91917,2022-02-18,Пятница,18:00,335,304,31,731,17,-396,-413
12699,hosp_covid_dis_covid_hours_for,91919,2022-02-18,Пятница,19:00,380,344,36,749,18,-369,-387
12700,hosp_covid_dis_covid_hours_for,91921,2022-02-18,Пятница,20:00,425,386,39,767,18,-342,-360
12701,hosp_covid_dis_covid_hours_for,91923,2022-02-18,Пятница,21:00,448,408,40,773,18,-325,-343
12702,hosp_covid_dis_covid_hours_for,91925,2022-02-18,Пятница,22:00,484,442,42,776,18,-292,-310
12703,hosp_covid_dis_covid_hours_for,91929,2022-02-18,Пятница,23:00,513,470,43,780,18,-267,-285
12704,hosp_covid_dis_covid_hours_for,91931,2022-02-19,Суббота,01:00,11,11,0,5,0,6,6
12705,hosp_covid_dis_covid_hours_for,91932,2022-02-18,Пятница,сутки,537,493,44,785,18,-248,-266
12706,hosp_covid_dis_covid_hours_for,91934,2022-02-19,Суббота,02:00,27,27,0,7,0,20,20
12707,hosp_covid_dis_covid_hours_for,91936,2022-02-19,Суббота,03:00,40,40,0,9,0,31,31
12708,hosp_covid_dis_covid_hours_for,91938,2022-02-19,Суббота,04:00,48,48,0,21,0,27,27
12709,hosp_covid_dis_covid_hours_for,91940,2022-02-19,Суббота,05:00,56,55,1,21,0,35,35
12710,hosp_covid_dis_covid_hours_for,91942,2022-02-19,Суббота,06:00,62,60,2,24,0,38,38
12711,hosp_covid_dis_covid_hours_for,91944,2022-02-19,Суббота,07:00,64,62,2,26,0,38,38
12712,hosp_covid_dis_covid_hours_for,91946,2022-02-19,Суббота,08:00,65,63,2,38,1,27,26
12713,hosp_covid_dis_covid_hours_for,91948,2022-02-19,Суббота,09:00,68,66,2,75,1,-7,-8
12714,hosp_covid_dis_covid_hours_for,91950,2022-02-19,Суббота,10:00,74,72,2,121,1,-47,-48
12715,hosp_covid_dis_covid_hours_for,91952,2022-02-19,Суббота,11:00,86,84,2,166,5,-80,-85
12716,hosp_covid_dis_covid_hours_for,91954,2022-02-19,Суббота,12:00,101,99,2,205,7,-104,-111
12717,hosp_covid_dis_covid_hours_for,91956,2022-02-19,Суббота,13:00,121,118,3,241,9,-120,-129
12718,hosp_covid_dis_covid_hours_for,91958,2022-02-19,Суббота,14:00,141,136,5,280,14,-139,-153
12719,hosp_covid_dis_covid_hours_for,91960,2022-02-19,Суббота,15:00,167,160,7,290,16,-123,-139
12720,hosp_covid_dis_covid_hours_for,91962,2022-02-19,Суббота,16:00,195,188,7,300,16,-105,-121
12721,hosp_covid_dis_covid_hours_for,91964,2022-02-19,Суббота,17:00,220,211,9,314,19,-94,-113
12722,hosp_covid_dis_covid_hours_for,91966,2022-02-19,Суббота,18:00,247,235,12,327,19,-80,-99
12723,hosp_covid_dis_covid_hours_for,91968,2022-02-19,Суббота,19:00,292,279,13,328,19,-36,-55
12724,hosp_covid_dis_covid_hours_for,91970,2022-02-19,Суббота,20:00,333,320,13,361,20,-28,-48
12725,hosp_covid_dis_covid_hours_for,91972,2022-02-19,Суббота,21:00,355,341,14,368,22,-13,-35
12726,hosp_covid_dis_covid_hours_for,91974,2022-02-19,Суббота,22:00,366,352,14,370,22,-4,-26
12727,hosp_covid_dis_covid_hours_for,91978,2022-02-19,Суббота,23:00,390,376,14,376,22,14,-8
12728,hosp_covid_dis_covid_hours_for,91980,2022-02-20,Воскресенье,01:00,6,5,1,0,0,6,6
12729,hosp_covid_dis_covid_hours_for,91981,2022-02-19,Суббота,сутки,399,385,14,379,22,20,-2
12730,hosp_covid_dis_covid_hours_for,91983,2022-02-20,Воскресенье,02:00,13,12,1,1,0,12,12
12731,hosp_covid_dis_covid_hours_for,91985,2022-02-20,Воскресенье,03:00,19,18,1,1,0,18,18
12732,hosp_covid_dis_covid_hours_for,91987,2022-02-20,Воскресенье,04:00,21,20,1,8,0,13,13
12733,hosp_covid_dis_covid_hours_for,91989,2022-02-20,Воскресенье,05:00,25,24,1,8,0,17,17
12734,hosp_covid_dis_covid_hours_for,91991,2022-02-20,Воскресенье,06:00,27,26,1,10,0,17,17
12735,hosp_covid_dis_covid_hours_for,91993,2022-02-20,Воскресенье,07:00,30,29,1,16,0,14,14
12736,hosp_covid_dis_covid_hours_for,91995,2022-02-20,Воскресенье,08:00,31,31,0,28,0,3,3
12737,hosp_covid_dis_covid_hours_for,91997,2022-02-20,Воскресенье,09:00,36,36,0,57,0,-21,-21
12738,hosp_covid_dis_covid_hours_for,91999,2022-02-20,Воскресенье,10:00,39,39,0,94,0,-55,-55
12739,hosp_covid_dis_covid_hours_for,92001,2022-02-20,Воскресенье,11:00,43,42,1,123,0,-80,-80
12740,hosp_covid_dis_covid_hours_for,92003,2022-02-20,Воскресенье,12:00,60,59,1,164,2,-104,-106
12741,hosp_covid_dis_covid_hours_for,92005,2022-02-20,Воскресенье,13:00,80,78,2,185,4,-105,-109
12742,hosp_covid_dis_covid_hours_for,92007,2022-02-20,Воскресенье,14:00,97,93,4,200,5,-103,-108
12743,hosp_covid_dis_covid_hours_for,92009,2022-02-20,Воскресенье,15:00,118,112,6,211,5,-93,-98
12744,hosp_covid_dis_covid_hours_for,92011,2022-02-20,Воскресенье,16:00,140,134,6,223,9,-83,-92
12745,hosp_covid_dis_covid_hours_for,92013,2022-02-20,Воскресенье,17:00,166,157,9,235,9,-69,-78
12746,hosp_covid_dis_covid_hours_for,92015,2022-02-20,Воскресенье,18:00,187,176,11,243,9,-56,-65
12747,hosp_covid_dis_covid_hours_for,92017,2022-02-20,Воскресенье,19:00,207,193,14,251,9,-44,-53
12748,hosp_covid_dis_covid_hours_for,92019,2022-02-20,Воскресенье,20:00,234,219,15,256,10,-22,-32
12749,hosp_covid_dis_covid_hours_for,92021,2022-02-20,Воскресенье,21:00,252,236,16,263,11,-11,-22
12750,hosp_covid_dis_covid_hours_for,92023,2022-02-20,Воскресенье,22:00,276,260,16,267,12,9,-3
12751,hosp_covid_dis_covid_hours_for,92027,2022-02-20,Воскресенье,23:00,294,278,16,270,12,24,12
12752,hosp_covid_dis_covid_hours_for,92029,2022-02-21,Понедельник,01:00,6,6,0,2,0,4,4
12753,hosp_covid_dis_covid_hours_for,92030,2022-02-20,Воскресенье,сутки,311,295,16,277,12,34,22
12754,hosp_covid_dis_covid_hours_for,92032,2022-02-21,Понедельник,02:00,19,18,1,9,0,10,10
12755,hosp_covid_dis_covid_hours_for,92034,2022-02-21,Понедельник,03:00,38,37,1,11,0,27,27
12756,hosp_covid_dis_covid_hours_for,92036,2022-02-21,Понедельник,04:00,40,39,1,12,0,28,28
12757,hosp_covid_dis_covid_hours_for,92038,2022-02-21,Понедельник,05:00,46,45,1,12,0,34,34
12758,hosp_covid_dis_covid_hours_for,92040,2022-02-21,Понедельник,06:00,46,45,1,13,0,33,33
12759,hosp_covid_dis_covid_hours_for,92042,2022-02-21,Понедельник,07:00,47,46,1,25,0,22,22
12760,hosp_covid_dis_covid_hours_for,92044,2022-02-21,Понедельник,08:00,51,50,1,59,0,-8,-8
12761,hosp_covid_dis_covid_hours_for,92046,2022-02-21,Понедельник,09:00,54,53,1,84,0,-30,-30
12762,hosp_covid_dis_covid_hours_for,92048,2022-02-21,Понедельник,10:00,71,70,1,141,0,-70,-70
12763,hosp_covid_dis_covid_hours_for,92050,2022-02-21,Понедельник,11:00,81,80,1,196,5,-115,-120
12764,hosp_covid_dis_covid_hours_for,92052,2022-02-21,Понедельник,12:00,107,104,3,271,6,-164,-170
12765,hosp_covid_dis_covid_hours_for,92054,2022-02-21,Понедельник,13:00,146,141,5,349,7,-203,-210
12766,hosp_covid_dis_covid_hours_for,92056,2022-02-21,Понедельник,14:00,184,173,11,420,8,-236,-244
12767,hosp_covid_dis_covid_hours_for,92058,2022-02-21,Понедельник,15:00,228,216,12,495,10,-267,-277
12768,hosp_covid_dis_covid_hours_for,92060,2022-02-21,Понедельник,16:00,260,245,15,544,12,-284,-296
12769,hosp_covid_dis_covid_hours_for,92062,2022-02-21,Понедельник,17:00,293,269,24,612,12,-319,-331
12770,hosp_covid_dis_covid_hours_for,92064,2022-02-21,Понедельник,18:00,333,300,33,647,13,-314,-327
12771,hosp_covid_dis_covid_hours_for,92066,2022-02-21,Понедельник,19:00,368,333,35,691,14,-323,-337
12772,hosp_covid_dis_covid_hours_for,92068,2022-02-21,Понедельник,20:00,419,379,40,699,14,-280,-294
12773,hosp_covid_dis_covid_hours_for,92070,2022-02-21,Понедельник,21:00,449,409,40,714,14,-265,-279
12774,hosp_covid_dis_covid_hours_for,92072,2022-02-21,Понедельник,22:00,466,426,40,721,15,-255,-270
12775,hosp_covid_dis_covid_hours_for,92076,2022-02-21,Понедельник,23:00,480,439,41,723,16,-243,-259
12776,hosp_covid_dis_covid_hours_for,92078,2022-02-22,Вторник,01:00,12,12,0,10,0,2,2
12777,hosp_covid_dis_covid_hours_for,92079,2022-02-21,Понедельник,сутки,502,460,42,724,16,-222,-238
12778,hosp_covid_dis_covid_hours_for,92081,2022-02-22,Вторник,02:00,27,27,0,14,0,13,13
12779,hosp_covid_dis_covid_hours_for,92083,2022-02-22,Вторник,03:00,39,39,0,16,0,23,23
12780,hosp_covid_dis_covid_hours_for,92085,2022-02-22,Вторник,04:00,47,47,0,16,0,31,31
12781,hosp_covid_dis_covid_hours_for,92087,2022-02-22,Вторник,05:00,55,55,0,17,0,38,38
12782,hosp_covid_dis_covid_hours_for,92089,2022-02-22,Вторник,06:00,58,58,0,17,0,41,41
12783,hosp_covid_dis_covid_hours_for,92091,2022-02-22,Вторник,07:00,60,60,0,27,0,33,33
12784,hosp_covid_dis_covid_hours_for,92093,2022-02-22,Вторник,08:00,62,62,0,45,0,17,17
12785,hosp_covid_dis_covid_hours_for,92095,2022-02-22,Вторник,09:00,69,69,0,68,0,1,1
12786,hosp_covid_dis_covid_hours_for,92097,2022-02-22,Вторник,10:00,75,72,3,123,0,-48,-48
12787,hosp_covid_dis_covid_hours_for,92099,2022-02-22,Вторник,11:00,79,75,4,201,1,-122,-123
12788,hosp_covid_dis_covid_hours_for,92101,2022-02-22,Вторник,12:00,91,87,4,301,2,-210,-212
12789,hosp_covid_dis_covid_hours_for,92103,2022-02-22,Вторник,13:00,110,104,6,377,2,-267,-269
12790,hosp_covid_dis_covid_hours_for,92105,2022-02-22,Вторник,14:00,140,131,9,479,5,-339,-344
12791,hosp_covid_dis_covid_hours_for,92107,2022-02-22,Вторник,15:00,166,154,12,537,8,-371,-379
12792,hosp_covid_dis_covid_hours_for,92109,2022-02-22,Вторник,16:00,195,181,14,596,12,-401,-413
12793,hosp_covid_dis_covid_hours_for,92111,2022-02-22,Вторник,17:00,225,204,21,641,12,-416,-428
12794,hosp_covid_dis_covid_hours_for,92113,2022-02-22,Вторник,18:00,249,226,23,689,12,-440,-452
12795,hosp_covid_dis_covid_hours_for,92115,2022-02-22,Вторник,19:00,282,257,25,716,12,-434,-446
12796,hosp_covid_dis_covid_hours_for,92117,2022-02-22,Вторник,20:00,314,288,26,723,12,-409,-421
12797,hosp_covid_dis_covid_hours_for,92119,2022-02-22,Вторник,21:00,339,312,27,728,12,-389,-401
12798,hosp_covid_dis_covid_hours_for,92121,2022-02-22,Вторник,22:00,362,335,27,733,13,-371,-384
12799,hosp_covid_dis_covid_hours_for,92125,2022-02-22,Вторник,23:00,379,351,28,741,13,-362,-375
12800,hosp_covid_dis_covid_hours_for,92127,2022-02-23,Среда,01:00,9,8,1,3,0,6,6
12801,hosp_covid_dis_covid_hours_for,92128,2022-02-22,Вторник,сутки,402,374,28,743,13,-341,-354
12802,hosp_covid_dis_covid_hours_for,92130,2022-02-23,Среда,02:00,19,18,1,8,0,11,11
12803,hosp_covid_dis_covid_hours_for,92132,2022-02-23,Среда,03:00,25,24,1,10,0,15,15
12804,hosp_covid_dis_covid_hours_for,92134,2022-02-23,Среда,04:00,29,28,1,10,0,19,19
12805,hosp_covid_dis_covid_hours_for,92136,2022-02-23,Среда,05:00,33,32,1,13,0,20,20
12806,hosp_covid_dis_covid_hours_for,92138,2022-02-23,Среда,06:00,38,37,1,13,0,25,25
12807,hosp_covid_dis_covid_hours_for,92140,2022-02-23,Среда,07:00,41,40,1,19,0,22,22
12808,hosp_covid_dis_covid_hours_for,92142,2022-02-23,Среда,08:00,41,40,1,29,0,12,12
12809,hosp_covid_dis_covid_hours_for,92144,2022-02-23,Среда,09:00,39,38,1,71,1,-32,-33
12810,hosp_covid_dis_covid_hours_for,92146,2022-02-23,Среда,10:00,41,40,1,116,1,-75,-76
12811,hosp_covid_dis_covid_hours_for,92148,2022-02-23,Среда,11:00,51,48,3,162,2,-111,-113
12812,hosp_covid_dis_covid_hours_for,92150,2022-02-23,Среда,12:00,65,59,6,215,3,-150,-153
12813,hosp_covid_dis_covid_hours_for,92152,2022-02-23,Среда,13:00,86,80,6,256,6,-170,-176
12814,hosp_covid_dis_covid_hours_for,92154,2022-02-23,Среда,14:00,99,93,6,282,6,-183,-189
12815,hosp_covid_dis_covid_hours_for,92156,2022-02-23,Среда,15:00,114,107,7,307,6,-193,-199
12816,hosp_covid_dis_covid_hours_for,92158,2022-02-23,Среда,16:00,136,128,8,325,7,-189,-196
12817,hosp_covid_dis_covid_hours_for,92160,2022-02-23,Среда,17:00,166,154,12,338,8,-172,-180
12818,hosp_covid_dis_covid_hours_for,92162,2022-02-23,Среда,18:00,194,180,14,342,8,-148,-156
12819,hosp_covid_dis_covid_hours_for,92164,2022-02-23,Среда,19:00,216,201,15,348,8,-132,-140
12820,hosp_covid_dis_covid_hours_for,92166,2022-02-23,Среда,20:00,228,213,15,362,8,-134,-142
12821,hosp_covid_dis_covid_hours_for,92168,2022-02-23,Среда,21:00,247,232,15,367,9,-120,-129
12822,hosp_covid_dis_covid_hours_for,92170,2022-02-23,Среда,22:00,267,252,15,369,9,-102,-111
12823,hosp_covid_dis_covid_hours_for,92174,2022-02-23,Среда,23:00,276,261,15,373,9,-97,-106
12824,hosp_covid_dis_covid_hours_for,92176,2022-02-24,Четверг,01:00,6,6,0,9,0,-3,-3
12825,hosp_covid_dis_covid_hours_for,92177,2022-02-23,Среда,сутки,284,269,15,375,10,-91,-101
12826,hosp_covid_dis_covid_hours_for,92179,2022-02-24,Четверг,02:00,7,7,0,13,0,-6,-6
12827,hosp_covid_dis_covid_hours_for,92181,2022-02-24,Четверг,03:00,14,14,0,14,0,0,0
12828,hosp_covid_dis_covid_hours_for,92183,2022-02-24,Четверг,04:00,21,21,0,15,0,6,6
12829,hosp_covid_dis_covid_hours_for,92185,2022-02-24,Четверг,05:00,23,23,0,15,0,8,8
12830,hosp_covid_dis_covid_hours_for,92187,2022-02-24,Четверг,06:00,27,25,2,16,1,11,10
12831,hosp_covid_dis_covid_hours_for,92189,2022-02-24,Четверг,07:00,32,30,2,19,2,13,11
12832,hosp_covid_dis_covid_hours_for,92191,2022-02-24,Четверг,08:00,33,31,2,35,2,-2,-4
12833,hosp_covid_dis_covid_hours_for,92193,2022-02-24,Четверг,09:00,40,38,2,62,2,-22,-24
12834,hosp_covid_dis_covid_hours_for,92195,2022-02-24,Четверг,10:00,43,41,2,109,2,-66,-68
12835,hosp_covid_dis_covid_hours_for,92197,2022-02-24,Четверг,11:00,48,46,2,150,1,-102,-103
12836,hosp_covid_dis_covid_hours_for,92199,2022-02-24,Четверг,12:00,59,56,3,206,2,-147,-149
12837,hosp_covid_dis_covid_hours_for,92201,2022-02-24,Четверг,13:00,81,78,3,286,3,-205,-208
12838,hosp_covid_dis_covid_hours_for,92203,2022-02-24,Четверг,14:00,100,95,5,355,3,-255,-258
12839,hosp_covid_dis_covid_hours_for,92205,2022-02-24,Четверг,15:00,122,113,9,394,6,-272,-278
12840,hosp_covid_dis_covid_hours_for,92207,2022-02-24,Четверг,16:00,152,140,12,422,6,-270,-276
12841,hosp_covid_dis_covid_hours_for,92209,2022-02-24,Четверг,17:00,180,165,15,469,6,-289,-295
12842,hosp_covid_dis_covid_hours_for,92211,2022-02-24,Четверг,18:00,204,185,19,493,6,-289,-295
12843,hosp_covid_dis_covid_hours_for,92213,2022-02-24,Четверг,19:00,227,204,23,501,6,-274,-280
12844,hosp_covid_dis_covid_hours_for,92215,2022-02-24,Четверг,20:00,274,247,27,507,6,-233,-239
12845,hosp_covid_dis_covid_hours_for,92217,2022-02-24,Четверг,21:00,301,271,30,509,6,-208,-214
12846,hosp_covid_dis_covid_hours_for,92219,2022-02-24,Четверг,22:00,317,287,30,515,6,-198,-204
12847,hosp_covid_dis_covid_hours_for,92223,2022-02-24,Четверг,23:02,336,306,30,516,6,-180,-186
12848,hosp_covid_dis_covid_hours_for,92225,2022-02-25,Пятница,01:00,3,2,1,1,0,2,2
12849,hosp_covid_dis_covid_hours_for,92226,2022-02-24,Четверг,сутки,345,315,30,519,6,-174,-180
12850,hosp_covid_dis_covid_hours_for,92228,2022-02-25,Пятница,02:00,26,25,1,1,0,25,25
12851,hosp_covid_dis_covid_hours_for,92230,2022-02-25,Пятница,03:00,37,35,2,2,0,35,35
12852,hosp_covid_dis_covid_hours_for,92232,2022-02-25,Пятница,04:00,42,40,2,4,0,38,38
12853,hosp_covid_dis_covid_hours_for,92234,2022-02-25,Пятница,05:00,43,41,2,7,0,36,36
12854,hosp_covid_dis_covid_hours_for,92236,2022-02-25,Пятница,06:00,46,44,2,8,0,38,38
12855,hosp_covid_dis_covid_hours_for,92238,2022-02-25,Пятница,07:00,48,46,2,13,0,35,35
12856,hosp_covid_dis_covid_hours_for,92240,2022-02-25,Пятница,08:00,48,46,2,33,0,15,15
12857,hosp_covid_dis_covid_hours_for,92242,2022-02-25,Пятница,09:00,55,53,2,55,0,0,0
12858,hosp_covid_dis_covid_hours_for,92244,2022-02-25,Пятница,10:00,58,55,3,134,0,-76,-76
12859,hosp_covid_dis_covid_hours_for,92246,2022-02-25,Пятница,11:00,64,60,4,205,5,-141,-146
12860,hosp_covid_dis_covid_hours_for,92248,2022-02-25,Пятница,12:00,81,77,4,264,6,-183,-189
12861,hosp_covid_dis_covid_hours_for,92250,2022-02-25,Пятница,13:00,100,96,4,355,6,-255,-261
12862,hosp_covid_dis_covid_hours_for,92252,2022-02-25,Пятница,14:00,123,118,5,441,7,-318,-325
12863,hosp_covid_dis_covid_hours_for,92254,2022-02-25,Пятница,15:00,149,143,6,509,8,-360,-368
12864,hosp_covid_dis_covid_hours_for,92256,2022-02-25,Пятница,16:00,183,173,10,559,11,-376,-387
12865,hosp_covid_dis_covid_hours_for,92258,2022-02-25,Пятница,17:00,218,200,18,587,11,-369,-380
12866,hosp_covid_dis_covid_hours_for,92260,2022-02-25,Пятница,18:00,239,218,21,538,11,-299,-310
12867,hosp_covid_dis_covid_hours_for,92262,2022-02-25,Пятница,19:00,258,235,23,585,11,-327,-338
12868,hosp_covid_dis_covid_hours_for,92264,2022-02-25,Пятница,20:00,289,263,26,599,11,-310,-321
12869,hosp_covid_dis_covid_hours_for,92266,2022-02-25,Пятница,21:00,316,288,28,602,11,-286,-297
12870,hosp_covid_dis_covid_hours_for,92268,2022-02-25,Пятница,22:00,330,301,29,608,11,-278,-289
12871,hosp_covid_dis_covid_hours_for,92272,2022-02-25,Пятница,23:00,342,313,29,613,11,-271,-282
12872,hosp_covid_dis_covid_hours_for,92274,2022-02-26,Суббота,01:00,6,6,0,2,0,4,4
12873,hosp_covid_dis_covid_hours_for,92275,2022-02-25,Пятница,сутки,362,333,29,614,11,-252,-263
12874,hosp_covid_dis_covid_hours_for,92277,2022-02-26,Суббота,02:00,13,13,0,5,0,8,8
12875,hosp_covid_dis_covid_hours_for,92279,2022-02-26,Суббота,03:00,19,19,0,7,0,12,12
12876,hosp_covid_dis_covid_hours_for,92281,2022-02-26,Суббота,04:00,23,23,0,9,0,14,14
12877,hosp_covid_dis_covid_hours_for,92283,2022-02-26,Суббота,05:00,24,24,0,9,0,15,15
12878,hosp_covid_dis_covid_hours_for,92285,2022-02-26,Суббота,06:00,25,25,0,9,0,16,16
12879,hosp_covid_dis_covid_hours_for,92287,2022-02-26,Суббота,07:00,27,25,2,10,0,17,17
12880,hosp_covid_dis_covid_hours_for,92289,2022-02-26,Суббота,08:00,29,27,2,30,0,-1,-1
12881,hosp_covid_dis_covid_hours_for,92291,2022-02-26,Суббота,09:00,31,29,2,58,0,-27,-27
12882,hosp_covid_dis_covid_hours_for,92293,2022-02-26,Суббота,10:00,32,29,3,87,0,-55,-55
12883,hosp_covid_dis_covid_hours_for,92295,2022-02-26,Суббота,11:00,36,33,3,114,2,-78,-80
12884,hosp_covid_dis_covid_hours_for,92297,2022-02-26,Суббота,12:00,53,49,4,141,4,-88,-92
12885,hosp_covid_dis_covid_hours_for,92299,2022-02-26,Суббота,13:00,61,57,4,165,4,-104,-108
12886,hosp_covid_dis_covid_hours_for,92301,2022-02-26,Суббота,14:00,70,65,5,190,4,-120,-124
12887,hosp_covid_dis_covid_hours_for,92303,2022-02-26,Суббота,15:00,86,80,6,213,4,-127,-131
12888,hosp_covid_dis_covid_hours_for,92305,2022-02-26,Суббота,16:00,103,97,6,221,5,-118,-123
12889,hosp_covid_dis_covid_hours_for,92307,2022-02-26,Суббота,17:00,121,114,7,229,5,-108,-113
12890,hosp_covid_dis_covid_hours_for,92309,2022-02-26,Суббота,18:00,162,154,8,242,5,-80,-85
12891,hosp_covid_dis_covid_hours_for,92311,2022-02-26,Суббота,19:00,180,172,8,258,5,-78,-83
12892,hosp_covid_dis_covid_hours_for,92313,2022-02-26,Суббота,20:00,196,186,10,266,5,-70,-75
12893,hosp_covid_dis_covid_hours_for,92315,2022-02-26,Суббота,21:00,211,201,10,271,5,-60,-65
12894,hosp_covid_dis_covid_hours_for,92317,2022-02-26,Суббота,22:00,226,215,11,277,5,-51,-56
12895,hosp_covid_dis_covid_hours_for,92321,2022-02-26,Суббота,23:00,236,225,11,279,5,-43,-48
12896,hosp_covid_dis_covid_hours_for,92323,2022-02-27,Воскресенье,01:00,8,8,0,8,0,0,0
12897,hosp_covid_dis_covid_hours_for,92324,2022-02-26,Суббота,сутки,245,234,11,286,5,-41,-46
12898,hosp_covid_dis_covid_hours_for,92326,2022-02-27,Воскресенье,02:00,10,10,0,9,0,1,1
12899,hosp_covid_dis_covid_hours_for,92328,2022-02-27,Воскресенье,03:00,13,13,0,11,0,2,2
12900,hosp_covid_dis_covid_hours_for,92330,2022-02-27,Воскресенье,04:00,14,14,0,16,0,-2,-2
12901,hosp_covid_dis_covid_hours_for,92332,2022-02-27,Воскресенье,05:00,21,21,0,16,0,5,5
12902,hosp_covid_dis_covid_hours_for,92334,2022-02-27,Воскресенье,06:00,23,23,0,16,0,7,7
12903,hosp_covid_dis_covid_hours_for,92336,2022-02-27,Воскресенье,07:00,26,26,0,19,0,7,7
12904,hosp_covid_dis_covid_hours_for,92338,2022-02-27,Воскресенье,08:00,28,28,0,35,0,-7,-7
12905,hosp_covid_dis_covid_hours_for,92340,2022-02-27,Воскресенье,09:00,31,31,0,51,0,-20,-20
12906,hosp_covid_dis_covid_hours_for,92342,2022-02-27,Воскресенье,10:00,33,33,0,74,0,-41,-41
12907,hosp_covid_dis_covid_hours_for,92344,2022-02-27,Воскресенье,11:00,35,34,1,84,4,-49,-53
12908,hosp_covid_dis_covid_hours_for,92346,2022-02-27,Воскресенье,12:00,43,42,1,99,7,-56,-63
12909,hosp_covid_dis_covid_hours_for,92348,2022-02-27,Воскресенье,13:00,52,51,1,119,9,-67,-76
12910,hosp_covid_dis_covid_hours_for,92350,2022-02-27,Воскресенье,14:00,69,67,2,129,9,-60,-69
12911,hosp_covid_dis_covid_hours_for,92352,2022-02-27,Воскресенье,15:00,76,74,2,142,9,-66,-75
12912,hosp_covid_dis_covid_hours_for,92354,2022-02-27,Воскресенье,16:00,97,94,3,149,11,-52,-63
12913,hosp_covid_dis_covid_hours_for,92356,2022-02-27,Воскресенье,17:00,107,103,4,160,11,-53,-64
12914,hosp_covid_dis_covid_hours_for,92358,2022-02-27,Воскресенье,18:00,119,115,4,163,11,-44,-55
12915,hosp_covid_dis_covid_hours_for,92360,2022-02-27,Воскресенье,19:00,129,125,4,165,11,-36,-47
12916,hosp_covid_dis_covid_hours_for,92362,2022-02-27,Воскресенье,20:00,141,136,5,168,11,-27,-38
12917,hosp_covid_dis_covid_hours_for,92364,2022-02-27,Воскресенье,21:00,155,150,5,172,11,-17,-28
12918,hosp_covid_dis_covid_hours_for,92366,2022-02-27,Воскресенье,22:00,171,166,5,175,11,-4,-15
12919,hosp_covid_dis_covid_hours_for,92370,2022-02-27,Воскресенье,23:00,176,171,5,176,11,0,-11
12920,hosp_covid_dis_covid_hours_for,92372,2022-02-28,Понедельник,01:00,4,4,0,2,0,2,2
12921,hosp_covid_dis_covid_hours_for,92373,2022-02-27,Воскресенье,сутки,185,180,5,187,12,-2,-14
12922,hosp_covid_dis_covid_hours_for,92375,2022-02-28,Понедельник,02:00,11,11,0,10,0,1,1
12923,hosp_covid_dis_covid_hours_for,92377,2022-02-28,Понедельник,03:00,16,16,0,11,0,5,5
12924,hosp_covid_dis_covid_hours_for,92379,2022-02-28,Понедельник,04:00,19,19,0,19,0,0,0
12925,hosp_covid_dis_covid_hours_for,92381,2022-02-28,Понедельник,05:00,20,20,0,19,0,1,1
12926,hosp_covid_dis_covid_hours_for,92383,2022-02-28,Понедельник,06:00,22,22,0,20,0,2,2
12927,hosp_covid_dis_covid_hours_for,92385,2022-02-28,Понедельник,07:00,22,22,0,26,0,-4,-4
12928,hosp_covid_dis_covid_hours_for,92387,2022-02-28,Понедельник,08:00,24,24,0,33,0,-9,-9
12929,hosp_covid_dis_covid_hours_for,92389,2022-02-28,Понедельник,09:00,24,24,0,51,0,-27,-27
12930,hosp_covid_dis_covid_hours_for,92391,2022-02-28,Понедельник,10:00,28,28,0,94,0,-66,-66
12931,hosp_covid_dis_covid_hours_for,92393,2022-02-28,Понедельник,11:00,30,30,0,149,3,-119,-122
12932,hosp_covid_dis_covid_hours_for,92395,2022-02-28,Понедельник,12:00,42,42,0,209,7,-167,-174
12933,hosp_covid_dis_covid_hours_for,92397,2022-02-28,Понедельник,13:00,64,62,2,285,8,-221,-229
12934,hosp_covid_dis_covid_hours_for,92399,2022-02-28,Понедельник,14:00,84,78,6,344,8,-260,-268
12935,hosp_covid_dis_covid_hours_for,92401,2022-02-28,Понедельник,15:00,109,98,11,402,10,-293,-303
12936,hosp_covid_dis_covid_hours_for,92403,2022-02-28,Понедельник,16:00,138,124,14,463,13,-325,-338
12937,hosp_covid_dis_covid_hours_for,92405,2022-02-28,Понедельник,17:00,166,151,15,487,13,-321,-334
12938,hosp_covid_dis_covid_hours_for,92407,2022-02-28,Понедельник,18:00,185,167,18,510,14,-325,-339
12939,hosp_covid_dis_covid_hours_for,92409,2022-02-28,Понедельник,19:00,211,191,20,537,14,-326,-340
12940,hosp_covid_dis_covid_hours_for,92411,2022-02-28,Понедельник,20:00,228,206,22,550,14,-322,-336
12941,hosp_covid_dis_covid_hours_for,92413,2022-02-28,Понедельник,21:00,242,220,22,558,14,-316,-330
12942,hosp_covid_dis_covid_hours_for,92415,2022-02-28,Понедельник,22:00,253,230,23,560,14,-307,-321
12943,hosp_covid_dis_covid_hours_for,92419,2022-02-28,Понедельник,23:00,262,239,23,562,14,-300,-314
12944,hosp_covid_dis_covid_hours_for,92421,2022-03-01,Вторник,01:00,8,8,0,1,0,7,7
12945,hosp_covid_dis_covid_hours_for,92422,2022-02-28,Понедельник,сутки,273,250,23,568,14,-295,-309
12946,hosp_covid_dis_covid_hours_for,92424,2022-03-01,Вторник,02:00,13,12,1,5,0,8,8
12947,hosp_covid_dis_covid_hours_for,92426,2022-03-01,Вторник,03:00,15,14,1,5,0,10,10
12948,hosp_covid_dis_covid_hours_for,92428,2022-03-01,Вторник,04:00,22,21,1,5,0,17,17
12949,hosp_covid_dis_covid_hours_for,92430,2022-03-01,Вторник,05:00,23,22,1,8,0,15,15
12950,hosp_covid_dis_covid_hours_for,92432,2022-03-01,Вторник,06:00,23,22,1,9,0,14,14
12951,hosp_covid_dis_covid_hours_for,92434,2022-03-01,Вторник,07:00,25,24,1,11,0,14,14
12952,hosp_covid_dis_covid_hours_for,92436,2022-03-01,Вторник,08:00,24,23,1,28,1,-4,-5
12953,hosp_covid_dis_covid_hours_for,92438,2022-03-01,Вторник,09:00,26,25,1,55,1,-29,-30
12954,hosp_covid_dis_covid_hours_for,92440,2022-03-01,Вторник,10:00,29,28,1,78,1,-49,-50
12955,hosp_covid_dis_covid_hours_for,92442,2022-03-01,Вторник,11:00,32,31,1,135,1,-103,-104
12956,hosp_covid_dis_covid_hours_for,92444,2022-03-01,Вторник,12:00,40,39,1,202,3,-162,-165
12957,hosp_covid_dis_covid_hours_for,92446,2022-03-01,Вторник,13:00,61,60,1,241,3,-180,-183
12958,hosp_covid_dis_covid_hours_for,92448,2022-03-01,Вторник,14:04,86,80,6,300,3,-214,-217
12959,hosp_covid_dis_covid_hours_for,92450,2022-03-01,Вторник,15:00,109,100,9,367,3,-258,-261
12960,hosp_covid_dis_covid_hours_for,92452,2022-03-01,Вторник,16:00,126,117,9,385,5,-259,-264
12961,hosp_covid_dis_covid_hours_for,92454,2022-03-01,Вторник,17:00,141,131,10,356,5,-215,-220
12962,hosp_covid_dis_covid_hours_for,92456,2022-03-01,Вторник,18:55,186,172,14,376,6,-190,-196
12963,hosp_covid_dis_covid_hours_for,92458,2022-03-01,Вторник,19:00,187,173,14,377,6,-190,-196
12964,hosp_covid_dis_covid_hours_for,92460,2022-03-01,Вторник,20:00,208,191,17,384,6,-176,-182
12965,hosp_covid_dis_covid_hours_for,92462,2022-03-01,Вторник,21:00,218,200,18,388,6,-170,-176
12966,hosp_covid_dis_covid_hours_for,92464,2022-03-01,Вторник,22:00,230,212,18,390,6,-160,-166
12967,hosp_covid_dis_covid_hours_for,92468,2022-03-01,Вторник,23:00,239,221,18,393,6,-154,-160
12968,hosp_covid_dis_covid_hours_for,92470,2022-03-02,Среда,01:00,6,6,0,6,0,0,0
12969,hosp_covid_dis_covid_hours_for,92471,2022-03-01,Вторник,сутки,256,238,18,394,6,-138,-144
12970,hosp_covid_dis_covid_hours_for,92473,2022-03-02,Среда,02:00,11,11,0,8,0,3,3
12971,hosp_covid_dis_covid_hours_for,92475,2022-03-02,Среда,03:00,15,14,1,13,0,2,2
12972,hosp_covid_dis_covid_hours_for,92477,2022-03-02,Среда,04:00,20,19,1,13,0,7,7
12973,hosp_covid_dis_covid_hours_for,92479,2022-03-02,Среда,05:00,21,20,1,16,0,5,5
12974,hosp_covid_dis_covid_hours_for,92481,2022-03-02,Среда,06:00,21,20,1,18,0,3,3
12975,hosp_covid_dis_covid_hours_for,92483,2022-03-02,Среда,07:00,27,25,2,20,0,7,7
12976,hosp_covid_dis_covid_hours_for,92485,2022-03-02,Среда,08:00,29,27,2,38,0,-9,-9
12977,hosp_covid_dis_covid_hours_for,92487,2022-03-02,Среда,09:00,36,34,2,52,0,-16,-16
12978,hosp_covid_dis_covid_hours_for,92489,2022-03-02,Среда,10:00,36,34,2,85,1,-49,-50
12979,hosp_covid_dis_covid_hours_for,92491,2022-03-02,Среда,11:00,41,38,3,114,2,-73,-75
12980,hosp_covid_dis_covid_hours_for,92493,2022-03-02,Среда,12:00,51,48,3,159,2,-108,-110
12981,hosp_covid_dis_covid_hours_for,92495,2022-03-02,Среда,13:00,70,67,3,199,9,-129,-138
12982,hosp_covid_dis_covid_hours_for,92497,2022-03-02,Среда,14:00,89,86,3,229,10,-140,-150
12983,hosp_covid_dis_covid_hours_for,92499,2022-03-02,Среда,15:00,112,108,4,261,10,-149,-159
12984,hosp_covid_dis_covid_hours_for,92501,2022-03-02,Среда,16:00,125,121,4,291,13,-166,-179
12985,hosp_covid_dis_covid_hours_for,92503,2022-03-02,Среда,17:00,144,136,8,307,13,-163,-176
12986,hosp_covid_dis_covid_hours_for,92505,2022-03-02,Среда,18:00,158,150,8,320,13,-162,-175
12987,hosp_covid_dis_covid_hours_for,92507,2022-03-02,Среда,19:00,182,172,10,322,13,-140,-153
12988,hosp_covid_dis_covid_hours_for,92509,2022-03-02,Среда,20:00,194,182,12,324,13,-130,-143
12989,hosp_covid_dis_covid_hours_for,92511,2022-03-02,Среда,21:00,205,191,14,329,13,-124,-137
12990,hosp_covid_dis_covid_hours_for,92513,2022-03-02,Среда,22:00,213,199,14,331,13,-118,-131
12991,hosp_covid_dis_covid_hours_for,92515,2022-03-02,Среда,23:00,225,211,14,331,13,-106,-119
12992,hosp_covid_dis_covid_hours_for,92517,2022-03-03,Четверг,01:00,5,5,0,0,0,5,5
12993,hosp_covid_dis_covid_hours_for,92519,2022-03-03,Четверг,02:00,7,7,0,4,0,3,3
12994,hosp_covid_dis_covid_hours_for,92521,2022-03-03,Четверг,04:00,8,8,0,8,0,0,0
12995,hosp_covid_dis_covid_hours_for,92523,2022-03-03,Четверг,05:00,9,9,0,8,0,1,1
12996,hosp_covid_dis_covid_hours_for,92525,2022-03-03,Четверг,06:00,11,11,0,11,0,0,0
12997,hosp_covid_dis_covid_hours_for,92527,2022-03-03,Четверг,07:00,11,11,0,12,0,-1,-1
12998,hosp_covid_dis_covid_hours_for,92529,2022-03-03,Четверг,08:00,14,14,0,23,0,-9,-9
12999,hosp_covid_dis_covid_hours_for,92531,2022-03-03,Четверг,09:10,20,20,0,39,0,-19,-19
13000,hosp_covid_dis_covid_hours_for,92533,2022-03-03,Четверг,10:00,22,22,0,61,0,-39,-39
13001,hosp_covid_dis_covid_hours_for,92535,2022-03-03,Четверг,11:00,28,28,0,93,0,-65,-65
13002,hosp_covid_dis_covid_hours_for,92537,2022-03-03,Четверг,12:00,37,37,0,151,0,-114,-114
13003,hosp_covid_dis_covid_hours_for,92539,2022-03-03,Четверг,13:00,48,47,1,188,7,-140,-147
13004,hosp_covid_dis_covid_hours_for,92541,2022-03-03,Четверг,14:00,58,56,2,220,7,-162,-169
13005,hosp_covid_dis_covid_hours_for,92543,2022-03-03,Четверг,15:00,73,69,4,244,7,-171,-178
13006,hosp_covid_dis_covid_hours_for,92545,2022-03-03,Четверг,16:00,90,86,4,279,7,-189,-196
13007,hosp_covid_dis_covid_hours_for,92547,2022-03-03,Четверг,17:00,111,107,4,292,8,-181,-189
13008,hosp_covid_dis_covid_hours_for,92549,2022-03-03,Четверг,18:00,125,119,6,304,8,-179,-187
13009,hosp_covid_dis_covid_hours_for,92551,2022-03-03,Четверг,19:00,135,129,6,311,8,-176,-184
13010,hosp_covid_dis_covid_hours_for,92553,2022-03-03,Четверг,20:00,148,142,6,319,8,-171,-179
13011,hosp_covid_dis_covid_hours_for,92555,2022-03-03,Четверг,21:00,165,158,7,322,8,-157,-165
13012,hosp_covid_dis_covid_hours_for,92557,2022-03-03,Четверг,22:00,173,166,7,323,8,-150,-158
13013,hosp_covid_dis_covid_hours_for,92563,2022-03-03,Четверг,23:00,189,180,9,327,8,-138,-146
13014,hosp_covid_dis_covid_hours_for,92566,2022-03-04,Пятница,01:00,2,2,0,8,0,-6,-6
13015,hosp_covid_dis_covid_hours_for,92567,2022-03-03,Четверг,сутки,196,187,9,332,8,-136,-144
13016,hosp_covid_dis_covid_hours_for,92569,2022-03-04,Пятница,02:00,10,10,0,9,0,1,1
13017,hosp_covid_dis_covid_hours_for,92571,2022-03-04,Пятница,03:00,14,14,0,10,0,4,4
13018,hosp_covid_dis_covid_hours_for,92573,2022-03-04,Пятница,04:00,18,18,0,10,0,8,8
13019,hosp_covid_dis_covid_hours_for,92575,2022-03-04,Пятница,05:00,20,20,0,13,0,7,7
13020,hosp_covid_dis_covid_hours_for,92577,2022-03-04,Пятница,06:00,21,21,0,14,0,7,7
13021,hosp_covid_dis_covid_hours_for,92579,2022-03-04,Пятница,07:00,21,21,0,20,0,1,1
13022,hosp_covid_dis_covid_hours_for,92581,2022-03-04,Пятница,08:00,23,23,0,25,0,-2,-2
13023,hosp_covid_dis_covid_hours_for,92583,2022-03-04,Пятница,09:00,22,22,0,40,0,-18,-18
13024,hosp_covid_dis_covid_hours_for,92585,2022-03-04,Пятница,10:00,28,27,1,68,0,-40,-40
13025,hosp_covid_dis_covid_hours_for,92587,2022-03-04,Пятница,11:00,34,32,2,99,0,-65,-65
13026,hosp_covid_dis_covid_hours_for,92589,2022-03-04,Пятница,12:00,45,42,3,152,0,-107,-107
13027,hosp_covid_dis_covid_hours_for,92591,2022-03-04,Пятница,13:00,59,53,6,206,0,-147,-147
13028,hosp_covid_dis_covid_hours_for,92593,2022-03-04,Пятница,14:00,84,77,7,251,0,-167,-167
13029,hosp_covid_dis_covid_hours_for,92595,2022-03-04,Пятница,16:01,118,110,8,325,0,-207,-207
13030,hosp_covid_dis_covid_hours_for,92597,2022-03-04,Пятница,17:00,133,125,8,347,0,-214,-214
13031,hosp_covid_dis_covid_hours_for,92599,2022-03-04,Пятница,18:00,153,144,9,357,0,-204,-204
13032,hosp_covid_dis_covid_hours_for,92601,2022-03-04,Пятница,19:00,169,160,9,364,0,-195,-195
13033,hosp_covid_dis_covid_hours_for,92603,2022-03-04,Пятница,20:00,185,175,10,368,0,-183,-183
13034,hosp_covid_dis_covid_hours_for,92605,2022-03-04,Пятница,21:00,194,183,11,372,0,-178,-178
13035,hosp_covid_dis_covid_hours_for,92607,2022-03-04,Пятница,22:00,201,190,11,375,0,-174,-174
13036,hosp_covid_dis_covid_hours_for,92611,2022-03-04,Пятница,23:00,217,206,11,381,0,-164,-164
13037,hosp_covid_dis_covid_hours_for,92614,2022-03-05,Суббота,00:05,0,0,0,0,0,0,0
13038,hosp_covid_dis_covid_hours_for,92616,2022-03-05,Суббота,01:00,5,5,0,1,0,4,4
13039,hosp_covid_dis_covid_hours_for,92617,2022-03-04,Пятница,сутки,227,216,11,382,0,-155,-155
13040,hosp_covid_dis_covid_hours_for,92619,2022-03-05,Суббота,02:00,9,9,0,4,0,5,5
13041,hosp_covid_dis_covid_hours_for,92621,2022-03-05,Суббота,03:00,14,13,1,4,0,10,10
13042,hosp_covid_dis_covid_hours_for,92623,2022-03-05,Суббота,04:00,17,16,1,4,0,13,13
13043,hosp_covid_dis_covid_hours_for,92625,2022-03-05,Суббота,05:00,19,18,1,4,0,15,15
13044,hosp_covid_dis_covid_hours_for,92627,2022-03-05,Суббота,06:00,20,19,1,10,0,10,10
13045,hosp_covid_dis_covid_hours_for,92629,2022-03-05,Суббота,07:00,23,22,1,17,0,6,6
13046,hosp_covid_dis_covid_hours_for,92631,2022-03-05,Суббота,08:00,25,24,1,30,0,-5,-5
13047,hosp_covid_dis_covid_hours_for,92633,2022-03-05,Суббота,09:00,28,27,1,44,0,-16,-16
13048,hosp_covid_dis_covid_hours_for,92635,2022-03-05,Суббота,10:00,29,28,1,72,0,-43,-43
13049,hosp_covid_dis_covid_hours_for,92637,2022-03-05,Суббота,11:00,34,33,1,103,0,-69,-69
13050,hosp_covid_dis_covid_hours_for,92639,2022-03-05,Суббота,12:00,40,39,1,157,0,-117,-117
13051,hosp_covid_dis_covid_hours_for,92641,2022-03-05,Суббота,13:00,53,50,3,200,0,-147,-147
13052,hosp_covid_dis_covid_hours_for,92643,2022-03-05,Суббота,14:00,76,72,4,234,0,-158,-158
13053,hosp_covid_dis_covid_hours_for,92645,2022-03-05,Суббота,15:00,92,88,4,270,0,-178,-178
13054,hosp_covid_dis_covid_hours_for,92647,2022-03-05,Суббота,16:00,105,98,7,297,0,-192,-192
13055,hosp_covid_dis_covid_hours_for,92649,2022-03-05,Суббота,17:00,125,117,8,308,0,-183,-183
13056,hosp_covid_dis_covid_hours_for,92651,2022-03-05,Суббота,18:00,130,123,7,319,0,-189,-189
13057,hosp_covid_dis_covid_hours_for,92653,2022-03-05,Суббота,19:00,147,138,9,336,0,-189,-189
13058,hosp_covid_dis_covid_hours_for,92655,2022-03-05,Суббота,20:00,171,160,11,342,0,-171,-171
13059,hosp_covid_dis_covid_hours_for,92657,2022-03-05,Суббота,21:00,182,171,11,342,0,-160,-160
13060,hosp_covid_dis_covid_hours_for,92659,2022-03-05,Суббота,22:00,194,181,13,344,0,-150,-150
13061,hosp_covid_dis_covid_hours_for,92665,2022-03-05,Суббота,23:00,200,186,14,346,0,-146,-146
13062,hosp_covid_dis_covid_hours_for,92668,2022-03-06,Воскресенье,01:00,3,3,0,0,0,3,3
13063,hosp_covid_dis_covid_hours_for,92669,2022-03-05,Суббота,сутки,202,188,14,347,0,-145,-145
13064,hosp_covid_dis_covid_hours_for,92671,2022-03-06,Воскресенье,02:00,7,7,0,0,0,7,7
13065,hosp_covid_dis_covid_hours_for,92673,2022-03-06,Воскресенье,03:00,11,11,0,0,0,11,11
13066,hosp_covid_dis_covid_hours_for,92675,2022-03-06,Воскресенье,04:00,13,13,0,0,0,13,13
13067,hosp_covid_dis_covid_hours_for,92677,2022-03-06,Воскресенье,05:00,14,14,0,0,0,14,14
13068,hosp_covid_dis_covid_hours_for,92679,2022-03-06,Воскресенье,06:00,15,15,0,0,0,15,15
13069,hosp_covid_dis_covid_hours_for,92681,2022-03-06,Воскресенье,07:00,15,15,0,0,0,15,15
13070,hosp_covid_dis_covid_hours_for,92683,2022-03-06,Воскресенье,08:00,16,16,0,12,0,4,4
13071,hosp_covid_dis_covid_hours_for,92685,2022-03-06,Воскресенье,09:05,16,16,0,23,0,-7,-7
13072,hosp_covid_dis_covid_hours_for,92687,2022-03-06,Воскресенье,10:00,17,17,0,37,0,-20,-20
13073,hosp_covid_dis_covid_hours_for,92689,2022-03-06,Воскресенье,11:00,21,20,1,60,0,-39,-39
13074,hosp_covid_dis_covid_hours_for,92691,2022-03-06,Воскресенье,12:00,27,26,1,77,0,-50,-50
13075,hosp_covid_dis_covid_hours_for,92693,2022-03-06,Воскресенье,13:00,32,31,1,90,0,-58,-58
13076,hosp_covid_dis_covid_hours_for,92695,2022-03-06,Воскресенье,14:00,38,37,1,104,0,-66,-66
13077,hosp_covid_dis_covid_hours_for,92697,2022-03-06,Воскресенье,15:00,46,45,1,115,0,-69,-69
13078,hosp_covid_dis_covid_hours_for,92699,2022-03-06,Воскресенье,16:00,49,47,2,121,0,-72,-72
13079,hosp_covid_dis_covid_hours_for,92701,2022-03-06,Воскресенье,17:00,59,57,2,126,0,-67,-67
13080,hosp_covid_dis_covid_hours_for,92703,2022-03-06,Воскресенье,18:00,66,64,2,130,0,-64,-64
13081,hosp_covid_dis_covid_hours_for,92705,2022-03-06,Воскресенье,19:00,76,73,3,136,0,-60,-60
13082,hosp_covid_dis_covid_hours_for,92707,2022-03-06,Воскресенье,20:00,87,83,4,140,0,-53,-53
13083,hosp_covid_dis_covid_hours_for,92709,2022-03-06,Воскресенье,21:00,91,86,5,144,0,-53,-53
13084,hosp_covid_dis_covid_hours_for,92711,2022-03-06,Воскресенье,22:00,98,93,5,149,0,-51,-51
13085,hosp_covid_dis_covid_hours_for,92717,2022-03-06,Воскресенье,23:00,100,95,5,155,0,-55,-55
13086,hosp_covid_dis_covid_hours_for,92720,2022-03-07,Понедельник,01:00,2,2,0,2,0,0,0
13087,hosp_covid_dis_covid_hours_for,92721,2022-03-06,Воскресенье,сутки,105,100,5,157,0,-52,-52
13088,hosp_covid_dis_covid_hours_for,92723,2022-03-07,Понедельник,02:00,5,5,0,2,0,3,3
13089,hosp_covid_dis_covid_hours_for,92725,2022-03-07,Понедельник,03:00,8,8,0,3,0,5,5
13090,hosp_covid_dis_covid_hours_for,92727,2022-03-07,Понедельник,04:00,11,11,0,3,0,8,8
13091,hosp_covid_dis_covid_hours_for,92729,2022-03-07,Понедельник,05:00,14,13,1,3,0,11,11
13092,hosp_covid_dis_covid_hours_for,92731,2022-03-07,Понедельник,06:00,16,15,1,4,0,12,12
13093,hosp_covid_dis_covid_hours_for,92733,2022-03-07,Понедельник,07:00,17,16,1,8,0,9,9
13094,hosp_covid_dis_covid_hours_for,92735,2022-03-07,Понедельник,08:00,19,18,1,13,0,6,6
13095,hosp_covid_dis_covid_hours_for,92737,2022-03-07,Понедельник,09:00,20,19,1,31,0,-11,-11
13096,hosp_covid_dis_covid_hours_for,92739,2022-03-07,Понедельник,10:00,21,19,2,42,0,-21,-21
13097,hosp_covid_dis_covid_hours_for,92741,2022-03-07,Понедельник,11:00,25,23,2,68,0,-43,-43
13098,hosp_covid_dis_covid_hours_for,92743,2022-03-07,Понедельник,12:00,32,29,3,86,5,-54,-59
13099,hosp_covid_dis_covid_hours_for,92745,2022-03-07,Понедельник,13:00,36,32,4,100,4,-64,-68
13100,hosp_covid_dis_covid_hours_for,92747,2022-03-07,Понедельник,14:00,46,41,5,109,4,-63,-67
13101,hosp_covid_dis_covid_hours_for,92749,2022-03-07,Понедельник,15:00,58,52,6,115,4,-57,-61
13102,hosp_covid_dis_covid_hours_for,92751,2022-03-07,Понедельник,16:00,69,63,6,124,4,-55,-59
13103,hosp_covid_dis_covid_hours_for,92753,2022-03-07,Понедельник,17:00,80,72,8,132,4,-52,-56
13104,hosp_covid_dis_covid_hours_for,92755,2022-03-07,Понедельник,18:00,94,85,9,140,4,-46,-50
13105,hosp_covid_dis_covid_hours_for,92757,2022-03-07,Понедельник,19:00,101,92,9,145,4,-44,-48
13106,hosp_covid_dis_covid_hours_for,92759,2022-03-07,Понедельник,20:00,112,103,9,148,4,-36,-40
13107,hosp_covid_dis_covid_hours_for,92761,2022-03-07,Понедельник,21:00,115,106,9,151,4,-36,-40
13108,hosp_covid_dis_covid_hours_for,92763,2022-03-07,Понедельник,22:00,124,115,9,153,4,-29,-33
13109,hosp_covid_dis_covid_hours_for,92769,2022-03-07,Понедельник,23:00,132,123,9,154,4,-22,-26
13110,hosp_covid_dis_covid_hours_for,92772,2022-03-08,Вторник,01:00,2,2,0,0,0,2,2
13111,hosp_covid_dis_covid_hours_for,92773,2022-03-07,Понедельник,сутки,134,125,9,160,4,-26,-30
13112,hosp_covid_dis_covid_hours_for,92775,2022-03-08,Вторник,02:00,6,6,0,0,0,6,6
13113,hosp_covid_dis_covid_hours_for,92777,2022-03-08,Вторник,03:00,13,13,0,0,0,13,13
13114,hosp_covid_dis_covid_hours_for,92779,2022-03-08,Вторник,04:00,14,14,0,0,0,14,14
13115,hosp_covid_dis_covid_hours_for,92781,2022-03-08,Вторник,05:00,16,16,0,0,0,16,16
13116,hosp_covid_dis_covid_hours_for,92783,2022-03-08,Вторник,06:00,18,18,0,0,0,18,18
13117,hosp_covid_dis_covid_hours_for,92785,2022-03-08,Вторник,07:00,19,19,0,1,0,18,18
13118,hosp_covid_dis_covid_hours_for,92787,2022-03-08,Вторник,08:00,20,20,0,8,0,12,12
13119,hosp_covid_dis_covid_hours_for,92789,2022-03-08,Вторник,09:00,20,20,0,23,0,-3,-3
13120,hosp_covid_dis_covid_hours_for,92791,2022-03-08,Вторник,10:00,20,20,0,34,0,-14,-14
13121,hosp_covid_dis_covid_hours_for,92793,2022-03-08,Вторник,11:00,22,22,0,50,2,-28,-30
13122,hosp_covid_dis_covid_hours_for,92795,2022-03-08,Вторник,12:00,25,25,0,62,2,-37,-39
13123,hosp_covid_dis_covid_hours_for,92797,2022-03-08,Вторник,13:00,28,28,0,71,2,-43,-45
13124,hosp_covid_dis_covid_hours_for,92799,2022-03-08,Вторник,14:00,37,37,0,86,2,-49,-51
13125,hosp_covid_dis_covid_hours_for,92801,2022-03-08,Вторник,15:00,45,45,0,91,2,-46,-48
13126,hosp_covid_dis_covid_hours_for,92803,2022-03-08,Вторник,16:00,57,55,2,96,2,-39,-41
13127,hosp_covid_dis_covid_hours_for,92805,2022-03-08,Вторник,17:00,65,63,2,101,2,-36,-38
13128,hosp_covid_dis_covid_hours_for,92807,2022-03-08,Вторник,18:00,70,67,3,101,2,-31,-33
13129,hosp_covid_dis_covid_hours_for,92809,2022-03-08,Вторник,19:00,76,73,3,114,2,-38,-40
13130,hosp_covid_dis_covid_hours_for,92811,2022-03-08,Вторник,20:00,87,83,4,121,2,-34,-36
13131,hosp_covid_dis_covid_hours_for,92813,2022-03-08,Вторник,21:00,93,89,4,123,2,-30,-32
13132,hosp_covid_dis_covid_hours_for,92815,2022-03-08,Вторник,22:00,99,95,4,124,2,-25,-27
13133,hosp_covid_dis_covid_hours_for,92821,2022-03-08,Вторник,23:00,102,98,4,127,2,-25,-27
13134,hosp_covid_dis_covid_hours_for,92824,2022-03-09,Среда,01:00,3,3,0,1,0,2,2
13135,hosp_covid_dis_covid_hours_for,92825,2022-03-08,Вторник,сутки,106,102,4,128,2,-22,-24
13136,hosp_covid_dis_covid_hours_for,92827,2022-03-09,Среда,02:00,5,5,0,1,0,4,4
13137,hosp_covid_dis_covid_hours_for,92829,2022-03-09,Среда,03:00,9,9,0,1,0,8,8
13138,hosp_covid_dis_covid_hours_for,92831,2022-03-09,Среда,04:00,11,10,1,1,0,10,10
13139,hosp_covid_dis_covid_hours_for,92833,2022-03-09,Среда,05:00,12,10,2,2,0,10,10
13140,hosp_covid_dis_covid_hours_for,92835,2022-03-09,Среда,06:00,13,11,2,2,0,11,11
13141,hosp_covid_dis_covid_hours_for,92837,2022-03-09,Среда,07:00,13,11,2,7,0,6,6
13142,hosp_covid_dis_covid_hours_for,92839,2022-03-09,Среда,08:00,14,12,2,10,0,4,4
13143,hosp_covid_dis_covid_hours_for,92841,2022-03-09,Среда,09:00,14,12,2,12,0,2,2
13144,hosp_covid_dis_covid_hours_for,92843,2022-03-09,Среда,10:00,13,11,2,30,0,-17,-17
13145,hosp_covid_dis_covid_hours_for,92845,2022-03-09,Среда,11:00,15,13,2,60,0,-45,-45
13146,hosp_covid_dis_covid_hours_for,92847,2022-03-09,Среда,12:00,26,23,3,88,0,-62,-62
13147,hosp_covid_dis_covid_hours_for,92849,2022-03-09,Среда,13:00,33,28,5,107,0,-74,-74
13148,hosp_covid_dis_covid_hours_for,92851,2022-03-09,Среда,14:00,49,42,7,127,0,-78,-78
13149,hosp_covid_dis_covid_hours_for,92853,2022-03-09,Среда,15:00,60,52,8,142,0,-82,-82
13150,hosp_covid_dis_covid_hours_for,92855,2022-03-09,Среда,16:06,66,58,8,152,0,-86,-86
13151,hosp_covid_dis_covid_hours_for,92857,2022-03-09,Среда,17:00,80,69,11,158,0,-78,-78
13152,hosp_covid_dis_covid_hours_for,92859,2022-03-09,Среда,18:00,87,76,11,167,0,-80,-80
13153,hosp_covid_dis_covid_hours_for,92861,2022-03-09,Среда,19:00,96,84,12,174,0,-78,-78
13154,hosp_covid_dis_covid_hours_for,92863,2022-03-09,Среда,20:00,110,97,13,181,0,-71,-71
13155,hosp_covid_dis_covid_hours_for,92865,2022-03-09,Среда,21:00,117,104,13,184,0,-67,-67
13156,hosp_covid_dis_covid_hours_for,92867,2022-03-09,Среда,22:00,124,110,14,188,1,-64,-65
13157,hosp_covid_dis_covid_hours_for,92873,2022-03-09,Среда,23:00,131,117,14,189,1,-58,-59
13158,hosp_covid_dis_covid_hours_for,92876,2022-03-10,Четверг,01:00,1,1,0,4,0,-3,-3
13159,hosp_covid_dis_covid_hours_for,92877,2022-03-09,Среда,сутки,136,122,14,191,1,-55,-56
13160,hosp_covid_dis_covid_hours_for,92879,2022-03-10,Четверг,02:00,3,3,0,5,0,-2,-2
13161,hosp_covid_dis_covid_hours_for,92881,2022-03-10,Четверг,03:00,5,5,0,5,0,0,0
13162,hosp_covid_dis_covid_hours_for,92883,2022-03-10,Четверг,04:00,7,7,0,6,0,1,1
13163,hosp_covid_dis_covid_hours_for,92885,2022-03-10,Четверг,05:00,8,8,0,8,0,0,0
13164,hosp_covid_dis_covid_hours_for,92887,2022-03-10,Четверг,06:00,9,9,0,8,0,1,1
13165,hosp_covid_dis_covid_hours_for,92889,2022-03-10,Четверг,07:00,10,10,0,10,0,0,0
13166,hosp_covid_dis_covid_hours_for,92891,2022-03-10,Четверг,08:00,12,12,0,14,0,-2,-2
13167,hosp_covid_dis_covid_hours_for,92893,2022-03-10,Четверг,09:00,12,12,0,33,0,-21,-21
13168,hosp_covid_dis_covid_hours_for,92895,2022-03-10,Четверг,10:00,13,12,1,45,0,-32,-32
13169,hosp_covid_dis_covid_hours_for,92897,2022-03-10,Четверг,11:00,15,13,2,62,0,-47,-47
13170,hosp_covid_dis_covid_hours_for,92899,2022-03-10,Четверг,12:00,22,20,2,90,0,-68,-68
13171,hosp_covid_dis_covid_hours_for,92901,2022-03-10,Четверг,13:00,28,26,2,119,0,-91,-91
13172,hosp_covid_dis_covid_hours_for,92903,2022-03-10,Четверг,14:00,35,31,4,142,0,-107,-107
13173,hosp_covid_dis_covid_hours_for,92905,2022-03-10,Четверг,15:00,42,36,6,175,0,-133,-133
13174,hosp_covid_dis_covid_hours_for,92907,2022-03-10,Четверг,16:00,54,46,8,194,0,-140,-140
13175,hosp_covid_dis_covid_hours_for,92909,2022-03-10,Четверг,17:00,66,57,9,203,0,-137,-137
13176,hosp_covid_dis_covid_hours_for,92911,2022-03-10,Четверг,18:00,76,66,10,213,0,-137,-137
13177,hosp_covid_dis_covid_hours_for,92913,2022-03-10,Четверг,19:00,91,80,11,217,0,-126,-126
13178,hosp_covid_dis_covid_hours_for,92915,2022-03-10,Четверг,20:00,103,91,12,226,0,-123,-123
13179,hosp_covid_dis_covid_hours_for,92917,2022-03-10,Четверг,21:00,112,100,12,226,0,-114,-114
13180,hosp_covid_dis_covid_hours_for,92919,2022-03-10,Четверг,22:00,122,110,12,227,0,-105,-105
13181,hosp_covid_dis_covid_hours_for,92925,2022-03-10,Четверг,23:00,131,119,12,230,0,-99,-99
13182,hosp_covid_dis_covid_hours_for,92928,2022-03-11,Пятница,01:00,0,0,0,0,0,0,0
13183,hosp_covid_dis_covid_hours_for,92929,2022-03-10,Четверг,сутки,134,122,12,233,0,-99,-99
13184,hosp_covid_dis_covid_hours_for,92931,2022-03-11,Пятница,02:00,5,5,0,0,0,5,5
13185,hosp_covid_dis_covid_hours_for,92933,2022-03-11,Пятница,03:00,7,7,0,0,0,7,7
13186,hosp_covid_dis_covid_hours_for,92935,2022-03-11,Пятница,04:00,7,7,0,0,0,7,7
13187,hosp_covid_dis_covid_hours_for,92937,2022-03-11,Пятница,05:00,9,9,0,0,0,9,9
13188,hosp_covid_dis_covid_hours_for,92939,2022-03-11,Пятница,06:00,10,10,0,0,0,10,10
13189,hosp_covid_dis_covid_hours_for,92941,2022-03-11,Пятница,07:00,10,10,0,8,0,2,2
13190,hosp_covid_dis_covid_hours_for,92943,2022-03-11,Пятница,08:00,11,11,0,12,0,-1,-1
13191,hosp_covid_dis_covid_hours_for,92945,2022-03-11,Пятница,09:00,11,11,0,21,0,-10,-10
13192,hosp_covid_dis_covid_hours_for,92947,2022-03-11,Пятница,10:00,11,11,0,45,0,-34,-34
13193,hosp_covid_dis_covid_hours_for,92949,2022-03-11,Пятница,11:00,12,11,1,75,0,-63,-63
13194,hosp_covid_dis_covid_hours_for,92951,2022-03-11,Пятница,12:00,18,17,1,104,0,-86,-86
13195,hosp_covid_dis_covid_hours_for,92953,2022-03-11,Пятница,13:00,31,28,3,131,0,-100,-100
13196,hosp_covid_dis_covid_hours_for,92955,2022-03-11,Пятница,14:00,41,36,5,137,0,-96,-96
13197,hosp_covid_dis_covid_hours_for,92957,2022-03-11,Пятница,15:00,51,45,6,157,0,-106,-106
13198,hosp_covid_dis_covid_hours_for,92959,2022-03-11,Пятница,16:00,63,54,9,174,0,-111,-111
13199,hosp_covid_dis_covid_hours_for,92961,2022-03-11,Пятница,17:00,71,59,12,168,0,-97,-97
13200,hosp_covid_dis_covid_hours_for,92963,2022-03-11,Пятница,18:00,87,77,10,165,0,-78,-78
13201,hosp_covid_dis_covid_hours_for,92965,2022-03-11,Пятница,19:00,96,85,11,177,0,-81,-81
13202,hosp_covid_dis_covid_hours_for,92967,2022-03-11,Пятница,20:00,102,91,11,180,0,-78,-78
13203,hosp_covid_dis_covid_hours_for,92969,2022-03-11,Пятница,21:00,105,94,11,180,0,-75,-75
13204,hosp_covid_dis_covid_hours_for,92971,2022-03-11,Пятница,22:00,114,103,11,182,0,-68,-68
13205,hosp_covid_dis_covid_hours_for,92977,2022-03-11,Пятница,23:00,122,111,11,183,0,-61,-61
13206,hosp_covid_dis_covid_hours_for,92980,2022-03-12,Суббота,01:00,2,2,0,1,0,1,1
13207,hosp_covid_dis_covid_hours_for,92981,2022-03-11,Пятница,сутки,130,119,11,186,0,-56,-56
13208,hosp_covid_dis_covid_hours_for,92983,2022-03-12,Суббота,02:00,4,4,0,1,0,3,3
13209,hosp_covid_dis_covid_hours_for,92985,2022-03-12,Суббота,03:00,5,5,0,1,0,4,4
13210,hosp_covid_dis_covid_hours_for,92987,2022-03-12,Суббота,04:00,7,7,0,3,0,4,4
13211,hosp_covid_dis_covid_hours_for,92989,2022-03-12,Суббота,05:00,7,7,0,4,0,3,3
13212,hosp_covid_dis_covid_hours_for,92991,2022-03-12,Суббота,06:00,7,7,0,4,0,3,3
13213,hosp_covid_dis_covid_hours_for,92993,2022-03-12,Суббота,07:00,7,7,0,5,0,2,2
13214,hosp_covid_dis_covid_hours_for,92995,2022-03-12,Суббота,08:00,8,8,0,15,0,-7,-7
13215,hosp_covid_dis_covid_hours_for,92997,2022-03-12,Суббота,09:00,9,9,0,24,0,-15,-15
13216,hosp_covid_dis_covid_hours_for,92999,2022-03-12,Суббота,10:00,10,10,0,38,0,-28,-28
13217,hosp_covid_dis_covid_hours_for,93001,2022-03-12,Суббота,11:00,13,13,0,45,0,-32,-32
13218,hosp_covid_dis_covid_hours_for,93003,2022-03-12,Суббота,12:00,17,17,0,52,0,-35,-35
13219,hosp_covid_dis_covid_hours_for,93005,2022-03-12,Суббота,13:00,24,24,0,62,0,-38,-38
13220,hosp_covid_dis_covid_hours_for,93007,2022-03-12,Суббота,14:00,31,31,0,65,0,-34,-34
13221,hosp_covid_dis_covid_hours_for,93009,2022-03-12,Суббота,15:00,42,42,0,74,0,-32,-32
13222,hosp_covid_dis_covid_hours_for,93011,2022-03-12,Суббота,16:00,53,52,1,75,0,-22,-22
13223,hosp_covid_dis_covid_hours_for,93013,2022-03-12,Суббота,17:00,57,56,1,81,0,-24,-24
13224,hosp_covid_dis_covid_hours_for,93015,2022-03-12,Суббота,18:00,66,64,2,87,0,-21,-21
13225,hosp_covid_dis_covid_hours_for,93017,2022-03-12,Суббота,19:00,69,67,2,90,0,-21,-21
13226,hosp_covid_dis_covid_hours_for,93019,2022-03-12,Суббота,20:00,76,74,2,91,0,-15,-15
13227,hosp_covid_dis_covid_hours_for,93021,2022-03-12,Суббота,21:00,80,78,2,93,0,-13,-13
13228,hosp_covid_dis_covid_hours_for,93023,2022-03-12,Суббота,22:00,86,83,3,93,0,-7,-7
13229,hosp_covid_dis_covid_hours_for,93029,2022-03-12,Суббота,23:00,91,87,4,97,0,-6,-6
13230,hosp_covid_dis_covid_hours_for,93032,2022-03-13,Воскресенье,01:00,4,4,0,1,0,3,3
13231,hosp_covid_dis_covid_hours_for,93033,2022-03-12,Суббота,сутки,96,92,4,97,0,-1,-1
13232,hosp_covid_dis_covid_hours_for,93035,2022-03-13,Воскресенье,02:00,7,7,0,1,0,6,6
13233,hosp_covid_dis_covid_hours_for,93037,2022-03-13,Воскресенье,03:00,10,10,0,1,0,9,9
13234,hosp_covid_dis_covid_hours_for,93039,2022-03-13,Воскресенье,04:00,12,12,0,1,0,11,11
13235,hosp_covid_dis_covid_hours_for,93041,2022-03-13,Воскресенье,05:00,14,14,0,1,0,13,13
13236,hosp_covid_dis_covid_hours_for,93043,2022-03-13,Воскресенье,06:00,19,18,1,1,0,18,18
13237,hosp_covid_dis_covid_hours_for,93045,2022-03-13,Воскресенье,07:00,20,19,1,4,0,16,16
13238,hosp_covid_dis_covid_hours_for,93047,2022-03-13,Воскресенье,08:00,20,19,1,6,0,14,14
13239,hosp_covid_dis_covid_hours_for,93049,2022-03-13,Воскресенье,09:00,21,20,1,8,0,13,13
13240,hosp_covid_dis_covid_hours_for,93051,2022-03-13,Воскресенье,10:00,22,21,1,16,0,6,6
13241,hosp_covid_dis_covid_hours_for,93053,2022-03-13,Воскресенье,11:00,27,26,1,21,0,6,6
13242,hosp_covid_dis_covid_hours_for,93055,2022-03-13,Воскресенье,12:00,35,34,1,27,0,8,8
13243,hosp_covid_dis_covid_hours_for,93057,2022-03-13,Воскресенье,13:00,46,44,2,30,0,16,16
13244,hosp_covid_dis_covid_hours_for,93059,2022-03-13,Воскресенье,14:00,50,48,2,36,0,14,14
13245,hosp_covid_dis_covid_hours_for,93061,2022-03-13,Воскресенье,15:00,54,52,2,44,0,10,10
13246,hosp_covid_dis_covid_hours_for,93063,2022-03-13,Воскресенье,16:00,59,57,2,47,0,12,12
13247,hosp_covid_dis_covid_hours_for,93065,2022-03-13,Воскресенье,17:00,65,63,2,47,0,18,18
13248,hosp_covid_dis_covid_hours_for,93067,2022-03-13,Воскресенье,18:00,73,71,2,50,0,23,23
13249,hosp_covid_dis_covid_hours_for,93069,2022-03-13,Воскресенье,19:00,77,75,2,53,0,24,24
13250,hosp_covid_dis_covid_hours_for,93071,2022-03-13,Воскресенье,20:00,83,81,2,55,0,28,28
13251,hosp_covid_dis_covid_hours_for,93073,2022-03-13,Воскресенье,21:00,88,86,2,59,0,29,29
13252,hosp_covid_dis_covid_hours_for,93075,2022-03-13,Воскресенье,22:00,92,90,2,59,0,33,33
13253,hosp_covid_dis_covid_hours_for,93081,2022-03-13,Воскресенье,23:00,95,93,2,60,0,35,35
13254,hosp_covid_dis_covid_hours_for,93084,2022-03-14,Понедельник,01:00,1,1,0,1,0,0,0
13255,hosp_covid_dis_covid_hours_for,93085,2022-03-13,Воскресенье,сутки,101,98,3,62,0,39,39
13256,hosp_covid_dis_covid_hours_for,93087,2022-03-14,Понедельник,02:00,8,8,0,1,0,7,7
13257,hosp_covid_dis_covid_hours_for,93089,2022-03-14,Понедельник,03:00,14,14,0,1,0,13,13
13258,hosp_covid_dis_covid_hours_for,93091,2022-03-14,Понедельник,04:00,15,15,0,2,0,13,13
13259,hosp_covid_dis_covid_hours_for,93093,2022-03-14,Понедельник,05:00,17,16,1,2,0,15,15
13260,hosp_covid_dis_covid_hours_for,93095,2022-03-14,Понедельник,06:00,18,17,1,2,0,16,16
13261,hosp_covid_dis_covid_hours_for,93097,2022-03-14,Понедельник,07:00,19,18,1,8,0,11,11
13262,hosp_covid_dis_covid_hours_for,93099,2022-03-14,Понедельник,08:00,20,19,1,13,0,7,7
13263,hosp_covid_dis_covid_hours_for,93101,2022-03-14,Понедельник,09:00,21,20,1,19,0,2,2
13264,hosp_covid_dis_covid_hours_for,93103,2022-03-14,Понедельник,10:00,23,22,1,25,0,-2,-2
13265,hosp_covid_dis_covid_hours_for,93105,2022-03-14,Понедельник,11:00,26,25,1,37,0,-11,-11
13266,hosp_covid_dis_covid_hours_for,93107,2022-03-14,Понедельник,12:00,32,30,2,60,0,-28,-28
13267,hosp_covid_dis_covid_hours_for,93109,2022-03-14,Понедельник,13:00,40,38,2,78,0,-38,-38
13268,hosp_covid_dis_covid_hours_for,93111,2022-03-14,Понедельник,14:00,46,43,3,94,0,-48,-48
13269,hosp_covid_dis_covid_hours_for,93113,2022-03-14,Понедельник,15:00,52,47,5,102,0,-50,-50
13270,hosp_covid_dis_covid_hours_for,93115,2022-03-14,Понедельник,16:00,60,55,5,118,0,-58,-58
13271,hosp_covid_dis_covid_hours_for,93117,2022-03-14,Понедельник,17:00,69,63,6,123,0,-54,-54
13272,hosp_covid_dis_covid_hours_for,93119,2022-03-14,Понедельник,18:00,82,76,6,128,0,-46,-46
13273,hosp_covid_dis_covid_hours_for,93121,2022-03-14,Понедельник,19:00,93,87,6,144,0,-51,-51
13274,hosp_covid_dis_covid_hours_for,93123,2022-03-14,Понедельник,20:00,102,95,7,149,0,-47,-47
13275,hosp_covid_dis_covid_hours_for,93125,2022-03-14,Понедельник,21:00,111,104,7,152,0,-41,-41
13276,hosp_covid_dis_covid_hours_for,93127,2022-03-14,Понедельник,22:00,113,106,7,154,0,-41,-41
13277,hosp_covid_dis_covid_hours_for,93133,2022-03-14,Понедельник,23:00,121,114,7,157,0,-36,-36
13278,hosp_covid_dis_covid_hours_for,93136,2022-03-15,Вторник,01:00,1,1,0,2,0,-1,-1
13279,hosp_covid_dis_covid_hours_for,93137,2022-03-14,Понедельник,сутки,128,120,8,157,0,-29,-29
13280,hosp_covid_dis_covid_hours_for,93139,2022-03-15,Вторник,02:00,2,2,0,2,0,0,0
13281,hosp_covid_dis_covid_hours_for,93141,2022-03-15,Вторник,03:00,4,4,0,2,0,2,2
13282,hosp_covid_dis_covid_hours_for,93143,2022-03-15,Вторник,04:00,6,6,0,2,0,4,4
13283,hosp_covid_dis_covid_hours_for,93145,2022-03-15,Вторник,05:00,6,6,0,2,0,4,4
13284,hosp_covid_dis_covid_hours_for,93147,2022-03-15,Вторник,06:00,7,7,0,2,0,5,5
13285,hosp_covid_dis_covid_hours_for,93149,2022-03-15,Вторник,07:00,8,8,0,3,0,5,5
13286,hosp_covid_dis_covid_hours_for,93151,2022-03-15,Вторник,08:00,10,10,0,4,0,6,6
13287,hosp_covid_dis_covid_hours_for,93153,2022-03-15,Вторник,09:00,12,12,0,13,0,-1,-1
13288,hosp_covid_dis_covid_hours_for,93155,2022-03-15,Вторник,10:00,13,13,0,25,0,-12,-12
13289,hosp_covid_dis_covid_hours_for,93157,2022-03-15,Вторник,11:00,15,15,0,32,0,-17,-17
13290,hosp_covid_dis_covid_hours_for,93159,2022-03-15,Вторник,12:00,22,22,0,41,0,-19,-19
13291,hosp_covid_dis_covid_hours_for,93161,2022-03-15,Вторник,13:00,30,29,1,77,0,-47,-47
13292,hosp_covid_dis_covid_hours_for,93163,2022-03-15,Вторник,14:00,39,38,1,84,0,-45,-45
13293,hosp_covid_dis_covid_hours_for,93165,2022-03-15,Вторник,15:00,50,49,1,104,0,-54,-54
13294,hosp_covid_dis_covid_hours_for,93167,2022-03-15,Вторник,16:00,63,60,3,111,0,-48,-48
13295,hosp_covid_dis_covid_hours_for,93169,2022-03-15,Вторник,17:00,71,68,3,120,0,-49,-49
13296,hosp_covid_dis_covid_hours_for,93171,2022-03-15,Вторник,18:00,80,77,3,123,0,-43,-43
13297,hosp_covid_dis_covid_hours_for,93173,2022-03-15,Вторник,19:26,97,93,4,130,0,-33,-33
13298,hosp_covid_dis_covid_hours_for,93175,2022-03-15,Вторник,20:00,101,97,4,130,0,-29,-29
13299,hosp_covid_dis_covid_hours_for,93177,2022-03-15,Вторник,21:00,110,105,5,135,0,-25,-25
13300,hosp_covid_dis_covid_hours_for,93179,2022-03-15,Вторник,22:00,118,113,5,137,0,-19,-19
13301,hosp_covid_dis_covid_hours_for,93185,2022-03-15,Вторник,23:00,123,118,5,139,0,-16,-16
13302,hosp_covid_dis_covid_hours_for,93188,2022-03-16,Среда,01:00,1,1,0,0,0,1,1
13303,hosp_covid_dis_covid_hours_for,93189,2022-03-15,Вторник,сутки,127,121,6,141,0,-14,-14
13304,hosp_covid_dis_covid_hours_for,93191,2022-03-16,Среда,02:00,5,5,0,0,0,5,5
13305,hosp_covid_dis_covid_hours_for,93193,2022-03-16,Среда,03:00,9,9,0,0,0,9,9
13306,hosp_covid_dis_covid_hours_for,93195,2022-03-16,Среда,04:00,11,11,0,0,0,11,11
13307,hosp_covid_dis_covid_hours_for,93197,2022-03-16,Среда,05:00,12,12,0,0,0,12,12
13308,hosp_covid_dis_covid_hours_for,93199,2022-03-16,Среда,06:00,12,12,0,2,0,10,10
13309,hosp_covid_dis_covid_hours_for,93201,2022-03-16,Среда,07:00,12,12,0,2,0,10,10
13310,hosp_covid_dis_covid_hours_for,93203,2022-03-16,Среда,08:00,12,12,0,6,0,6,6
13311,hosp_covid_dis_covid_hours_for,93205,2022-03-16,Среда,09:00,14,13,1,12,0,2,2
13312,hosp_covid_dis_covid_hours_for,93207,2022-03-16,Среда,10:00,13,11,2,28,0,-15,-15
13313,hosp_covid_dis_covid_hours_for,93209,2022-03-16,Среда,11:00,14,12,2,35,0,-21,-21
13314,hosp_covid_dis_covid_hours_for,93211,2022-03-16,Среда,12:00,16,14,2,47,0,-31,-31
13315,hosp_covid_dis_covid_hours_for,93213,2022-03-16,Среда,13:00,21,19,2,61,0,-40,-40
13316,hosp_covid_dis_covid_hours_for,93215,2022-03-16,Среда,14:00,36,31,5,73,0,-37,-37
13317,hosp_covid_dis_covid_hours_for,93217,2022-03-16,Среда,15:00,39,34,5,85,0,-46,-46
13318,hosp_covid_dis_covid_hours_for,93219,2022-03-16,Среда,16:00,46,40,6,99,0,-53,-53
13319,hosp_covid_dis_covid_hours_for,93221,2022-03-16,Среда,17:00,55,48,7,110,0,-55,-55
13320,hosp_covid_dis_covid_hours_for,93223,2022-03-16,Среда,18:00,62,54,8,111,0,-49,-49
13321,hosp_covid_dis_covid_hours_for,93225,2022-03-16,Среда,19:00,72,64,8,112,0,-40,-40
13322,hosp_covid_dis_covid_hours_for,93227,2022-03-16,Среда,20:00,79,68,11,115,0,-36,-36
13323,hosp_covid_dis_covid_hours_for,93229,2022-03-16,Среда,21:00,86,75,11,117,0,-31,-31
13324,hosp_covid_dis_covid_hours_for,93231,2022-03-16,Среда,22:00,89,78,11,118,0,-29,-29
13325,hosp_covid_dis_covid_hours_for,93237,2022-03-16,Среда,23:00,96,85,11,120,0,-24,-24
13326,hosp_covid_dis_covid_hours_for,93240,2022-03-17,Четверг,01:00,1,1,0,0,0,1,1
13327,hosp_covid_dis_covid_hours_for,93241,2022-03-16,Среда,сутки,99,88,11,121,0,-22,-22
13328,hosp_covid_dis_covid_hours_for,93243,2022-03-17,Четверг,02:00,3,3,0,0,0,3,3
13329,hosp_covid_dis_covid_hours_for,93245,2022-03-17,Четверг,03:00,4,4,0,0,0,4,4
13330,hosp_covid_dis_covid_hours_for,93247,2022-03-17,Четверг,04:00,6,6,0,0,0,6,6
13331,hosp_covid_dis_covid_hours_for,93249,2022-03-17,Четверг,05:00,7,7,0,1,0,6,6
13332,hosp_covid_dis_covid_hours_for,93251,2022-03-17,Четверг,06:00,9,9,0,1,0,8,8
13333,hosp_covid_dis_covid_hours_for,93253,2022-03-17,Четверг,07:00,9,9,0,3,0,6,6
13334,hosp_covid_dis_covid_hours_for,93255,2022-03-17,Четверг,08:00,9,9,0,6,0,3,3
13335,hosp_covid_dis_covid_hours_for,93257,2022-03-17,Четверг,09:00,10,10,0,17,0,-7,-7
13336,hosp_covid_dis_covid_hours_for,93259,2022-03-17,Четверг,10:00,12,12,0,24,0,-12,-12
13337,hosp_covid_dis_covid_hours_for,93261,2022-03-17,Четверг,11:00,18,18,0,34,0,-16,-16
13338,hosp_covid_dis_covid_hours_for,93263,2022-03-17,Четверг,12:00,22,21,1,45,0,-23,-23
13339,hosp_covid_dis_covid_hours_for,93265,2022-03-17,Четверг,13:00,31,29,2,50,0,-19,-19
13340,hosp_covid_dis_covid_hours_for,93267,2022-03-17,Четверг,14:00,48,45,3,69,0,-21,-21
13341,hosp_covid_dis_covid_hours_for,93269,2022-03-17,Четверг,15:00,52,49,3,90,0,-38,-38
13342,hosp_covid_dis_covid_hours_for,93271,2022-03-17,Четверг,16:00,59,56,3,95,0,-36,-36
13343,hosp_covid_dis_covid_hours_for,93273,2022-03-17,Четверг,17:00,63,60,3,97,0,-34,-34
13344,hosp_covid_dis_covid_hours_for,93275,2022-03-17,Четверг,18:00,70,66,4,102,0,-32,-32
13345,hosp_covid_dis_covid_hours_for,93277,2022-03-17,Четверг,19:00,69,64,5,80,0,-11,-11
13346,hosp_covid_dis_covid_hours_for,93279,2022-03-17,Четверг,20:00,72,67,5,85,0,-13,-13
13347,hosp_covid_dis_covid_hours_for,93281,2022-03-17,Четверг,21:00,75,70,5,86,0,-11,-11
13348,hosp_covid_dis_covid_hours_for,93283,2022-03-17,Четверг,22:00,80,75,5,86,0,-6,-6
13349,hosp_covid_dis_covid_hours_for,93289,2022-03-17,Четверг,23:00,87,82,5,86,0,1,1
13350,hosp_covid_dis_covid_hours_for,93292,2022-03-18,Пятница,01:00,2,2,0,0,0,2,2
13351,hosp_covid_dis_covid_hours_for,93293,2022-03-17,Четверг,сутки,91,86,5,87,0,4,4
13352,hosp_covid_dis_covid_hours_for,93295,2022-03-18,Пятница,02:00,6,6,0,0,0,6,6
13353,hosp_covid_dis_covid_hours_for,93297,2022-03-18,Пятница,03:00,9,9,0,0,0,9,9
13354,hosp_covid_dis_covid_hours_for,93299,2022-03-18,Пятница,04:00,11,11,0,0,0,11,11
13355,hosp_covid_dis_covid_hours_for,93301,2022-03-18,Пятница,05:00,14,14,0,0,0,14,14
13356,hosp_covid_dis_covid_hours_for,93303,2022-03-18,Пятница,06:00,14,14,0,0,0,14,14
13357,hosp_covid_dis_covid_hours_for,93305,2022-03-18,Пятница,07:00,14,14,0,4,0,10,10
13358,hosp_covid_dis_covid_hours_for,93307,2022-03-18,Пятница,08:00,15,15,0,12,0,3,3
13359,hosp_covid_dis_covid_hours_for,93309,2022-03-18,Пятница,09:00,16,16,0,15,0,1,1
13360,hosp_covid_dis_covid_hours_for,93311,2022-03-18,Пятница,10:00,16,16,0,29,0,-13,-13
13361,hosp_covid_dis_covid_hours_for,93313,2022-03-18,Пятница,11:00,19,19,0,37,0,-18,-18
13362,hosp_covid_dis_covid_hours_for,93315,2022-03-18,Пятница,12:00,23,23,0,47,0,-24,-24
13363,hosp_covid_dis_covid_hours_for,93317,2022-03-18,Пятница,13:00,31,31,0,54,0,-23,-23
13364,hosp_covid_dis_covid_hours_for,93319,2022-03-18,Пятница,14:00,40,39,1,64,0,-24,-24
13365,hosp_covid_dis_covid_hours_for,93321,2022-03-18,Пятница,15:00,46,44,2,79,0,-33,-33
13366,hosp_covid_dis_covid_hours_for,93323,2022-03-18,Пятница,16:00,52,50,2,86,0,-34,-34
13367,hosp_covid_dis_covid_hours_for,93325,2022-03-18,Пятница,17:00,60,58,2,89,0,-29,-29
13368,hosp_covid_dis_covid_hours_for,93327,2022-03-18,Пятница,18:00,68,66,2,94,0,-26,-26
13369,hosp_covid_dis_covid_hours_for,93329,2022-03-18,Пятница,19:00,74,72,2,99,0,-25,-25
13370,hosp_covid_dis_covid_hours_for,93331,2022-03-18,Пятница,20:00,79,77,2,101,0,-22,-22
13371,hosp_covid_dis_covid_hours_for,93333,2022-03-18,Пятница,21:00,87,85,2,101,0,-14,-14
13372,hosp_covid_dis_covid_hours_for,93335,2022-03-18,Пятница,22:00,91,89,2,101,0,-10,-10
13373,hosp_covid_dis_covid_hours_for,93341,2022-03-18,Пятница,23:00,99,97,2,101,0,-2,-2
13374,hosp_covid_dis_covid_hours_for,93344,2022-03-19,Суббота,01:00,4,4,0,0,0,4,4
13375,hosp_covid_dis_covid_hours_for,93345,2022-03-18,Пятница,сутки,102,100,2,102,0,0,0
13376,hosp_covid_dis_covid_hours_for,93347,2022-03-19,Суббота,02:00,6,6,0,0,0,6,6
13377,hosp_covid_dis_covid_hours_for,93349,2022-03-19,Суббота,03:00,7,7,0,0,0,7,7
13378,hosp_covid_dis_covid_hours_for,93351,2022-03-19,Суббота,04:00,7,7,0,0,0,7,7
13379,hosp_covid_dis_covid_hours_for,93353,2022-03-19,Суббота,05:00,8,8,0,0,0,8,8
13380,hosp_covid_dis_covid_hours_for,93355,2022-03-19,Суббота,06:00,10,10,0,0,0,10,10
13381,hosp_covid_dis_covid_hours_for,93357,2022-03-19,Суббота,07:00,12,12,0,0,0,12,12
13382,hosp_covid_dis_covid_hours_for,93359,2022-03-19,Суббота,08:00,12,12,0,3,0,9,9
13383,hosp_covid_dis_covid_hours_for,93361,2022-03-19,Суббота,09:00,12,12,0,10,0,2,2
13384,hosp_covid_dis_covid_hours_for,93363,2022-03-19,Суббота,10:00,13,13,0,22,0,-9,-9
13385,hosp_covid_dis_covid_hours_for,93365,2022-03-19,Суббота,11:00,17,17,0,27,0,-10,-10
13386,hosp_covid_dis_covid_hours_for,93367,2022-03-19,Суббота,12:00,23,22,1,31,0,-8,-8
13387,hosp_covid_dis_covid_hours_for,93369,2022-03-19,Суббота,13:00,28,27,1,41,0,-13,-13
13388,hosp_covid_dis_covid_hours_for,93371,2022-03-19,Суббота,14:00,37,36,1,53,0,-16,-16
13389,hosp_covid_dis_covid_hours_for,93373,2022-03-19,Суббота,15:00,44,43,1,58,0,-14,-14
13390,hosp_covid_dis_covid_hours_for,93375,2022-03-19,Суббота,16:00,51,48,3,62,0,-11,-11
13391,hosp_covid_dis_covid_hours_for,93377,2022-03-19,Суббота,17:00,60,56,4,65,0,-5,-5
13392,hosp_covid_dis_covid_hours_for,93379,2022-03-19,Суббота,18:00,66,61,5,70,0,-4,-4
13393,hosp_covid_dis_covid_hours_for,93381,2022-03-19,Суббота,19:00,71,64,7,71,0,0,0
13394,hosp_covid_dis_covid_hours_for,93383,2022-03-19,Суббота,20:00,77,70,7,79,0,-2,-2
13395,hosp_covid_dis_covid_hours_for,93385,2022-03-19,Суббота,21:00,79,72,7,81,0,-2,-2
13396,hosp_covid_dis_covid_hours_for,93387,2022-03-19,Суббота,22:00,86,79,7,81,0,5,5
13397,hosp_covid_dis_covid_hours_for,93393,2022-03-19,Суббота,23:00,95,87,8,81,0,14,14
13398,hosp_covid_dis_covid_hours_for,93396,2022-03-20,Воскресенье,01:00,1,1,0,0,0,1,1
13399,hosp_covid_dis_covid_hours_for,93397,2022-03-19,Суббота,сутки,99,90,9,82,0,17,17
13400,hosp_covid_dis_covid_hours_for,93399,2022-03-20,Воскресенье,02:00,2,2,0,0,0,2,2
13401,hosp_covid_dis_covid_hours_for,93401,2022-03-20,Воскресенье,03:00,5,5,0,0,0,5,5
13402,hosp_covid_dis_covid_hours_for,93403,2022-03-20,Воскресенье,04:00,8,8,0,2,0,6,6
13403,hosp_covid_dis_covid_hours_for,93405,2022-03-20,Воскресенье,05:00,8,8,0,2,0,6,6
13404,hosp_covid_dis_covid_hours_for,93407,2022-03-20,Воскресенье,06:00,9,9,0,2,0,7,7
13405,hosp_covid_dis_covid_hours_for,93409,2022-03-20,Воскресенье,07:03,9,9,0,3,0,6,6
13406,hosp_covid_dis_covid_hours_for,93411,2022-03-20,Воскресенье,08:00,9,9,0,9,0,0,0
13407,hosp_covid_dis_covid_hours_for,93413,2022-03-20,Воскресенье,09:00,9,9,0,16,0,-7,-7
13408,hosp_covid_dis_covid_hours_for,93415,2022-03-20,Воскресенье,10:00,10,10,0,21,0,-11,-11
13409,hosp_covid_dis_covid_hours_for,93417,2022-03-20,Воскресенье,11:00,12,12,0,25,0,-13,-13
13410,hosp_covid_dis_covid_hours_for,93419,2022-03-20,Воскресенье,12:00,18,18,0,29,0,-11,-11
13411,hosp_covid_dis_covid_hours_for,93421,2022-03-20,Воскресенье,13:00,24,24,0,35,0,-11,-11
13412,hosp_covid_dis_covid_hours_for,93423,2022-03-20,Воскресенье,14:00,25,25,0,38,0,-13,-13
13413,hosp_covid_dis_covid_hours_for,93425,2022-03-20,Воскресенье,15:00,26,26,0,39,0,-13,-13
13414,hosp_covid_dis_covid_hours_for,93427,2022-03-20,Воскресенье,16:00,32,32,0,43,0,-11,-11
13415,hosp_covid_dis_covid_hours_for,93429,2022-03-20,Воскресенье,17:00,37,37,0,43,0,-6,-6
13416,hosp_covid_dis_covid_hours_for,93431,2022-03-20,Воскресенье,18:00,42,42,0,45,0,-3,-3
13417,hosp_covid_dis_covid_hours_for,93433,2022-03-20,Воскресенье,19:00,44,44,0,46,0,-2,-2
13418,hosp_covid_dis_covid_hours_for,93435,2022-03-20,Воскресенье,20:00,51,51,0,47,0,4,4
13419,hosp_covid_dis_covid_hours_for,93437,2022-03-20,Воскресенье,21:00,53,53,0,47,0,6,6
13420,hosp_covid_dis_covid_hours_for,93439,2022-03-20,Воскресенье,22:00,55,55,0,48,0,7,7
13421,hosp_covid_dis_covid_hours_for,93445,2022-03-20,Воскресенье,23:00,57,57,0,51,0,6,6
13422,hosp_covid_dis_covid_hours_for,93448,2022-03-21,Понедельник,01:00,1,1,0,0,0,1,1
13423,hosp_covid_dis_covid_hours_for,93449,2022-03-20,Воскресенье,сутки,60,60,0,54,0,6,6
13424,hosp_covid_dis_covid_hours_for,93451,2022-03-21,Понедельник,02:00,5,5,0,0,0,5,5
13425,hosp_covid_dis_covid_hours_for,93453,2022-03-21,Понедельник,03:00,7,7,0,0,0,7,7
13426,hosp_covid_dis_covid_hours_for,93455,2022-03-21,Понедельник,04:00,8,8,0,0,0,8,8
13427,hosp_covid_dis_covid_hours_for,93457,2022-03-21,Понедельник,05:00,8,8,0,0,0,8,8
13428,hosp_covid_dis_covid_hours_for,93459,2022-03-21,Понедельник,06:00,9,9,0,1,0,8,8
13429,hosp_covid_dis_covid_hours_for,93461,2022-03-21,Понедельник,07:00,10,10,0,1,0,9,9
13430,hosp_covid_dis_covid_hours_for,93463,2022-03-21,Понедельник,08:00,10,10,0,5,0,5,5
13431,hosp_covid_dis_covid_hours_for,93465,2022-03-21,Понедельник,09:03,10,10,0,11,0,-1,-1
13432,hosp_covid_dis_covid_hours_for,93467,2022-03-21,Понедельник,10:03,11,11,0,14,0,-3,-3
13433,hosp_covid_dis_covid_hours_for,93469,2022-03-21,Понедельник,11:00,14,14,0,19,0,-5,-5
13434,hosp_covid_dis_covid_hours_for,93471,2022-03-21,Понедельник,12:00,17,17,0,28,0,-11,-11
13435,hosp_covid_dis_covid_hours_for,93473,2022-03-21,Понедельник,13:00,27,25,2,41,0,-14,-14
13436,hosp_covid_dis_covid_hours_for,93475,2022-03-21,Понедельник,14:00,39,37,2,48,0,-9,-9
13437,hosp_covid_dis_covid_hours_for,93477,2022-03-21,Понедельник,15:00,53,50,3,52,0,1,1
13438,hosp_covid_dis_covid_hours_for,93479,2022-03-21,Понедельник,16:00,60,56,4,54,0,6,6
13439,hosp_covid_dis_covid_hours_for,93481,2022-03-21,Понедельник,17:00,68,64,4,61,0,7,7
13440,hosp_covid_dis_covid_hours_for,93483,2022-03-21,Понедельник,18:00,78,73,5,72,0,6,6
13441,hosp_covid_dis_covid_hours_for,93485,2022-03-21,Понедельник,19:00,85,80,5,74,0,11,11
13442,hosp_covid_dis_covid_hours_for,93487,2022-03-21,Понедельник,20:00,94,89,5,77,0,17,17
13443,hosp_covid_dis_covid_hours_for,93489,2022-03-21,Понедельник,21:00,99,94,5,78,0,21,21
13444,hosp_covid_dis_covid_hours_for,93491,2022-03-21,Понедельник,22:00,102,97,5,80,0,22,22
13445,hosp_covid_dis_covid_hours_for,93497,2022-03-21,Понедельник,23:00,109,104,5,82,0,27,27
13446,hosp_covid_dis_covid_hours_for,93500,2022-03-22,Вторник,01:00,2,2,0,0,0,2,2
13447,hosp_covid_dis_covid_hours_for,93501,2022-03-21,Понедельник,сутки,113,108,5,87,0,26,26
13448,hosp_covid_dis_covid_hours_for,93503,2022-03-22,Вторник,02:00,3,3,0,0,0,3,3
13449,hosp_covid_dis_covid_hours_for,93505,2022-03-22,Вторник,03:00,4,4,0,0,0,4,4
13450,hosp_covid_dis_covid_hours_for,93507,2022-03-22,Вторник,04:00,8,8,0,0,0,8,8
13451,hosp_covid_dis_covid_hours_for,93509,2022-03-22,Вторник,05:00,8,8,0,0,0,8,8
13452,hosp_covid_dis_covid_hours_for,93511,2022-03-22,Вторник,06:00,9,9,0,0,0,9,9
13453,hosp_covid_dis_covid_hours_for,93513,2022-03-22,Вторник,07:00,10,10,0,2,0,8,8
13454,hosp_covid_dis_covid_hours_for,93515,2022-03-22,Вторник,08:00,11,10,1,6,0,5,5
13455,hosp_covid_dis_covid_hours_for,93517,2022-03-22,Вторник,09:00,11,10,1,18,0,-7,-7
13456,hosp_covid_dis_covid_hours_for,93519,2022-03-22,Вторник,10:00,11,10,1,25,0,-14,-14
13457,hosp_covid_dis_covid_hours_for,93521,2022-03-22,Вторник,11:00,16,15,1,36,0,-20,-20
13458,hosp_covid_dis_covid_hours_for,93523,2022-03-22,Вторник,12:00,20,19,1,49,0,-29,-29
13459,hosp_covid_dis_covid_hours_for,93525,2022-03-22,Вторник,13:00,26,25,1,59,0,-33,-33
13460,hosp_covid_dis_covid_hours_for,93527,2022-03-22,Вторник,14:00,34,33,1,70,0,-36,-36
13461,hosp_covid_dis_covid_hours_for,93529,2022-03-22,Вторник,15:00,47,44,3,85,0,-38,-38
13462,hosp_covid_dis_covid_hours_for,93531,2022-03-22,Вторник,16:00,56,53,3,95,0,-39,-39
13463,hosp_covid_dis_covid_hours_for,93533,2022-03-22,Вторник,17:00,64,58,6,102,0,-38,-38
13464,hosp_covid_dis_covid_hours_for,93535,2022-03-22,Вторник,18:00,71,65,6,106,0,-35,-35
13465,hosp_covid_dis_covid_hours_for,93537,2022-03-22,Вторник,19:00,77,71,6,112,0,-35,-35
13466,hosp_covid_dis_covid_hours_for,93539,2022-03-22,Вторник,20:00,85,79,6,113,0,-28,-28
13467,hosp_covid_dis_covid_hours_for,93541,2022-03-22,Вторник,21:00,91,85,6,116,0,-25,-25
13468,hosp_covid_dis_covid_hours_for,93543,2022-03-22,Вторник,22:00,92,86,6,117,0,-25,-25
13469,hosp_covid_dis_covid_hours_for,93549,2022-03-22,Вторник,23:00,98,92,6,117,0,-19,-19
13470,hosp_covid_dis_covid_hours_for,93552,2022-03-23,Среда,01:00,1,1,0,0,0,1,1
13471,hosp_covid_dis_covid_hours_for,93553,2022-03-22,Вторник,сутки,107,100,7,117,0,-10,-10
13472,hosp_covid_dis_covid_hours_for,93555,2022-03-23,Среда,02:00,2,2,0,0,0,2,2
13473,hosp_covid_dis_covid_hours_for,93557,2022-03-23,Среда,03:00,5,5,0,1,0,4,4
13474,hosp_covid_dis_covid_hours_for,93559,2022-03-23,Среда,04:00,6,6,0,1,0,5,5
13475,hosp_covid_dis_covid_hours_for,93561,2022-03-23,Среда,05:00,8,7,1,1,0,7,7
13476,hosp_covid_dis_covid_hours_for,93563,2022-03-23,Среда,06:00,8,7,1,1,0,7,7
13477,hosp_covid_dis_covid_hours_for,93565,2022-03-23,Среда,08:02,11,10,1,8,0,3,3
13478,hosp_covid_dis_covid_hours_for,93567,2022-03-23,Среда,09:00,11,10,1,17,0,-6,-6
13479,hosp_covid_dis_covid_hours_for,93569,2022-03-23,Среда,10:00,12,11,1,23,0,-11,-11
13480,hosp_covid_dis_covid_hours_for,93571,2022-03-23,Среда,11:00,14,13,1,30,0,-16,-16
13481,hosp_covid_dis_covid_hours_for,93573,2022-03-23,Среда,12:00,21,20,1,35,0,-14,-14
13482,hosp_covid_dis_covid_hours_for,93575,2022-03-23,Среда,13:00,27,26,1,40,0,-13,-13
13483,hosp_covid_dis_covid_hours_for,93577,2022-03-23,Среда,14:00,31,30,1,52,0,-21,-21
13484,hosp_covid_dis_covid_hours_for,93579,2022-03-23,Среда,15:00,37,36,1,72,0,-35,-35
13485,hosp_covid_dis_covid_hours_for,93581,2022-03-23,Среда,16:00,43,41,2,78,0,-35,-35
13486,hosp_covid_dis_covid_hours_for,93583,2022-03-23,Среда,17:00,50,45,5,85,0,-35,-35
13487,hosp_covid_dis_covid_hours_for,93585,2022-03-23,Среда,18:00,56,50,6,88,0,-32,-32
13488,hosp_covid_dis_covid_hours_for,93587,2022-03-23,Среда,19:00,65,55,10,92,0,-27,-27
13489,hosp_covid_dis_covid_hours_for,93589,2022-03-23,Среда,20:00,71,61,10,93,0,-22,-22
13490,hosp_covid_dis_covid_hours_for,93591,2022-03-23,Среда,21:00,75,65,10,96,0,-21,-21
13491,hosp_covid_dis_covid_hours_for,93593,2022-03-23,Среда,22:00,82,71,11,96,0,-14,-14
13492,hosp_covid_dis_covid_hours_for,93597,2022-03-23,Среда,23:00,85,74,11,97,0,-12,-12
13493,hosp_covid_dis_covid_hours_for,93600,2022-03-24,Четверг,00:05,0,0,0,0,0,0,0
13494,hosp_covid_dis_covid_hours_for,93602,2022-03-24,Четверг,01:00,0,0,0,0,0,0,0
13495,hosp_covid_dis_covid_hours_for,93603,2022-03-23,Среда,сутки,88,76,12,97,0,-9,-9
13496,hosp_covid_dis_covid_hours_for,93605,2022-03-24,Четверг,02:00,2,1,1,0,0,2,2
13497,hosp_covid_dis_covid_hours_for,93607,2022-03-24,Четверг,03:00,2,1,1,0,0,2,2
13498,hosp_covid_dis_covid_hours_for,93609,2022-03-24,Четверг,04:00,4,3,1,1,0,3,3
13499,hosp_covid_dis_covid_hours_for,93611,2022-03-24,Четверг,05:00,6,5,1,1,0,5,5
13500,hosp_covid_dis_covid_hours_for,93613,2022-03-24,Четверг,06:00,7,6,1,1,0,6,6
13501,hosp_covid_dis_covid_hours_for,93615,2022-03-24,Четверг,07:00,8,7,1,2,0,6,6
13502,hosp_covid_dis_covid_hours_for,93617,2022-03-24,Четверг,08:00,8,7,1,8,0,0,0
13503,hosp_covid_dis_covid_hours_for,93619,2022-03-24,Четверг,09:00,10,9,1,13,0,-3,-3
13504,hosp_covid_dis_covid_hours_for,93621,2022-03-24,Четверг,10:00,10,9,1,22,0,-12,-12
13505,hosp_covid_dis_covid_hours_for,93623,2022-03-24,Четверг,11:00,11,10,1,31,0,-20,-20
13506,hosp_covid_dis_covid_hours_for,93625,2022-03-24,Четверг,12:00,14,13,1,44,0,-30,-30
13507,hosp_covid_dis_covid_hours_for,93627,2022-03-24,Четверг,13:00,18,17,1,59,0,-41,-41
13508,hosp_covid_dis_covid_hours_for,93629,2022-03-24,Четверг,14:00,30,28,2,66,0,-36,-36
13509,hosp_covid_dis_covid_hours_for,93631,2022-03-24,Четверг,15:00,40,38,2,69,0,-29,-29
13510,hosp_covid_dis_covid_hours_for,93633,2022-03-24,Четверг,16:00,46,43,3,77,0,-31,-31
13511,hosp_covid_dis_covid_hours_for,93635,2022-03-24,Четверг,17:00,52,49,3,84,0,-32,-32
13512,hosp_covid_dis_covid_hours_for,93637,2022-03-24,Четверг,18:00,60,57,3,83,0,-23,-23
13513,hosp_covid_dis_covid_hours_for,93639,2022-03-24,Четверг,19:00,68,65,3,70,0,-2,-2
13514,hosp_covid_dis_covid_hours_for,93641,2022-03-24,Четверг,20:00,72,69,3,71,0,1,1
13515,hosp_covid_dis_covid_hours_for,93643,2022-03-24,Четверг,21:00,80,77,3,71,0,9,9
13516,hosp_covid_dis_covid_hours_for,93645,2022-03-24,Четверг,22:00,81,78,3,71,0,10,10
13517,hosp_covid_dis_covid_hours_for,93651,2022-03-24,Четверг,23:00,88,85,3,71,0,17,17
13518,hosp_covid_dis_covid_hours_for,93654,2022-03-25,Пятница,01:00,1,1,0,1,0,0,0
13519,hosp_covid_dis_covid_hours_for,93655,2022-03-24,Четверг,сутки,95,92,3,71,0,24,24
13520,hosp_covid_dis_covid_hours_for,93657,2022-03-25,Пятница,02:00,4,4,0,1,0,3,3
13521,hosp_covid_dis_covid_hours_for,93659,2022-03-25,Пятница,03:00,7,6,1,1,0,6,6
13522,hosp_covid_dis_covid_hours_for,93661,2022-03-25,Пятница,04:00,8,7,1,1,0,7,7
13523,hosp_covid_dis_covid_hours_for,93663,2022-03-25,Пятница,05:00,8,7,1,1,0,7,7
13524,hosp_covid_dis_covid_hours_for,93665,2022-03-25,Пятница,06:00,9,8,1,1,0,8,8
13525,hosp_covid_dis_covid_hours_for,93667,2022-03-25,Пятница,07:00,12,11,1,4,0,8,8
13526,hosp_covid_dis_covid_hours_for,93669,2022-03-25,Пятница,08:00,12,11,1,6,0,6,6
13527,hosp_covid_dis_covid_hours_for,93671,2022-03-25,Пятница,09:00,12,11,1,13,0,-1,-1
13528,hosp_covid_dis_covid_hours_for,93673,2022-03-25,Пятница,10:00,13,12,1,19,0,-6,-6
13529,hosp_covid_dis_covid_hours_for,93675,2022-03-25,Пятница,11:00,17,16,1,22,0,-5,-5
13530,hosp_covid_dis_covid_hours_for,93677,2022-03-25,Пятница,12:00,17,16,1,28,0,-11,-11
13531,hosp_covid_dis_covid_hours_for,93679,2022-03-25,Пятница,13:00,19,18,1,37,0,-18,-18
13532,hosp_covid_dis_covid_hours_for,93681,2022-03-25,Пятница,14:00,23,21,2,44,0,-21,-21
13533,hosp_covid_dis_covid_hours_for,93683,2022-03-25,Пятница,15:00,29,27,2,53,0,-24,-24
13534,hosp_covid_dis_covid_hours_for,93685,2022-03-25,Пятница,16:00,37,34,3,62,0,-25,-25
13535,hosp_covid_dis_covid_hours_for,93687,2022-03-25,Пятница,17:00,45,42,3,66,0,-21,-21
13536,hosp_covid_dis_covid_hours_for,93689,2022-03-25,Пятница,18:00,55,52,3,66,0,-11,-11
13537,hosp_covid_dis_covid_hours_for,93691,2022-03-25,Пятница,19:00,61,57,4,69,0,-8,-8
13538,hosp_covid_dis_covid_hours_for,93693,2022-03-25,Пятница,20:00,71,67,4,69,0,2,2
13539,hosp_covid_dis_covid_hours_for,93695,2022-03-25,Пятница,21:00,79,75,4,70,0,9,9
13540,hosp_covid_dis_covid_hours_for,93697,2022-03-25,Пятница,22:00,89,85,4,70,0,19,19
13541,hosp_covid_dis_covid_hours_for,93703,2022-03-25,Пятница,23:00,95,91,4,70,0,25,25
13542,hosp_covid_dis_covid_hours_for,93706,2022-03-26,Суббота,01:00,1,1,0,0,0,1,1
13543,hosp_covid_dis_covid_hours_for,93707,2022-03-25,Пятница,сутки,98,94,4,70,0,28,28
13544,hosp_covid_dis_covid_hours_for,93709,2022-03-26,Суббота,02:00,4,4,0,0,0,4,4
13545,hosp_covid_dis_covid_hours_for,93711,2022-03-26,Суббота,03:00,6,6,0,0,0,6,6
13546,hosp_covid_dis_covid_hours_for,93713,2022-03-26,Суббота,04:00,6,6,0,0,0,6,6
13547,hosp_covid_dis_covid_hours_for,93715,2022-03-26,Суббота,05:00,6,6,0,0,0,6,6
13548,hosp_covid_dis_covid_hours_for,93717,2022-03-26,Суббота,06:00,7,7,0,0,0,7,7
13549,hosp_covid_dis_covid_hours_for,93719,2022-03-26,Суббота,07:00,8,8,0,0,0,8,8
13550,hosp_covid_dis_covid_hours_for,93721,2022-03-26,Суббота,08:00,8,8,0,1,0,7,7
13551,hosp_covid_dis_covid_hours_for,93723,2022-03-26,Суббота,09:00,10,10,0,1,0,9,9
13552,hosp_covid_dis_covid_hours_for,93725,2022-03-26,Суббота,10:00,11,11,0,9,0,2,2
13553,hosp_covid_dis_covid_hours_for,93727,2022-03-26,Суббота,11:00,13,13,0,12,0,1,1
13554,hosp_covid_dis_covid_hours_for,93729,2022-03-26,Суббота,12:00,16,16,0,16,0,0,0
13555,hosp_covid_dis_covid_hours_for,93731,2022-03-26,Суббота,13:00,21,21,0,24,0,-3,-3
13556,hosp_covid_dis_covid_hours_for,93733,2022-03-26,Суббота,14:00,27,27,0,31,0,-4,-4
13557,hosp_covid_dis_covid_hours_for,93735,2022-03-26,Суббота,15:00,32,31,1,37,0,-5,-5
13558,hosp_covid_dis_covid_hours_for,93737,2022-03-26,Суббота,16:00,36,35,1,39,0,-3,-3
13559,hosp_covid_dis_covid_hours_for,93739,2022-03-26,Суббота,17:00,41,39,2,40,0,1,1
13560,hosp_covid_dis_covid_hours_for,93741,2022-03-26,Суббота,18:00,43,41,2,41,0,2,2
13561,hosp_covid_dis_covid_hours_for,93743,2022-03-26,Суббота,19:00,46,44,2,42,0,4,4
13562,hosp_covid_dis_covid_hours_for,93745,2022-03-26,Суббота,20:00,51,47,4,43,0,8,8
13563,hosp_covid_dis_covid_hours_for,93747,2022-03-26,Суббота,21:00,58,53,5,44,0,14,14
13564,hosp_covid_dis_covid_hours_for,93749,2022-03-26,Суббота,22:00,62,57,5,44,0,18,18
13565,hosp_covid_dis_covid_hours_for,93755,2022-03-26,Суббота,23:00,65,61,4,44,0,21,21
13566,hosp_covid_dis_covid_hours_for,93758,2022-03-27,Воскресенье,01:00,2,2,0,0,0,2,2
13567,hosp_covid_dis_covid_hours_for,93759,2022-03-26,Суббота,сутки,69,65,4,46,0,23,23
13568,hosp_covid_dis_covid_hours_for,93761,2022-03-27,Воскресенье,02:00,4,4,0,0,0,4,4
13569,hosp_covid_dis_covid_hours_for,93763,2022-03-27,Воскресенье,03:00,4,4,0,0,0,4,4
13570,hosp_covid_dis_covid_hours_for,93765,2022-03-27,Воскресенье,04:00,5,5,0,0,0,5,5
13571,hosp_covid_dis_covid_hours_for,93767,2022-03-27,Воскресенье,05:00,5,5,0,0,0,5,5
13572,hosp_covid_dis_covid_hours_for,93769,2022-03-27,Воскресенье,06:00,7,7,0,1,0,6,6
13573,hosp_covid_dis_covid_hours_for,93771,2022-03-27,Воскресенье,07:00,7,7,0,1,0,6,6
13574,hosp_covid_dis_covid_hours_for,93773,2022-03-27,Воскресенье,08:00,7,7,0,3,0,4,4
13575,hosp_covid_dis_covid_hours_for,93775,2022-03-27,Воскресенье,09:00,8,8,0,7,0,1,1
13576,hosp_covid_dis_covid_hours_for,93777,2022-03-27,Воскресенье,10:00,10,10,0,11,0,-1,-1
13577,hosp_covid_dis_covid_hours_for,93779,2022-03-27,Воскресенье,11:00,10,10,0,16,0,-6,-6
13578,hosp_covid_dis_covid_hours_for,93781,2022-03-27,Воскресенье,12:00,12,11,1,20,0,-8,-8
13579,hosp_covid_dis_covid_hours_for,93783,2022-03-27,Воскресенье,13:00,13,12,1,24,0,-11,-11
13580,hosp_covid_dis_covid_hours_for,93785,2022-03-27,Воскресенье,14:00,15,14,1,26,0,-11,-11
13581,hosp_covid_dis_covid_hours_for,93787,2022-03-27,Воскресенье,15:00,20,19,1,26,0,-6,-6
13582,hosp_covid_dis_covid_hours_for,93789,2022-03-27,Воскресенье,16:00,29,28,1,27,0,2,2
13583,hosp_covid_dis_covid_hours_for,93791,2022-03-27,Воскресенье,17:00,36,34,2,27,0,9,9
13584,hosp_covid_dis_covid_hours_for,93793,2022-03-27,Воскресенье,18:00,39,37,2,27,0,12,12
13585,hosp_covid_dis_covid_hours_for,93795,2022-03-27,Воскресенье,19:00,43,41,2,29,0,14,14
13586,hosp_covid_dis_covid_hours_for,93797,2022-03-27,Воскресенье,20:00,50,48,2,30,0,20,20
13587,hosp_covid_dis_covid_hours_for,93799,2022-03-27,Воскресенье,21:00,57,55,2,31,0,26,26
13588,hosp_covid_dis_covid_hours_for,93801,2022-03-27,Воскресенье,22:00,61,59,2,32,0,29,29
13589,hosp_covid_dis_covid_hours_for,93807,2022-03-27,Воскресенье,23:00,62,60,2,34,0,28,28
13590,hosp_covid_dis_covid_hours_for,93810,2022-03-28,Понедельник,01:01,1,1,0,1,0,0,0
13591,hosp_covid_dis_covid_hours_for,93811,2022-03-27,Воскресенье,сутки,65,63,2,34,0,31,31
13592,hosp_covid_dis_covid_hours_for,93813,2022-03-28,Понедельник,02:00,1,1,0,1,0,0,0
13593,hosp_covid_dis_covid_hours_for,93815,2022-03-28,Понедельник,03:00,3,3,0,1,0,2,2
13594,hosp_covid_dis_covid_hours_for,93817,2022-03-28,Понедельник,04:00,3,3,0,1,0,2,2
13595,hosp_covid_dis_covid_hours_for,93819,2022-03-28,Понедельник,05:00,4,4,0,1,0,3,3
13596,hosp_covid_dis_covid_hours_for,93821,2022-03-28,Понедельник,06:00,4,4,0,1,0,3,3
13597,hosp_covid_dis_covid_hours_for,93823,2022-03-28,Понедельник,07:00,6,6,0,3,0,3,3
13598,hosp_covid_dis_covid_hours_for,93825,2022-03-28,Понедельник,08:00,7,7,0,5,0,2,2
13599,hosp_covid_dis_covid_hours_for,93827,2022-03-28,Понедельник,09:00,7,7,0,7,0,0,0
13600,hosp_covid_dis_covid_hours_for,93829,2022-03-28,Понедельник,10:00,8,8,0,9,0,-1,-1
13601,hosp_covid_dis_covid_hours_for,93831,2022-03-28,Понедельник,11:00,10,10,0,13,0,-3,-3
13602,hosp_covid_dis_covid_hours_for,93833,2022-03-28,Понедельник,12:00,13,13,0,20,0,-7,-7
13603,hosp_covid_dis_covid_hours_for,93835,2022-03-28,Понедельник,13:00,16,15,1,25,0,-9,-9
13604,hosp_covid_dis_covid_hours_for,93837,2022-03-28,Понедельник,14:00,18,17,1,32,0,-14,-14
13605,hosp_covid_dis_covid_hours_for,93839,2022-03-28,Понедельник,15:00,25,24,1,39,0,-14,-14
13606,hosp_covid_dis_covid_hours_for,93841,2022-03-28,Понедельник,16:00,29,27,2,45,0,-16,-16
13607,hosp_covid_dis_covid_hours_for,93843,2022-03-28,Понедельник,17:00,35,32,3,49,0,-14,-14
13608,hosp_covid_dis_covid_hours_for,93845,2022-03-28,Понедельник,18:00,46,43,3,53,0,-7,-7
13609,hosp_covid_dis_covid_hours_for,93847,2022-03-28,Понедельник,19:00,50,47,3,54,0,-4,-4
13610,hosp_covid_dis_covid_hours_for,93849,2022-03-28,Понедельник,20:00,61,57,4,54,0,7,7
13611,hosp_covid_dis_covid_hours_for,93851,2022-03-28,Понедельник,21:00,70,66,4,55,0,15,15
13612,hosp_covid_dis_covid_hours_for,93853,2022-03-28,Понедельник,22:00,79,74,5,55,0,24,24
13613,hosp_covid_dis_covid_hours_for,93859,2022-03-28,Понедельник,23:00,84,79,5,57,0,27,27
13614,hosp_covid_dis_covid_hours_for,93862,2022-03-29,Вторник,01:00,1,1,0,1,0,0,0
13615,hosp_covid_dis_covid_hours_for,93863,2022-03-28,Понедельник,сутки,95,90,5,57,0,38,38
13616,hosp_covid_dis_covid_hours_for,93865,2022-03-29,Вторник,02:00,1,1,0,2,0,-1,-1
13617,hosp_covid_dis_covid_hours_for,93867,2022-03-29,Вторник,03:00,4,4,0,3,0,1,1
13618,hosp_covid_dis_covid_hours_for,93869,2022-03-29,Вторник,04:00,5,5,0,3,0,2,2
13619,hosp_covid_dis_covid_hours_for,93871,2022-03-29,Вторник,05:00,5,5,0,3,0,2,2
13620,hosp_covid_dis_covid_hours_for,93873,2022-03-29,Вторник,06:00,5,5,0,3,0,2,2
13621,hosp_covid_dis_covid_hours_for,93875,2022-03-29,Вторник,07:00,5,5,0,3,0,2,2
13622,hosp_covid_dis_covid_hours_for,93877,2022-03-29,Вторник,08:00,5,5,0,4,0,1,1
13623,hosp_covid_dis_covid_hours_for,93879,2022-03-29,Вторник,09:00,6,6,0,5,0,1,1
13624,hosp_covid_dis_covid_hours_for,93881,2022-03-29,Вторник,10:00,8,8,0,6,0,2,2
13625,hosp_covid_dis_covid_hours_for,93883,2022-03-29,Вторник,11:00,10,10,0,12,0,-2,-2
13626,hosp_covid_dis_covid_hours_for,93885,2022-03-29,Вторник,12:00,15,15,0,22,0,-7,-7
13627,hosp_covid_dis_covid_hours_for,93887,2022-03-29,Вторник,13:00,19,18,1,33,0,-14,-14
13628,hosp_covid_dis_covid_hours_for,93889,2022-03-29,Вторник,14:00,25,23,2,45,0,-20,-20
13629,hosp_covid_dis_covid_hours_for,93891,2022-03-29,Вторник,15:00,34,32,2,54,0,-20,-20
13630,hosp_covid_dis_covid_hours_for,93893,2022-03-29,Вторник,16:00,39,36,3,57,0,-18,-18
13631,hosp_covid_dis_covid_hours_for,93895,2022-03-29,Вторник,17:00,40,36,4,52,0,-12,-12
13632,hosp_covid_dis_covid_hours_for,93897,2022-03-29,Вторник,18:00,49,45,4,56,0,-7,-7
13633,hosp_covid_dis_covid_hours_for,93899,2022-03-29,Вторник,19:00,56,52,4,58,0,-2,-2
13634,hosp_covid_dis_covid_hours_for,93901,2022-03-29,Вторник,20:00,63,59,4,59,0,4,4
13635,hosp_covid_dis_covid_hours_for,93903,2022-03-29,Вторник,21:00,67,63,4,60,0,7,7
13636,hosp_covid_dis_covid_hours_for,93905,2022-03-29,Вторник,22:00,71,67,4,60,0,11,11
13637,hosp_covid_dis_covid_hours_for,93911,2022-03-29,Вторник,23:00,76,72,4,60,0,16,16
13638,hosp_covid_dis_covid_hours_for,93914,2022-03-30,Среда,01:00,3,3,0,0,0,3,3
13639,hosp_covid_dis_covid_hours_for,93915,2022-03-29,Вторник,сутки,80,76,4,62,0,18,18
13640,hosp_covid_dis_covid_hours_for,93917,2022-03-30,Среда,02:00,5,5,0,0,0,5,5
13641,hosp_covid_dis_covid_hours_for,93919,2022-03-30,Среда,03:00,9,9,0,1,0,8,8
13642,hosp_covid_dis_covid_hours_for,93921,2022-03-30,Среда,04:00,9,9,0,1,0,8,8
13643,hosp_covid_dis_covid_hours_for,93923,2022-03-30,Среда,05:00,9,9,0,1,0,8,8
13644,hosp_covid_dis_covid_hours_for,93925,2022-03-30,Среда,06:00,9,9,0,1,0,8,8
13645,hosp_covid_dis_covid_hours_for,93927,2022-03-30,Среда,07:00,11,11,0,1,0,10,10
13646,hosp_covid_dis_covid_hours_for,93929,2022-03-30,Среда,08:00,12,12,0,1,0,11,11
13647,hosp_covid_dis_covid_hours_for,93931,2022-03-30,Среда,09:00,12,12,0,6,0,6,6
13648,hosp_covid_dis_covid_hours_for,93933,2022-03-30,Среда,10:00,12,12,0,10,0,2,2
13649,hosp_covid_dis_covid_hours_for,93935,2022-03-30,Среда,11:00,15,15,0,10,0,5,5
13650,hosp_covid_dis_covid_hours_for,93937,2022-03-30,Среда,12:00,13,13,0,12,0,1,1
13651,hosp_covid_dis_covid_hours_for,93939,2022-03-30,Среда,13:00,18,18,0,14,0,4,4
13652,hosp_covid_dis_covid_hours_for,93941,2022-03-30,Среда,14:00,26,26,0,20,0,6,6
13653,hosp_covid_dis_covid_hours_for,93943,2022-03-30,Среда,15:00,32,32,0,24,0,8,8
13654,hosp_covid_dis_covid_hours_for,93945,2022-03-30,Среда,16:00,39,38,1,28,0,11,11
13655,hosp_covid_dis_covid_hours_for,93947,2022-03-30,Среда,17:00,43,42,1,31,0,12,12
13656,hosp_covid_dis_covid_hours_for,93949,2022-03-30,Среда,18:00,52,51,1,31,0,21,21
13657,hosp_covid_dis_covid_hours_for,93951,2022-03-30,Среда,19:00,59,58,1,31,0,28,28
13658,hosp_covid_dis_covid_hours_for,93953,2022-03-30,Среда,20:00,66,65,1,34,0,32,32
13659,hosp_covid_dis_covid_hours_for,93955,2022-03-30,Среда,21:00,67,66,1,34,0,33,33
13660,hosp_covid_dis_covid_hours_for,93957,2022-03-30,Среда,22:00,75,73,2,35,0,40,40
13661,hosp_covid_dis_covid_hours_for,93963,2022-03-30,Среда,23:00,86,84,2,35,0,51,51
13662,hosp_covid_dis_covid_hours_for,93966,2022-03-31,Четверг,01:00,1,1,0,0,0,1,1
13663,hosp_covid_dis_covid_hours_for,93967,2022-03-30,Среда,сутки,90,88,2,37,0,53,53
13664,hosp_covid_dis_covid_hours_for,93969,2022-03-31,Четверг,02:00,5,5,0,0,0,5,5
13665,hosp_covid_dis_covid_hours_for,93971,2022-03-31,Четверг,03:00,6,6,0,0,0,6,6
13666,hosp_covid_dis_covid_hours_for,93973,2022-03-31,Четверг,04:00,6,6,0,0,0,6,6
13667,hosp_covid_dis_covid_hours_for,93975,2022-03-31,Четверг,05:00,6,6,0,0,0,6,6
13668,hosp_covid_dis_covid_hours_for,93977,2022-03-31,Четверг,06:00,7,7,0,0,0,7,7
13669,hosp_covid_dis_covid_hours_for,93979,2022-03-31,Четверг,07:00,10,10,0,2,0,8,8
13670,hosp_covid_dis_covid_hours_for,93981,2022-03-31,Четверг,08:00,10,10,0,2,0,8,8
13671,hosp_covid_dis_covid_hours_for,93983,2022-03-31,Четверг,09:00,11,10,1,7,0,4,4
13672,hosp_covid_dis_covid_hours_for,93985,2022-03-31,Четверг,10:00,11,10,1,10,0,1,1
13673,hosp_covid_dis_covid_hours_for,93987,2022-03-31,Четверг,11:00,14,12,2,12,0,2,2
13674,hosp_covid_dis_covid_hours_for,93989,2022-03-31,Четверг,12:00,17,14,3,16,0,1,1
13675,hosp_covid_dis_covid_hours_for,93991,2022-03-31,Четверг,13:00,20,16,4,20,0,0,0
13676,hosp_covid_dis_covid_hours_for,93993,2022-03-31,Четверг,14:00,24,20,4,30,0,-6,-6
13677,hosp_covid_dis_covid_hours_for,93995,2022-03-31,Четверг,15:00,32,25,7,34,0,-2,-2
13678,hosp_covid_dis_covid_hours_for,93997,2022-03-31,Четверг,16:00,41,34,7,38,0,3,3
13679,hosp_covid_dis_covid_hours_for,93999,2022-03-31,Четверг,17:00,47,40,7,44,0,3,3
13680,hosp_covid_dis_covid_hours_for,94001,2022-03-31,Четверг,18:00,59,53,6,46,0,13,13
13681,hosp_covid_dis_covid_hours_for,94003,2022-03-31,Четверг,19:00,66,60,6,47,0,19,19
13682,hosp_covid_dis_covid_hours_for,94005,2022-03-31,Четверг,20:00,70,64,6,47,0,23,23
13683,hosp_covid_dis_covid_hours_for,94007,2022-03-31,Четверг,21:00,80,74,6,49,0,31,31
13684,hosp_covid_dis_covid_hours_for,94009,2022-03-31,Четверг,22:00,83,77,6,49,0,34,34
13685,hosp_covid_dis_covid_hours_for,94015,2022-03-31,Четверг,23:00,91,85,6,49,0,42,42
13686,hosp_covid_dis_covid_hours_for,94018,2022-04-01,Пятница,01:00,2,2,0,0,0,2,2
13687,hosp_covid_dis_covid_hours_for,94019,2022-03-31,Четверг,сутки,93,87,6,49,0,44,44
13688,hosp_covid_dis_covid_hours_for,94021,2022-04-01,Пятница,02:00,3,3,0,0,0,3,3
13689,hosp_covid_dis_covid_hours_for,94023,2022-04-01,Пятница,03:00,4,4,0,0,0,4,4
13690,hosp_covid_dis_covid_hours_for,94025,2022-04-01,Пятница,04:00,4,4,0,0,0,4,4
13691,hosp_covid_dis_covid_hours_for,94027,2022-04-01,Пятница,05:00,5,5,0,0,0,5,5
13692,hosp_covid_dis_covid_hours_for,94029,2022-04-01,Пятница,06:00,5,5,0,0,0,5,5
13693,hosp_covid_dis_covid_hours_for,94031,2022-04-01,Пятница,07:00,6,6,0,1,0,5,5
13694,hosp_covid_dis_covid_hours_for,94033,2022-04-01,Пятница,08:00,5,5,0,3,0,2,2
13695,hosp_covid_dis_covid_hours_for,94035,2022-04-01,Пятница,09:00,5,5,0,3,0,2,2
13696,hosp_covid_dis_covid_hours_for,94037,2022-04-01,Пятница,10:00,7,7,0,7,0,0,0
13697,hosp_covid_dis_covid_hours_for,94039,2022-04-01,Пятница,11:00,8,8,0,7,0,1,1
13698,hosp_covid_dis_covid_hours_for,94041,2022-04-01,Пятница,12:00,10,10,0,15,0,-5,-5
13699,hosp_covid_dis_covid_hours_for,94043,2022-04-01,Пятница,13:00,17,17,0,22,0,-5,-5
13700,hosp_covid_dis_covid_hours_for,94045,2022-04-01,Пятница,14:00,21,20,1,30,0,-9,-9
13701,hosp_covid_dis_covid_hours_for,94047,2022-04-01,Пятница,15:00,26,25,1,34,0,-8,-8
13702,hosp_covid_dis_covid_hours_for,94049,2022-04-01,Пятница,16:00,31,28,3,42,0,-11,-11
13703,hosp_covid_dis_covid_hours_for,94051,2022-04-01,Пятница,17:00,41,38,3,46,0,-5,-5
13704,hosp_covid_dis_covid_hours_for,94053,2022-04-01,Пятница,18:00,45,42,3,50,0,-5,-5
13705,hosp_covid_dis_covid_hours_for,94055,2022-04-01,Пятница,19:00,53,50,3,51,0,2,2
13706,hosp_covid_dis_covid_hours_for,94057,2022-04-01,Пятница,20:00,55,52,3,57,0,-2,-2
13707,hosp_covid_dis_covid_hours_for,94059,2022-04-01,Пятница,21:00,58,55,3,57,0,1,1
13708,hosp_covid_dis_covid_hours_for,94061,2022-04-01,Пятница,22:00,62,59,3,59,0,3,3
13709,hosp_covid_dis_covid_hours_for,94067,2022-04-01,Пятница,23:00,71,68,3,60,0,11,11
13710,hosp_covid_dis_covid_hours_for,94070,2022-04-02,Суббота,01:00,2,2,0,0,0,2,2
13711,hosp_covid_dis_covid_hours_for,94071,2022-04-01,Пятница,сутки,74,71,3,62,0,12,12
13712,hosp_covid_dis_covid_hours_for,94073,2022-04-02,Суббота,02:00,4,4,0,0,0,4,4
13713,hosp_covid_dis_covid_hours_for,94075,2022-04-02,Суббота,03:00,6,6,0,0,0,6,6
13714,hosp_covid_dis_covid_hours_for,94077,2022-04-02,Суббота,04:00,7,7,0,0,0,7,7
13715,hosp_covid_dis_covid_hours_for,94079,2022-04-02,Суббота,05:00,9,9,0,0,0,9,9
13716,hosp_covid_dis_covid_hours_for,94081,2022-04-02,Суббота,06:00,9,9,0,0,0,9,9
13717,hosp_covid_dis_covid_hours_for,94083,2022-04-02,Суббота,07:00,12,12,0,0,0,12,12
13718,hosp_covid_dis_covid_hours_for,94085,2022-04-02,Суббота,08:00,13,13,0,3,0,10,10
13719,hosp_covid_dis_covid_hours_for,94087,2022-04-02,Суббота,09:00,15,14,1,5,0,10,10
13720,hosp_covid_dis_covid_hours_for,94089,2022-04-02,Суббота,10:00,16,15,1,7,0,9,9
13721,hosp_covid_dis_covid_hours_for,94091,2022-04-02,Суббота,11:00,18,16,2,11,0,7,7
13722,hosp_covid_dis_covid_hours_for,94093,2022-04-02,Суббота,12:00,22,20,2,15,0,7,7
13723,hosp_covid_dis_covid_hours_for,94095,2022-04-02,Суббота,13:00,26,22,4,19,0,7,7
13724,hosp_covid_dis_covid_hours_for,94097,2022-04-02,Суббота,14:00,32,27,5,21,0,11,11
13725,hosp_covid_dis_covid_hours_for,94099,2022-04-02,Суббота,15:00,36,31,5,23,0,13,13
13726,hosp_covid_dis_covid_hours_for,94101,2022-04-02,Суббота,16:00,41,34,7,27,0,14,14
13727,hosp_covid_dis_covid_hours_for,94103,2022-04-02,Суббота,17:00,46,39,7,28,0,18,18
13728,hosp_covid_dis_covid_hours_for,94105,2022-04-02,Суббота,18:00,47,40,7,28,0,19,19
13729,hosp_covid_dis_covid_hours_for,94107,2022-04-02,Суббота,19:00,53,46,7,32,0,21,21
13730,hosp_covid_dis_covid_hours_for,94109,2022-04-02,Суббота,20:00,57,50,7,33,0,24,24
13731,hosp_covid_dis_covid_hours_for,94111,2022-04-02,Суббота,21:00,58,51,7,33,0,25,25
13732,hosp_covid_dis_covid_hours_for,94113,2022-04-02,Суббота,22:00,64,57,7,33,0,31,31
13733,hosp_covid_dis_covid_hours_for,94119,2022-04-02,Суббота,23:00,66,59,7,34,0,32,32
13734,hosp_covid_dis_covid_hours_for,94122,2022-04-03,Воскресенье,01:00,4,4,0,0,0,4,4
13735,hosp_covid_dis_covid_hours_for,94123,2022-04-02,Суббота,сутки,70,63,7,34,0,36,36
13736,hosp_covid_dis_covid_hours_for,94125,2022-04-03,Воскресенье,02:00,4,4,0,0,0,4,4
13737,hosp_covid_dis_covid_hours_for,94127,2022-04-03,Воскресенье,03:00,4,4,0,0,0,4,4
13738,hosp_covid_dis_covid_hours_for,94129,2022-04-03,Воскресенье,04:00,6,6,0,0,0,6,6
13739,hosp_covid_dis_covid_hours_for,94131,2022-04-03,Воскресенье,05:00,8,8,0,0,0,8,8
13740,hosp_covid_dis_covid_hours_for,94133,2022-04-03,Воскресенье,06:00,10,10,0,0,0,10,10
13741,hosp_covid_dis_covid_hours_for,94135,2022-04-03,Воскресенье,07:00,11,11,0,0,0,11,11
13742,hosp_covid_dis_covid_hours_for,94137,2022-04-03,Воскресенье,08:00,11,11,0,0,0,11,11
13743,hosp_covid_dis_covid_hours_for,94139,2022-04-03,Воскресенье,09:00,11,11,0,0,0,11,11
13744,hosp_covid_dis_covid_hours_for,94141,2022-04-03,Воскресенье,10:00,11,11,0,0,0,11,11
13745,hosp_covid_dis_covid_hours_for,94143,2022-04-03,Воскресенье,11:00,11,11,0,1,0,10,10
13746,hosp_covid_dis_covid_hours_for,94145,2022-04-03,Воскресенье,12:00,13,12,1,4,0,9,9
13747,hosp_covid_dis_covid_hours_for,94147,2022-04-03,Воскресенье,13:00,18,17,1,4,0,14,14
13748,hosp_covid_dis_covid_hours_for,94149,2022-04-03,Воскресенье,14:00,23,22,1,7,0,16,16
13749,hosp_covid_dis_covid_hours_for,94151,2022-04-03,Воскресенье,15:00,25,25,0,7,0,18,18
13750,hosp_covid_dis_covid_hours_for,94153,2022-04-03,Воскресенье,16:00,29,29,0,9,0,20,20
13751,hosp_covid_dis_covid_hours_for,94155,2022-04-03,Воскресенье,17:00,31,31,0,9,0,22,22
13752,hosp_covid_dis_covid_hours_for,94157,2022-04-03,Воскресенье,18:00,39,39,0,11,0,28,28
13753,hosp_covid_dis_covid_hours_for,94159,2022-04-03,Воскресенье,19:00,43,43,0,11,0,32,32
13754,hosp_covid_dis_covid_hours_for,94161,2022-04-03,Воскресенье,20:00,49,49,0,11,0,38,38
13755,hosp_covid_dis_covid_hours_for,94163,2022-04-03,Воскресенье,21:00,55,55,0,12,0,43,43
13756,hosp_covid_dis_covid_hours_for,94165,2022-04-03,Воскресенье,22:00,57,57,0,14,0,43,43
13757,hosp_covid_dis_covid_hours_for,94171,2022-04-03,Воскресенье,23:00,58,58,0,14,0,44,44
13758,hosp_covid_dis_covid_hours_for,94174,2022-04-04,Понедельник,01:00,1,1,0,0,0,1,1
13759,hosp_covid_dis_covid_hours_for,94175,2022-04-03,Воскресенье,сутки,61,61,0,14,0,47,47
13760,hosp_covid_dis_covid_hours_for,94177,2022-04-04,Понедельник,02:00,4,4,0,0,0,4,4
13761,hosp_covid_dis_covid_hours_for,94179,2022-04-04,Понедельник,03:00,5,5,0,0,0,5,5
13762,hosp_covid_dis_covid_hours_for,94181,2022-04-04,Понедельник,04:00,5,5,0,1,0,4,4
13763,hosp_covid_dis_covid_hours_for,94183,2022-04-04,Понедельник,05:00,5,5,0,1,0,4,4
13764,hosp_covid_dis_covid_hours_for,94185,2022-04-04,Понедельник,06:00,6,6,0,1,0,5,5
13765,hosp_covid_dis_covid_hours_for,94187,2022-04-04,Понедельник,07:00,9,7,2,2,0,7,7
13766,hosp_covid_dis_covid_hours_for,94189,2022-04-04,Понедельник,08:00,10,7,3,4,0,6,6
13767,hosp_covid_dis_covid_hours_for,94191,2022-04-04,Понедельник,09:00,11,8,3,5,0,6,6
13768,hosp_covid_dis_covid_hours_for,94193,2022-04-04,Понедельник,10:00,13,10,3,8,0,5,5
13769,hosp_covid_dis_covid_hours_for,94195,2022-04-04,Понедельник,11:00,15,12,3,13,0,2,2
13770,hosp_covid_dis_covid_hours_for,94197,2022-04-04,Понедельник,12:00,17,13,4,19,0,-2,-2
13771,hosp_covid_dis_covid_hours_for,94199,2022-04-04,Понедельник,13:00,24,20,4,32,0,-8,-8
13772,hosp_covid_dis_covid_hours_for,94201,2022-04-04,Понедельник,14:00,34,27,7,40,0,-6,-6
13773,hosp_covid_dis_covid_hours_for,94203,2022-04-04,Понедельник,15:00,43,36,7,43,0,0,0
13774,hosp_covid_dis_covid_hours_for,94205,2022-04-04,Понедельник,16:00,51,44,7,53,0,-2,-2
13775,hosp_covid_dis_covid_hours_for,94207,2022-04-04,Понедельник,17:00,54,47,7,56,0,-2,-2
13776,hosp_covid_dis_covid_hours_for,94209,2022-04-04,Понедельник,18:00,60,53,7,60,0,0,0
13777,hosp_covid_dis_covid_hours_for,94211,2022-04-04,Понедельник,19:00,66,59,7,72,0,-6,-6
13778,hosp_covid_dis_covid_hours_for,94213,2022-04-04,Понедельник,20:00,72,65,7,73,0,-1,-1
13779,hosp_covid_dis_covid_hours_for,94215,2022-04-04,Понедельник,21:00,80,73,7,76,0,4,4
13780,hosp_covid_dis_covid_hours_for,94217,2022-04-04,Понедельник,22:00,83,76,7,78,0,5,5
13781,hosp_covid_dis_covid_hours_for,94223,2022-04-04,Понедельник,23:00,86,79,7,78,0,8,8
13782,hosp_covid_dis_covid_hours_for,94226,2022-04-05,Вторник,01:00,2,2,0,0,0,2,2
13783,hosp_covid_dis_covid_hours_for,94227,2022-04-04,Понедельник,сутки,92,85,7,80,0,12,12
13784,hosp_covid_dis_covid_hours_for,94229,2022-04-05,Вторник,02:00,3,3,0,0,0,3,3
13785,hosp_covid_dis_covid_hours_for,94231,2022-04-05,Вторник,03:00,4,4,0,0,0,4,4
13786,hosp_covid_dis_covid_hours_for,94233,2022-04-05,Вторник,04:00,4,4,0,0,0,4,4
13787,hosp_covid_dis_covid_hours_for,94235,2022-04-05,Вторник,05:00,5,5,0,0,0,5,5
13788,hosp_covid_dis_covid_hours_for,94237,2022-04-05,Вторник,06:00,5,5,0,0,0,5,5
13789,hosp_covid_dis_covid_hours_for,94239,2022-04-05,Вторник,07:00,5,5,0,0,0,5,5
13790,hosp_covid_dis_covid_hours_for,94241,2022-04-05,Вторник,08:00,6,6,0,1,0,5,5
13791,hosp_covid_dis_covid_hours_for,94243,2022-04-05,Вторник,10:00,9,8,1,4,0,5,5
13792,hosp_covid_dis_covid_hours_for,94245,2022-04-05,Вторник,11:00,12,10,2,9,0,3,3
13793,hosp_covid_dis_covid_hours_for,94247,2022-04-05,Вторник,12:00,13,11,2,21,0,-8,-8
13794,hosp_covid_dis_covid_hours_for,94249,2022-04-05,Вторник,13:00,14,12,2,31,0,-17,-17
13795,hosp_covid_dis_covid_hours_for,94251,2022-04-05,Вторник,14:00,18,16,2,40,0,-22,-22
13796,hosp_covid_dis_covid_hours_for,94253,2022-04-05,Вторник,15:00,23,21,2,49,0,-26,-26
13797,hosp_covid_dis_covid_hours_for,94255,2022-04-05,Вторник,16:00,32,30,2,56,0,-24,-24
13798,hosp_covid_dis_covid_hours_for,94257,2022-04-05,Вторник,17:00,37,35,2,59,0,-22,-22
13799,hosp_covid_dis_covid_hours_for,94259,2022-04-05,Вторник,18:00,40,37,3,64,0,-24,-24
13800,hosp_covid_dis_covid_hours_for,94261,2022-04-05,Вторник,19:00,49,46,3,64,0,-15,-15
13801,hosp_covid_dis_covid_hours_for,94263,2022-04-05,Вторник,20:00,56,53,3,65,0,-9,-9
13802,hosp_covid_dis_covid_hours_for,94265,2022-04-05,Вторник,21:00,60,57,3,67,0,-7,-7
13803,hosp_covid_dis_covid_hours_for,94267,2022-04-05,Вторник,22:00,64,61,3,67,0,-3,-3
13804,hosp_covid_dis_covid_hours_for,94273,2022-04-05,Вторник,23:00,66,63,3,67,0,-1,-1
13805,hosp_covid_dis_covid_hours_for,94276,2022-04-06,Среда,01:00,3,3,0,0,0,3,3
13806,hosp_covid_dis_covid_hours_for,94277,2022-04-05,Вторник,сутки,71,68,3,70,0,1,1
13807,hosp_covid_dis_covid_hours_for,94279,2022-04-06,Среда,02:00,5,5,0,0,0,5,5
13808,hosp_covid_dis_covid_hours_for,94281,2022-04-06,Среда,03:00,6,6,0,1,0,5,5
13809,hosp_covid_dis_covid_hours_for,94283,2022-04-06,Среда,04:00,7,7,0,1,0,6,6
13810,hosp_covid_dis_covid_hours_for,94285,2022-04-06,Среда,05:00,10,10,0,1,0,9,9
13811,hosp_covid_dis_covid_hours_for,94287,2022-04-06,Среда,06:00,12,12,0,1,0,11,11
13812,hosp_covid_dis_covid_hours_for,94289,2022-04-06,Среда,07:00,12,12,0,3,0,9,9
13813,hosp_covid_dis_covid_hours_for,94291,2022-04-06,Среда,08:00,13,13,0,4,0,9,9
13814,hosp_covid_dis_covid_hours_for,94293,2022-04-06,Среда,09:00,13,13,0,4,0,9,9
13815,hosp_covid_dis_covid_hours_for,94295,2022-04-06,Среда,10:00,14,13,1,4,0,10,10
13816,hosp_covid_dis_covid_hours_for,94297,2022-04-06,Среда,11:00,16,14,2,6,0,10,10
13817,hosp_covid_dis_covid_hours_for,94299,2022-04-06,Среда,12:00,23,20,3,13,0,10,10
13818,hosp_covid_dis_covid_hours_for,94301,2022-04-06,Среда,13:00,28,25,3,17,0,11,11
13819,hosp_covid_dis_covid_hours_for,94303,2022-04-06,Среда,14:00,34,31,3,28,0,6,6
13820,hosp_covid_dis_covid_hours_for,94305,2022-04-06,Среда,15:00,44,40,4,34,0,10,10
13821,hosp_covid_dis_covid_hours_for,94307,2022-04-06,Среда,16:00,49,44,5,41,0,8,8
13822,hosp_covid_dis_covid_hours_for,94309,2022-04-06,Среда,17:00,63,56,7,43,0,20,20
13823,hosp_covid_dis_covid_hours_for,94311,2022-04-06,Среда,18:00,71,64,7,48,0,23,23
13824,hosp_covid_dis_covid_hours_for,94313,2022-04-06,Среда,19:00,79,72,7,48,0,31,31
13825,hosp_covid_dis_covid_hours_for,94315,2022-04-06,Среда,20:00,87,79,8,50,0,37,37
13826,hosp_covid_dis_covid_hours_for,94317,2022-04-06,Среда,21:00,91,83,8,51,0,40,40
13827,hosp_covid_dis_covid_hours_for,94319,2022-04-06,Среда,22:00,97,89,8,51,0,46,46
13828,hosp_covid_dis_covid_hours_for,94325,2022-04-06,Среда,23:00,104,96,8,51,0,53,53
13829,hosp_covid_dis_covid_hours_for,94328,2022-04-07,Четверг,01:00,2,2,0,0,0,2,2
13830,hosp_covid_dis_covid_hours_for,94329,2022-04-06,Среда,сутки,112,104,8,51,0,61,61
13831,hosp_covid_dis_covid_hours_for,94331,2022-04-07,Четверг,02:00,4,4,0,0,0,4,4
13832,hosp_covid_dis_covid_hours_for,94333,2022-04-07,Четверг,03:00,6,6,0,0,0,6,6
13833,hosp_covid_dis_covid_hours_for,94335,2022-04-07,Четверг,04:00,9,9,0,0,0,9,9
13834,hosp_covid_dis_covid_hours_for,94337,2022-04-07,Четверг,05:00,10,10,0,0,0,10,10
13835,hosp_covid_dis_covid_hours_for,94339,2022-04-07,Четверг,06:00,11,11,0,0,0,11,11
13836,hosp_covid_dis_covid_hours_for,94341,2022-04-07,Четверг,07:00,12,12,0,1,0,11,11
13837,hosp_covid_dis_covid_hours_for,94343,2022-04-07,Четверг,08:00,13,13,0,2,0,11,11
13838,hosp_covid_dis_covid_hours_for,94345,2022-04-07,Четверг,09:00,14,14,0,4,0,10,10
13839,hosp_covid_dis_covid_hours_for,94347,2022-04-07,Четверг,10:00,15,14,1,5,0,10,10
13840,hosp_covid_dis_covid_hours_for,94349,2022-04-07,Четверг,11:00,17,16,1,12,0,5,5
13841,hosp_covid_dis_covid_hours_for,94351,2022-04-07,Четверг,12:23,22,21,1,26,0,-4,-4
13842,hosp_covid_dis_covid_hours_for,94353,2022-04-07,Четверг,13:00,24,23,1,30,0,-6,-6
13843,hosp_covid_dis_covid_hours_for,94355,2022-04-07,Четверг,14:00,28,27,1,39,0,-11,-11
13844,hosp_covid_dis_covid_hours_for,94357,2022-04-07,Четверг,15:00,35,34,1,51,0,-16,-16
13845,hosp_covid_dis_covid_hours_for,94359,2022-04-07,Четверг,16:00,45,44,1,58,0,-13,-13
13846,hosp_covid_dis_covid_hours_for,94361,2022-04-07,Четверг,17:02,51,50,1,66,0,-15,-15
13847,hosp_covid_dis_covid_hours_for,94363,2022-04-07,Четверг,18:00,53,52,1,67,0,-14,-14
13848,hosp_covid_dis_covid_hours_for,94365,2022-04-07,Четверг,19:00,60,59,1,69,0,-9,-9
13849,hosp_covid_dis_covid_hours_for,94367,2022-04-07,Четверг,20:00,63,62,1,72,0,-9,-9
13850,hosp_covid_dis_covid_hours_for,94369,2022-04-07,Четверг,21:00,66,65,1,73,0,-7,-7
13851,hosp_covid_dis_covid_hours_for,94371,2022-04-07,Четверг,22:01,69,68,1,73,0,-4,-4
13852,hosp_covid_dis_covid_hours_for,94375,2022-04-07,Четверг,23:00,74,73,1,74,0,0,0
13853,hosp_covid_dis_covid_hours_for,94377,2022-04-08,Пятница,01:00,3,2,1,0,0,3,3
13854,hosp_covid_dis_covid_hours_for,94378,2022-04-07,Четверг,сутки,80,79,1,77,0,3,3
13855,hosp_covid_dis_covid_hours_for,94380,2022-04-08,Пятница,02:00,6,5,1,0,0,6,6
13856,hosp_covid_dis_covid_hours_for,94382,2022-04-08,Пятница,03:00,7,6,1,1,0,6,6
13857,hosp_covid_dis_covid_hours_for,94384,2022-04-08,Пятница,04:00,7,6,1,1,0,6,6
13858,hosp_covid_dis_covid_hours_for,94386,2022-04-08,Пятница,05:01,10,9,1,1,0,9,9
13859,hosp_covid_dis_covid_hours_for,94388,2022-04-08,Пятница,06:00,12,11,1,1,0,11,11
13860,hosp_covid_dis_covid_hours_for,94390,2022-04-08,Пятница,07:01,13,12,1,0,0,13,13
13861,hosp_covid_dis_covid_hours_for,94392,2022-04-08,Пятница,08:01,14,13,1,1,0,13,13
13862,hosp_covid_dis_covid_hours_for,94394,2022-04-08,Пятница,09:01,14,13,1,4,0,10,10
13863,hosp_covid_dis_covid_hours_for,94396,2022-04-08,Пятница,10:01,14,13,1,6,0,8,8
13864,hosp_covid_dis_covid_hours_for,94398,2022-04-08,Пятница,11:00,14,13,1,12,0,2,2
13865,hosp_covid_dis_covid_hours_for,94400,2022-04-08,Пятница,12:00,18,17,1,22,0,-4,-4
13866,hosp_covid_dis_covid_hours_for,94402,2022-04-08,Пятница,13:00,26,23,3,31,0,-5,-5
13867,hosp_covid_dis_covid_hours_for,94404,2022-04-08,Пятница,15:00,42,38,4,49,0,-7,-7
13868,hosp_covid_dis_covid_hours_for,94406,2022-04-08,Пятница,17:01,61,56,5,65,0,-4,-4
13869,hosp_covid_dis_covid_hours_for,94408,2022-04-08,Пятница,18:01,73,68,5,65,0,8,8
13870,hosp_covid_dis_covid_hours_for,94410,2022-04-08,Пятница,19:00,80,75,5,67,0,13,13
13871,hosp_covid_dis_covid_hours_for,94412,2022-04-08,Пятница,20:01,86,80,6,68,0,18,18
13872,hosp_covid_dis_covid_hours_for,94414,2022-04-08,Пятница,21:01,91,85,6,73,0,18,18
13873,hosp_covid_dis_covid_hours_for,94416,2022-04-08,Пятница,22:00,98,92,6,75,0,23,23
13874,hosp_covid_dis_covid_hours_for,94420,2022-04-08,Пятница,23:00,102,96,6,76,0,26,26
13875,hosp_covid_dis_covid_hours_for,94423,2022-04-09,Суббота,00:05,0,0,0,0,0,0,0
13876,hosp_covid_dis_covid_hours_for,94425,2022-04-09,Суббота,01:00,1,1,0,0,0,1,1
13877,hosp_covid_dis_covid_hours_for,94426,2022-04-08,Пятница,сутки,107,101,6,80,0,27,27
13878,hosp_covid_dis_covid_hours_for,94428,2022-04-09,Суббота,02:00,5,5,0,0,0,5,5
13879,hosp_covid_dis_covid_hours_for,94430,2022-04-09,Суббота,03:00,6,6,0,1,0,5,5
13880,hosp_covid_dis_covid_hours_for,94432,2022-04-09,Суббота,04:00,7,7,0,2,0,5,5
13881,hosp_covid_dis_covid_hours_for,94434,2022-04-09,Суббота,06:00,7,7,0,4,0,3,3
13882,hosp_covid_dis_covid_hours_for,94436,2022-04-09,Суббота,07:00,7,7,0,4,0,3,3
13883,hosp_covid_dis_covid_hours_for,94438,2022-04-09,Суббота,08:01,7,7,0,4,0,3,3
13884,hosp_covid_dis_covid_hours_for,94440,2022-04-09,Суббота,09:00,7,7,0,4,0,3,3
13885,hosp_covid_dis_covid_hours_for,94442,2022-04-09,Суббота,10:00,9,9,0,8,0,1,1
13886,hosp_covid_dis_covid_hours_for,94444,2022-04-09,Суббота,11:00,9,9,0,13,0,-4,-4
13887,hosp_covid_dis_covid_hours_for,94446,2022-04-09,Суббота,12:02,12,12,0,23,0,-11,-11
13888,hosp_covid_dis_covid_hours_for,94448,2022-04-09,Суббота,13:00,18,17,1,37,0,-19,-19
13889,hosp_covid_dis_covid_hours_for,94450,2022-04-09,Суббота,14:01,27,26,1,48,0,-21,-21
13890,hosp_covid_dis_covid_hours_for,94452,2022-04-09,Суббота,15:01,29,28,1,54,0,-25,-25
13891,hosp_covid_dis_covid_hours_for,94454,2022-04-09,Суббота,16:01,42,41,1,56,0,-14,-14
13892,hosp_covid_dis_covid_hours_for,94456,2022-04-09,Суббота,17:01,48,47,1,58,0,-10,-10
13893,hosp_covid_dis_covid_hours_for,94458,2022-04-09,Суббота,18:01,51,50,1,60,0,-9,-9
13894,hosp_covid_dis_covid_hours_for,94460,2022-04-09,Суббота,19:00,58,57,1,64,0,-6,-6
13895,hosp_covid_dis_covid_hours_for,94462,2022-04-09,Суббота,20:00,63,62,1,64,0,-1,-1
13896,hosp_covid_dis_covid_hours_for,94464,2022-04-09,Суббота,21:00,68,67,1,66,0,2,2
13897,hosp_covid_dis_covid_hours_for,94468,2022-04-09,Суббота,22:00,73,72,1,67,0,6,6
13898,hosp_covid_dis_covid_hours_for,94469,2022-04-09,Суббота,сутки,84,83,1,68,0,16,16
13899,hosp_covid_dis_covid_hours_for,94471,2022-04-10,Воскресенье,00:09,0,0,0,0,0,0,0
13900,hosp_covid_dis_covid_hours_for,94473,2022-04-10,Воскресенье,02:00,3,3,0,0,0,3,3
13901,hosp_covid_dis_covid_hours_for,94475,2022-04-10,Воскресенье,03:00,6,6,0,1,0,5,5
13902,hosp_covid_dis_covid_hours_for,94477,2022-04-10,Воскресенье,04:00,9,9,0,2,0,7,7
13903,hosp_covid_dis_covid_hours_for,94479,2022-04-10,Воскресенье,05:00,9,9,0,3,0,6,6
13904,hosp_covid_dis_covid_hours_for,94481,2022-04-10,Воскресенье,06:00,11,11,0,3,0,8,8
13905,hosp_covid_dis_covid_hours_for,94483,2022-04-10,Воскресенье,07:00,13,13,0,3,0,10,10
13906,hosp_covid_dis_covid_hours_for,94485,2022-04-10,Воскресенье,08:00,13,13,0,3,0,10,10
13907,hosp_covid_dis_covid_hours_for,94487,2022-04-10,Воскресенье,09:00,13,13,0,5,0,8,8
13908,hosp_covid_dis_covid_hours_for,94489,2022-04-10,Воскресенье,11:00,16,16,0,10,0,6,6
13909,hosp_covid_dis_covid_hours_for,94491,2022-04-10,Воскресенье,12:01,20,20,0,10,0,10,10
13910,hosp_covid_dis_covid_hours_for,94493,2022-04-10,Воскресенье,13:01,26,25,1,14,0,12,12
13911,hosp_covid_dis_covid_hours_for,94495,2022-04-10,Воскресенье,14:00,29,28,1,17,0,12,12
13912,hosp_covid_dis_covid_hours_for,94497,2022-04-10,Воскресенье,15:00,33,32,1,24,0,9,9
13913,hosp_covid_dis_covid_hours_for,94499,2022-04-10,Воскресенье,16:00,40,39,1,27,0,13,13
13914,hosp_covid_dis_covid_hours_for,94501,2022-04-10,Воскресенье,18:02,48,46,2,32,0,16,16
13915,hosp_covid_dis_covid_hours_for,94503,2022-04-10,Воскресенье,19:01,51,49,2,32,0,19,19
13916,hosp_covid_dis_covid_hours_for,94505,2022-04-10,Воскресенье,20:00,54,52,2,32,0,22,22
13917,hosp_covid_dis_covid_hours_for,94507,2022-04-10,Воскресенье,21:00,55,53,2,33,0,22,22
13918,hosp_covid_dis_covid_hours_for,94509,2022-04-10,Воскресенье,22:01,60,58,2,33,0,27,27
13919,hosp_covid_dis_covid_hours_for,94513,2022-04-10,Воскресенье,23:00,68,66,2,33,0,35,35
13920,hosp_covid_dis_covid_hours_for,94516,2022-04-11,Понедельник,01:00,0,0,0,0,0,0,0
13921,hosp_covid_dis_covid_hours_for,94517,2022-04-10,Воскресенье,сутки,74,72,2,33,0,41,41
13922,hosp_covid_dis_covid_hours_for,94519,2022-04-11,Понедельник,02:00,0,0,0,0,0,0,0
13923,hosp_covid_dis_covid_hours_for,94521,2022-04-11,Понедельник,03:00,1,1,0,0,0,1,1
13924,hosp_covid_dis_covid_hours_for,94523,2022-04-11,Понедельник,04:00,1,1,0,0,0,1,1
13925,hosp_covid_dis_covid_hours_for,94525,2022-04-11,Понедельник,05:00,3,3,0,0,0,3,3
13926,hosp_covid_dis_covid_hours_for,94527,2022-04-11,Понедельник,06:00,3,3,0,0,0,3,3
13927,hosp_covid_dis_covid_hours_for,94529,2022-04-11,Понедельник,07:01,3,3,0,1,0,2,2
13928,hosp_covid_dis_covid_hours_for,94531,2022-04-11,Понедельник,08:00,3,3,0,2,0,1,1
13929,hosp_covid_dis_covid_hours_for,94533,2022-04-11,Понедельник,09:00,5,5,0,4,0,1,1
13930,hosp_covid_dis_covid_hours_for,94535,2022-04-11,Понедельник,10:00,6,6,0,4,0,2,2
13931,hosp_covid_dis_covid_hours_for,94537,2022-04-11,Понедельник,11:00,7,7,0,8,0,-1,-1
13932,hosp_covid_dis_covid_hours_for,94539,2022-04-11,Понедельник,12:00,11,11,0,11,0,0,0
13933,hosp_covid_dis_covid_hours_for,94541,2022-04-11,Понедельник,13:00,17,17,0,18,0,-1,-1
13934,hosp_covid_dis_covid_hours_for,94543,2022-04-11,Понедельник,14:00,25,25,0,36,0,-11,-11
13935,hosp_covid_dis_covid_hours_for,94545,2022-04-11,Понедельник,15:00,36,35,1,42,0,-6,-6
13936,hosp_covid_dis_covid_hours_for,94547,2022-04-11,Понедельник,16:00,43,41,2,56,0,-13,-13
13937,hosp_covid_dis_covid_hours_for,94549,2022-04-11,Понедельник,17:00,50,48,2,67,0,-17,-17
13938,hosp_covid_dis_covid_hours_for,94551,2022-04-11,Понедельник,18:00,59,56,3,67,0,-8,-8
13939,hosp_covid_dis_covid_hours_for,94553,2022-04-11,Понедельник,19:00,64,61,3,71,0,-7,-7
13940,hosp_covid_dis_covid_hours_for,94555,2022-04-11,Понедельник,20:00,68,65,3,73,0,-5,-5
13941,hosp_covid_dis_covid_hours_for,94557,2022-04-11,Понедельник,21:00,71,68,3,73,0,-2,-2
13942,hosp_covid_dis_covid_hours_for,94559,2022-04-11,Понедельник,22:00,77,74,3,73,0,4,4
13943,hosp_covid_dis_covid_hours_for,94565,2022-04-11,Понедельник,23:00,81,78,3,73,0,8,8
13944,hosp_covid_dis_covid_hours_for,94568,2022-04-12,Вторник,01:00,5,5,0,0,0,5,5
13945,hosp_covid_dis_covid_hours_for,94569,2022-04-11,Понедельник,сутки,87,84,3,73,0,14,14
13946,hosp_covid_dis_covid_hours_for,94571,2022-04-12,Вторник,02:00,6,6,0,0,0,6,6
13947,hosp_covid_dis_covid_hours_for,94573,2022-04-12,Вторник,03:00,7,7,0,1,0,6,6
13948,hosp_covid_dis_covid_hours_for,94575,2022-04-12,Вторник,04:00,7,7,0,1,0,6,6
13949,hosp_covid_dis_covid_hours_for,94577,2022-04-12,Вторник,05:00,9,9,0,1,0,8,8
13950,hosp_covid_dis_covid_hours_for,94579,2022-04-12,Вторник,06:00,10,10,0,1,0,9,9
13951,hosp_covid_dis_covid_hours_for,94581,2022-04-12,Вторник,07:00,10,10,0,1,0,9,9
13952,hosp_covid_dis_covid_hours_for,94583,2022-04-12,Вторник,08:00,10,10,0,2,0,8,8
13953,hosp_covid_dis_covid_hours_for,94585,2022-04-12,Вторник,09:00,9,9,0,7,0,2,2
13954,hosp_covid_dis_covid_hours_for,94587,2022-04-12,Вторник,10:00,9,9,0,13,0,-4,-4
13955,hosp_covid_dis_covid_hours_for,94589,2022-04-12,Вторник,11:00,11,11,0,17,0,-6,-6
13956,hosp_covid_dis_covid_hours_for,94591,2022-04-12,Вторник,12:00,16,16,0,29,0,-13,-13
13957,hosp_covid_dis_covid_hours_for,94593,2022-04-12,Вторник,13:00,21,21,0,36,0,-15,-15
13958,hosp_covid_dis_covid_hours_for,94595,2022-04-12,Вторник,14:00,30,30,0,47,0,-17,-17
13959,hosp_covid_dis_covid_hours_for,94597,2022-04-12,Вторник,15:00,33,33,0,62,0,-29,-29
13960,hosp_covid_dis_covid_hours_for,94599,2022-04-12,Вторник,16:00,37,35,2,73,0,-36,-36
13961,hosp_covid_dis_covid_hours_for,94601,2022-04-12,Вторник,17:00,47,45,2,82,0,-35,-35
13962,hosp_covid_dis_covid_hours_for,94603,2022-04-12,Вторник,18:00,56,54,2,87,0,-31,-31
13963,hosp_covid_dis_covid_hours_for,94605,2022-04-12,Вторник,19:00,60,57,3,89,0,-29,-29
13964,hosp_covid_dis_covid_hours_for,94607,2022-04-12,Вторник,20:00,66,63,3,90,0,-24,-24
13965,hosp_covid_dis_covid_hours_for,94609,2022-04-12,Вторник,21:00,67,64,3,93,0,-26,-26
13966,hosp_covid_dis_covid_hours_for,94611,2022-04-12,Вторник,22:00,73,70,3,94,0,-21,-21
13967,hosp_covid_dis_covid_hours_for,94617,2022-04-12,Вторник,23:00,80,77,3,96,0,-16,-16
13968,hosp_covid_dis_covid_hours_for,94620,2022-04-13,Среда,01:00,0,0,0,0,0,0,0
13969,hosp_covid_dis_covid_hours_for,94621,2022-04-12,Вторник,сутки,85,82,3,97,0,-12,-12
13970,hosp_covid_dis_covid_hours_for,94623,2022-04-13,Среда,02:00,1,1,0,0,0,1,1
13971,hosp_covid_dis_covid_hours_for,94625,2022-04-13,Среда,03:00,3,3,0,0,0,3,3
13972,hosp_covid_dis_covid_hours_for,94627,2022-04-13,Среда,04:00,3,3,0,0,0,3,3
13973,hosp_covid_dis_covid_hours_for,94629,2022-04-13,Среда,05:00,4,4,0,0,0,4,4
13974,hosp_covid_dis_covid_hours_for,94631,2022-04-13,Среда,06:00,5,5,0,0,0,5,5
13975,hosp_covid_dis_covid_hours_for,94633,2022-04-13,Среда,07:00,6,6,0,0,0,6,6
13976,hosp_covid_dis_covid_hours_for,94635,2022-04-13,Среда,08:00,6,6,0,0,0,6,6
13977,hosp_covid_dis_covid_hours_for,94637,2022-04-13,Среда,09:00,6,6,0,1,0,5,5
13978,hosp_covid_dis_covid_hours_for,94639,2022-04-13,Среда,10:00,6,6,0,7,0,-1,-1
13979,hosp_covid_dis_covid_hours_for,94641,2022-04-13,Среда,11:00,8,8,0,23,0,-15,-15
13980,hosp_covid_dis_covid_hours_for,94643,2022-04-13,Среда,12:00,12,12,0,37,0,-25,-25
13981,hosp_covid_dis_covid_hours_for,94645,2022-04-13,Среда,13:00,16,16,0,49,0,-33,-33
13982,hosp_covid_dis_covid_hours_for,94647,2022-04-13,Среда,14:00,24,23,1,60,0,-36,-36
13983,hosp_covid_dis_covid_hours_for,94649,2022-04-13,Среда,15:00,35,33,2,74,0,-39,-39
13984,hosp_covid_dis_covid_hours_for,94651,2022-04-13,Среда,16:00,41,39,2,79,0,-38,-38
13985,hosp_covid_dis_covid_hours_for,94653,2022-04-13,Среда,17:00,45,43,2,82,0,-37,-37
13986,hosp_covid_dis_covid_hours_for,94655,2022-04-13,Среда,18:00,52,50,2,83,0,-31,-31
13987,hosp_covid_dis_covid_hours_for,94657,2022-04-13,Среда,19:00,58,55,3,84,0,-26,-26
13988,hosp_covid_dis_covid_hours_for,94659,2022-04-13,Среда,20:00,66,63,3,89,0,-23,-23
13989,hosp_covid_dis_covid_hours_for,94661,2022-04-13,Среда,21:00,73,70,3,89,0,-16,-16
13990,hosp_covid_dis_covid_hours_for,94663,2022-04-13,Среда,22:00,79,76,3,91,0,-12,-12
13991,hosp_covid_dis_covid_hours_for,94669,2022-04-13,Среда,23:00,84,81,3,92,0,-8,-8
13992,hosp_covid_dis_covid_hours_for,94672,2022-04-14,Четверг,01:00,3,3,0,0,0,3,3
13993,hosp_covid_dis_covid_hours_for,94673,2022-04-13,Среда,сутки,89,86,3,93,0,-4,-4
13994,hosp_covid_dis_covid_hours_for,94675,2022-04-14,Четверг,02:00,6,6,0,1,0,5,5
13995,hosp_covid_dis_covid_hours_for,94677,2022-04-14,Четверг,03:00,8,8,0,1,0,7,7
13996,hosp_covid_dis_covid_hours_for,94679,2022-04-14,Четверг,04:00,9,9,0,1,0,8,8
13997,hosp_covid_dis_covid_hours_for,94681,2022-04-14,Четверг,05:00,9,9,0,1,0,8,8
13998,hosp_covid_dis_covid_hours_for,94683,2022-04-14,Четверг,06:00,10,10,0,1,0,9,9
13999,hosp_covid_dis_covid_hours_for,94685,2022-04-14,Четверг,07:00,11,11,0,1,0,10,10
14000,hosp_covid_dis_covid_hours_for,94687,2022-04-14,Четверг,08:00,12,12,0,2,0,10,10
14001,hosp_covid_dis_covid_hours_for,94689,2022-04-14,Четверг,09:00,12,12,0,2,0,10,10
14002,hosp_covid_dis_covid_hours_for,94691,2022-04-14,Четверг,10:00,15,14,1,7,0,8,8
14003,hosp_covid_dis_covid_hours_for,94693,2022-04-14,Четверг,11:00,14,13,1,12,0,2,2
14004,hosp_covid_dis_covid_hours_for,94695,2022-04-14,Четверг,12:00,16,15,1,23,0,-7,-7
14005,hosp_covid_dis_covid_hours_for,94697,2022-04-14,Четверг,13:00,18,17,1,35,0,-17,-17
14006,hosp_covid_dis_covid_hours_for,94699,2022-04-14,Четверг,14:00,22,21,1,46,0,-24,-24
14007,hosp_covid_dis_covid_hours_for,94701,2022-04-14,Четверг,15:00,26,25,1,61,0,-35,-35
14008,hosp_covid_dis_covid_hours_for,94703,2022-04-14,Четверг,16:00,30,29,1,68,0,-38,-38
14009,hosp_covid_dis_covid_hours_for,94705,2022-04-14,Четверг,17:00,34,32,2,68,0,-34,-34
14010,hosp_covid_dis_covid_hours_for,94707,2022-04-14,Четверг,18:11,39,37,2,70,0,-31,-31
14011,hosp_covid_dis_covid_hours_for,94709,2022-04-14,Четверг,19:28,47,44,3,73,0,-26,-26
14012,hosp_covid_dis_covid_hours_for,94711,2022-04-14,Четверг,20:00,53,50,3,73,0,-20,-20
14013,hosp_covid_dis_covid_hours_for,94713,2022-04-14,Четверг,21:00,56,53,3,73,0,-17,-17
14014,hosp_covid_dis_covid_hours_for,94715,2022-04-14,Четверг,22:00,60,57,3,73,0,-13,-13
14015,hosp_covid_dis_covid_hours_for,94721,2022-04-14,Четверг,23:00,62,59,3,75,0,-13,-13
14016,hosp_covid_dis_covid_hours_for,94724,2022-04-15,Пятница,01:00,0,0,0,0,0,0,0
14017,hosp_covid_dis_covid_hours_for,94725,2022-04-14,Четверг,сутки,63,60,3,75,0,-12,-12
14018,hosp_covid_dis_covid_hours_for,94727,2022-04-15,Пятница,02:00,0,0,0,1,0,-1,-1
14019,hosp_covid_dis_covid_hours_for,94729,2022-04-15,Пятница,03:00,2,2,0,1,0,1,1
14020,hosp_covid_dis_covid_hours_for,94731,2022-04-15,Пятница,04:00,3,3,0,1,0,2,2
14021,hosp_covid_dis_covid_hours_for,94733,2022-04-15,Пятница,05:00,3,3,0,1,0,2,2
14022,hosp_covid_dis_covid_hours_for,94735,2022-04-15,Пятница,06:00,3,3,0,1,0,2,2
14023,hosp_covid_dis_covid_hours_for,94737,2022-04-15,Пятница,07:00,4,4,0,1,0,3,3
14024,hosp_covid_dis_covid_hours_for,94739,2022-04-15,Пятница,08:00,4,4,0,3,0,1,1
14025,hosp_covid_dis_covid_hours_for,94741,2022-04-15,Пятница,09:00,5,4,1,7,0,-2,-2
14026,hosp_covid_dis_covid_hours_for,94743,2022-04-15,Пятница,10:00,6,5,1,13,0,-7,-7
14027,hosp_covid_dis_covid_hours_for,94745,2022-04-15,Пятница,11:00,7,6,1,21,0,-14,-14
14028,hosp_covid_dis_covid_hours_for,94747,2022-04-15,Пятница,12:00,8,7,1,35,0,-27,-27
14029,hosp_covid_dis_covid_hours_for,94749,2022-04-15,Пятница,13:00,17,16,1,45,0,-28,-28
14030,hosp_covid_dis_covid_hours_for,94751,2022-04-15,Пятница,14:00,24,21,3,54,0,-30,-30
14031,hosp_covid_dis_covid_hours_for,94753,2022-04-15,Пятница,15:00,34,31,3,61,0,-27,-27
14032,hosp_covid_dis_covid_hours_for,94755,2022-04-15,Пятница,16:00,40,36,4,71,0,-31,-31
14033,hosp_covid_dis_covid_hours_for,94757,2022-04-15,Пятница,17:00,45,41,4,83,0,-38,-38
14034,hosp_covid_dis_covid_hours_for,94759,2022-04-15,Пятница,18:00,54,50,4,91,0,-37,-37
14035,hosp_covid_dis_covid_hours_for,94761,2022-04-15,Пятница,19:00,57,53,4,96,0,-39,-39
14036,hosp_covid_dis_covid_hours_for,94763,2022-04-15,Пятница,20:00,62,58,4,98,0,-36,-36
14037,hosp_covid_dis_covid_hours_for,94765,2022-04-15,Пятница,21:00,67,63,4,101,0,-34,-34
14038,hosp_covid_dis_covid_hours_for,94767,2022-04-15,Пятница,22:00,70,66,4,102,0,-32,-32
14039,hosp_covid_dis_covid_hours_for,94773,2022-04-15,Пятница,23:00,75,71,4,102,0,-27,-27
14040,hosp_covid_dis_covid_hours_for,94776,2022-04-16,Суббота,01:00,2,2,0,0,0,2,2
14041,hosp_covid_dis_covid_hours_for,94777,2022-04-15,Пятница,сутки,78,73,5,102,0,-24,-24
14042,hosp_covid_dis_covid_hours_for,94779,2022-04-16,Суббота,02:00,8,8,0,0,0,8,8
14043,hosp_covid_dis_covid_hours_for,94781,2022-04-16,Суббота,03:00,11,11,0,1,0,10,10
14044,hosp_covid_dis_covid_hours_for,94783,2022-04-16,Суббота,04:00,13,13,0,2,0,11,11
14045,hosp_covid_dis_covid_hours_for,94785,2022-04-16,Суббота,05:00,16,16,0,2,0,14,14
14046,hosp_covid_dis_covid_hours_for,94787,2022-04-16,Суббота,06:00,16,16,0,2,0,14,14
14047,hosp_covid_dis_covid_hours_for,94789,2022-04-16,Суббота,07:00,18,18,0,2,0,16,16
14048,hosp_covid_dis_covid_hours_for,94791,2022-04-16,Суббота,08:00,18,18,0,4,0,14,14
14049,hosp_covid_dis_covid_hours_for,94793,2022-04-16,Суббота,21:18,71,68,3,62,0,9,9
14050,hosp_covid_dis_covid_hours_for,94799,2022-04-16,Суббота,23:47,80,77,3,64,0,16,16
14051,hosp_covid_dis_covid_hours_for,94802,2022-04-17,Воскресенье,01:00,2,2,0,0,0,2,2
14052,hosp_covid_dis_covid_hours_for,94803,2022-04-16,Суббота,сутки,81,78,3,64,0,17,17
14053,hosp_covid_dis_covid_hours_for,94805,2022-04-17,Воскресенье,02:00,2,2,0,0,0,2,2
14054,hosp_covid_dis_covid_hours_for,94807,2022-04-17,Воскресенье,03:00,6,6,0,0,0,6,6
14055,hosp_covid_dis_covid_hours_for,94809,2022-04-17,Воскресенье,04:00,7,7,0,0,0,7,7
14056,hosp_covid_dis_covid_hours_for,94811,2022-04-17,Воскресенье,05:00,8,8,0,0,0,8,8
14057,hosp_covid_dis_covid_hours_for,94813,2022-04-17,Воскресенье,06:00,9,9,0,0,0,9,9
14058,hosp_covid_dis_covid_hours_for,94815,2022-04-17,Воскресенье,07:00,10,10,0,2,0,8,8
14059,hosp_covid_dis_covid_hours_for,94817,2022-04-17,Воскресенье,08:00,10,10,0,4,0,6,6
14060,hosp_covid_dis_covid_hours_for,94819,2022-04-17,Воскресенье,09:00,11,11,0,5,0,6,6
14061,hosp_covid_dis_covid_hours_for,94821,2022-04-17,Воскресенье,10:00,11,11,0,7,0,4,4
14062,hosp_covid_dis_covid_hours_for,94823,2022-04-17,Воскресенье,11:00,11,11,0,12,0,-1,-1
14063,hosp_covid_dis_covid_hours_for,94825,2022-04-17,Воскресенье,12:00,15,15,0,14,0,1,1
14064,hosp_covid_dis_covid_hours_for,94827,2022-04-17,Воскресенье,13:00,22,21,1,23,0,-1,-1
14065,hosp_covid_dis_covid_hours_for,94829,2022-04-17,Воскресенье,14:00,25,24,1,29,0,-4,-4
14066,hosp_covid_dis_covid_hours_for,94831,2022-04-17,Воскресенье,15:00,29,28,1,34,0,-5,-5
14067,hosp_covid_dis_covid_hours_for,94833,2022-04-17,Воскресенье,16:00,31,30,1,40,0,-9,-9
14068,hosp_covid_dis_covid_hours_for,94835,2022-04-17,Воскресенье,17:00,35,33,2,42,0,-7,-7
14069,hosp_covid_dis_covid_hours_for,94837,2022-04-17,Воскресенье,18:00,35,33,2,42,0,-7,-7
14070,hosp_covid_dis_covid_hours_for,94839,2022-04-17,Воскресенье,19:00,38,36,2,42,0,-4,-4
14071,hosp_covid_dis_covid_hours_for,94841,2022-04-17,Воскресенье,20:00,40,38,2,43,0,-3,-3
14072,hosp_covid_dis_covid_hours_for,94843,2022-04-17,Воскресенье,21:00,46,43,3,44,0,2,2
14073,hosp_covid_dis_covid_hours_for,94845,2022-04-17,Воскресенье,22:00,49,46,3,46,0,3,3
14074,hosp_covid_dis_covid_hours_for,94851,2022-04-17,Воскресенье,23:00,53,50,3,48,0,5,5
14075,hosp_covid_dis_covid_hours_for,94854,2022-04-18,Понедельник,01:00,0,0,0,1,0,-1,-1
14076,hosp_covid_dis_covid_hours_for,94855,2022-04-17,Воскресенье,сутки,56,53,3,49,0,7,7
14077,hosp_covid_dis_covid_hours_for,94857,2022-04-18,Понедельник,02:00,0,0,0,1,0,-1,-1
14078,hosp_covid_dis_covid_hours_for,94859,2022-04-18,Понедельник,03:00,1,1,0,1,0,0,0
14079,hosp_covid_dis_covid_hours_for,94861,2022-04-18,Понедельник,04:00,2,2,0,1,0,1,1
14080,hosp_covid_dis_covid_hours_for,94863,2022-04-18,Понедельник,05:00,2,2,0,1,0,1,1
14081,hosp_covid_dis_covid_hours_for,94865,2022-04-18,Понедельник,06:00,2,2,0,1,0,1,1
14082,hosp_covid_dis_covid_hours_for,94867,2022-04-18,Понедельник,07:00,2,2,0,1,0,1,1
14083,hosp_covid_dis_covid_hours_for,94869,2022-04-18,Понедельник,08:00,2,2,0,3,0,-1,-1
14084,hosp_covid_dis_covid_hours_for,94871,2022-04-18,Понедельник,09:00,3,3,0,6,0,-3,-3
14085,hosp_covid_dis_covid_hours_for,94873,2022-04-18,Понедельник,10:00,4,4,0,9,0,-5,-5
14086,hosp_covid_dis_covid_hours_for,94875,2022-04-18,Понедельник,11:00,4,4,0,13,0,-9,-9
14087,hosp_covid_dis_covid_hours_for,94877,2022-04-18,Понедельник,12:00,8,8,0,20,0,-12,-12
14088,hosp_covid_dis_covid_hours_for,94879,2022-04-18,Понедельник,13:00,15,15,0,26,0,-11,-11
14089,hosp_covid_dis_covid_hours_for,94881,2022-04-18,Понедельник,14:00,19,18,1,37,0,-18,-18
14090,hosp_covid_dis_covid_hours_for,94883,2022-04-18,Понедельник,15:00,26,24,2,53,0,-27,-27
14091,hosp_covid_dis_covid_hours_for,94885,2022-04-18,Понедельник,16:00,33,31,2,63,0,-30,-30
14092,hosp_covid_dis_covid_hours_for,94887,2022-04-18,Понедельник,17:00,41,39,2,68,0,-27,-27
14093,hosp_covid_dis_covid_hours_for,94889,2022-04-18,Понедельник,18:00,46,44,2,74,0,-28,-28
14094,hosp_covid_dis_covid_hours_for,94891,2022-04-18,Понедельник,19:00,51,49,2,77,0,-26,-26
14095,hosp_covid_dis_covid_hours_for,94893,2022-04-18,Понедельник,20:00,53,51,2,81,0,-28,-28
14096,hosp_covid_dis_covid_hours_for,94895,2022-04-18,Понедельник,21:00,60,58,2,82,0,-22,-22
14097,hosp_covid_dis_covid_hours_for,94897,2022-04-18,Понедельник,22:00,66,64,2,84,0,-18,-18
14098,hosp_covid_dis_covid_hours_for,94903,2022-04-18,Понедельник,23:00,67,65,2,84,0,-17,-17
14099,hosp_covid_dis_covid_hours_for,94906,2022-04-19,Вторник,01:00,1,1,0,0,0,1,1
14100,hosp_covid_dis_covid_hours_for,94907,2022-04-18,Понедельник,сутки,77,75,2,88,0,-11,-11
14101,hosp_covid_dis_covid_hours_for,94909,2022-04-19,Вторник,02:00,2,2,0,0,0,2,2
14102,hosp_covid_dis_covid_hours_for,94911,2022-04-19,Вторник,03:00,2,2,0,0,0,2,2
14103,hosp_covid_dis_covid_hours_for,94913,2022-04-19,Вторник,04:00,2,2,0,0,0,2,2
14104,hosp_covid_dis_covid_hours_for,94915,2022-04-19,Вторник,05:00,3,3,0,0,0,3,3
14105,hosp_covid_dis_covid_hours_for,94917,2022-04-19,Вторник,06:00,3,3,0,1,0,2,2
14106,hosp_covid_dis_covid_hours_for,94919,2022-04-19,Вторник,07:00,3,3,0,2,0,1,1
14107,hosp_covid_dis_covid_hours_for,94921,2022-04-19,Вторник,08:00,3,3,0,3,0,0,0
14108,hosp_covid_dis_covid_hours_for,94923,2022-04-19,Вторник,09:00,3,3,0,6,0,-3,-3
14109,hosp_covid_dis_covid_hours_for,94925,2022-04-19,Вторник,10:00,4,4,0,12,0,-8,-8
14110,hosp_covid_dis_covid_hours_for,94927,2022-04-19,Вторник,11:00,6,6,0,21,0,-15,-15
14111,hosp_covid_dis_covid_hours_for,94929,2022-04-19,Вторник,12:00,9,9,0,32,0,-23,-23
14112,hosp_covid_dis_covid_hours_for,94931,2022-04-19,Вторник,13:00,13,13,0,42,0,-29,-29
14113,hosp_covid_dis_covid_hours_for,94933,2022-04-19,Вторник,14:00,18,16,2,56,0,-38,-38
14114,hosp_covid_dis_covid_hours_for,94935,2022-04-19,Вторник,15:00,23,21,2,64,0,-41,-41
14115,hosp_covid_dis_covid_hours_for,94937,2022-04-19,Вторник,16:00,33,31,2,80,0,-47,-47
14116,hosp_covid_dis_covid_hours_for,94939,2022-04-19,Вторник,17:00,40,37,3,85,0,-45,-45
14117,hosp_covid_dis_covid_hours_for,94941,2022-04-19,Вторник,18:00,47,42,5,90,0,-43,-43
14118,hosp_covid_dis_covid_hours_for,94943,2022-04-19,Вторник,19:00,48,43,5,90,0,-42,-42
14119,hosp_covid_dis_covid_hours_for,94945,2022-04-19,Вторник,20:00,58,53,5,91,0,-33,-33
14120,hosp_covid_dis_covid_hours_for,94947,2022-04-19,Вторник,21:00,63,57,6,93,0,-30,-30
14121,hosp_covid_dis_covid_hours_for,94949,2022-04-19,Вторник,22:00,70,64,6,93,0,-23,-23
14122,hosp_covid_dis_covid_hours_for,94955,2022-04-19,Вторник,23:00,74,68,6,93,0,-19,-19
14123,hosp_covid_dis_covid_hours_for,94958,2022-04-20,Среда,01:00,2,2,0,0,0,2,2
14124,hosp_covid_dis_covid_hours_for,94959,2022-04-19,Вторник,сутки,77,70,7,93,0,-16,-16
14125,hosp_covid_dis_covid_hours_for,94961,2022-04-20,Среда,02:00,4,4,0,0,0,4,4
14126,hosp_covid_dis_covid_hours_for,94963,2022-04-20,Среда,03:00,4,4,0,0,0,4,4
14127,hosp_covid_dis_covid_hours_for,94965,2022-04-20,Среда,04:00,4,4,0,0,0,4,4
14128,hosp_covid_dis_covid_hours_for,94967,2022-04-20,Среда,05:00,4,4,0,1,0,3,3
14129,hosp_covid_dis_covid_hours_for,94969,2022-04-20,Среда,06:00,4,4,0,1,0,3,3
14130,hosp_covid_dis_covid_hours_for,94971,2022-04-20,Среда,07:00,7,7,0,3,0,4,4
14131,hosp_covid_dis_covid_hours_for,94973,2022-04-20,Среда,08:00,8,8,0,3,0,5,5
14132,hosp_covid_dis_covid_hours_for,94975,2022-04-20,Среда,09:04,9,9,0,4,0,5,5
14133,hosp_covid_dis_covid_hours_for,94977,2022-04-20,Среда,10:00,10,10,0,8,0,2,2
14134,hosp_covid_dis_covid_hours_for,94979,2022-04-20,Среда,11:00,16,15,1,20,0,-4,-4
14135,hosp_covid_dis_covid_hours_for,94981,2022-04-20,Среда,12:00,19,18,1,28,0,-9,-9
14136,hosp_covid_dis_covid_hours_for,94983,2022-04-20,Среда,13:00,25,23,2,36,0,-11,-11
14137,hosp_covid_dis_covid_hours_for,94985,2022-04-20,Среда,14:00,29,27,2,42,0,-13,-13
14138,hosp_covid_dis_covid_hours_for,94987,2022-04-20,Среда,15:00,34,32,2,58,0,-24,-24
14139,hosp_covid_dis_covid_hours_for,94989,2022-04-20,Среда,16:00,43,41,2,72,0,-29,-29
14140,hosp_covid_dis_covid_hours_for,94991,2022-04-20,Среда,17:00,53,51,2,77,0,-24,-24
14141,hosp_covid_dis_covid_hours_for,94993,2022-04-20,Среда,18:00,57,55,2,80,0,-23,-23
14142,hosp_covid_dis_covid_hours_for,94995,2022-04-20,Среда,19:00,64,62,2,82,0,-18,-18
14143,hosp_covid_dis_covid_hours_for,94997,2022-04-20,Среда,20:00,72,70,2,83,0,-11,-11
14144,hosp_covid_dis_covid_hours_for,94999,2022-04-20,Среда,21:00,80,78,2,84,0,-4,-4
14145,hosp_covid_dis_covid_hours_for,95001,2022-04-20,Среда,22:00,84,82,2,86,0,-2,-2
14146,hosp_covid_dis_covid_hours_for,95007,2022-04-20,Среда,23:00,88,86,2,86,0,2,2
14147,hosp_covid_dis_covid_hours_for,95010,2022-04-21,Четверг,01:00,1,1,0,0,0,1,1
14148,hosp_covid_dis_covid_hours_for,95011,2022-04-20,Среда,сутки,95,92,3,86,0,9,9
14149,hosp_covid_dis_covid_hours_for,95013,2022-04-21,Четверг,02:00,5,5,0,0,0,5,5
14150,hosp_covid_dis_covid_hours_for,95015,2022-04-21,Четверг,03:00,6,6,0,0,0,6,6
14151,hosp_covid_dis_covid_hours_for,95017,2022-04-21,Четверг,04:00,7,7,0,0,0,7,7
14152,hosp_covid_dis_covid_hours_for,95019,2022-04-21,Четверг,05:00,7,7,0,0,0,7,7
14153,hosp_covid_dis_covid_hours_for,95021,2022-04-21,Четверг,06:00,7,7,0,0,0,7,7
14154,hosp_covid_dis_covid_hours_for,95023,2022-04-21,Четверг,07:00,7,7,0,1,0,6,6
14155,hosp_covid_dis_covid_hours_for,95025,2022-04-21,Четверг,08:00,8,8,0,4,0,4,4
14156,hosp_covid_dis_covid_hours_for,95027,2022-04-21,Четверг,09:00,8,8,0,5,0,3,3
14157,hosp_covid_dis_covid_hours_for,95029,2022-04-21,Четверг,10:00,9,9,0,9,0,0,0
14158,hosp_covid_dis_covid_hours_for,95031,2022-04-21,Четверг,11:00,9,9,0,17,0,-8,-8
14159,hosp_covid_dis_covid_hours_for,95033,2022-04-21,Четверг,12:00,15,15,0,19,0,-4,-4
14160,hosp_covid_dis_covid_hours_for,95035,2022-04-21,Четверг,13:00,20,20,0,26,0,-6,-6
14161,hosp_covid_dis_covid_hours_for,95037,2022-04-21,Четверг,14:00,27,27,0,35,0,-8,-8
14162,hosp_covid_dis_covid_hours_for,95039,2022-04-21,Четверг,15:00,33,33,0,46,0,-13,-13
14163,hosp_covid_dis_covid_hours_for,95041,2022-04-21,Четверг,16:00,41,40,1,59,0,-18,-18
14164,hosp_covid_dis_covid_hours_for,95043,2022-04-21,Четверг,17:00,45,43,2,61,0,-16,-16
14165,hosp_covid_dis_covid_hours_for,95045,2022-04-21,Четверг,18:00,54,51,3,65,0,-11,-11
14166,hosp_covid_dis_covid_hours_for,95047,2022-04-21,Четверг,19:00,60,57,3,67,0,-7,-7
14167,hosp_covid_dis_covid_hours_for,95049,2022-04-21,Четверг,20:00,64,61,3,68,0,-4,-4
14168,hosp_covid_dis_covid_hours_for,95051,2022-04-21,Четверг,21:00,67,64,3,70,0,-3,-3
14169,hosp_covid_dis_covid_hours_for,95053,2022-04-21,Четверг,22:00,71,68,3,72,0,-1,-1
14170,hosp_covid_dis_covid_hours_for,95059,2022-04-21,Четверг,23:00,74,71,3,72,0,2,2
14171,hosp_covid_dis_covid_hours_for,95062,2022-04-22,Пятница,01:00,2,2,0,0,0,2,2
14172,hosp_covid_dis_covid_hours_for,95063,2022-04-21,Четверг,сутки,78,75,3,74,0,4,4
14173,hosp_covid_dis_covid_hours_for,95065,2022-04-22,Пятница,02:00,6,6,0,0,0,6,6
14174,hosp_covid_dis_covid_hours_for,95067,2022-04-22,Пятница,03:00,10,10,0,0,0,10,10
14175,hosp_covid_dis_covid_hours_for,95069,2022-04-22,Пятница,04:00,10,10,0,0,0,10,10
14176,hosp_covid_dis_covid_hours_for,95071,2022-04-22,Пятница,05:00,10,10,0,0,0,10,10
14177,hosp_covid_dis_covid_hours_for,95073,2022-04-22,Пятница,06:00,10,10,0,3,0,7,7
14178,hosp_covid_dis_covid_hours_for,95075,2022-04-22,Пятница,07:00,11,11,0,4,0,7,7
14179,hosp_covid_dis_covid_hours_for,95077,2022-04-22,Пятница,08:00,11,11,0,8,0,3,3
14180,hosp_covid_dis_covid_hours_for,95079,2022-04-22,Пятница,09:00,12,12,0,10,0,2,2
14181,hosp_covid_dis_covid_hours_for,95081,2022-04-22,Пятница,10:00,12,12,0,12,0,0,0
14182,hosp_covid_dis_covid_hours_for,95083,2022-04-22,Пятница,11:00,13,13,0,18,0,-5,-5
14183,hosp_covid_dis_covid_hours_for,95085,2022-04-22,Пятница,12:00,17,17,0,25,0,-8,-8
14184,hosp_covid_dis_covid_hours_for,95087,2022-04-22,Пятница,13:00,22,22,0,35,0,-13,-13
14185,hosp_covid_dis_covid_hours_for,95089,2022-04-22,Пятница,14:00,29,28,1,45,0,-16,-16
14186,hosp_covid_dis_covid_hours_for,95091,2022-04-22,Пятница,15:00,31,28,3,58,0,-27,-27
14187,hosp_covid_dis_covid_hours_for,95093,2022-04-22,Пятница,16:00,35,33,2,70,0,-35,-35
14188,hosp_covid_dis_covid_hours_for,95095,2022-04-22,Пятница,17:00,45,42,3,77,0,-32,-32
14189,hosp_covid_dis_covid_hours_for,95097,2022-04-22,Пятница,18:00,52,49,3,77,0,-25,-25
14190,hosp_covid_dis_covid_hours_for,95099,2022-04-22,Пятница,19:00,61,58,3,79,0,-18,-18
14191,hosp_covid_dis_covid_hours_for,95101,2022-04-22,Пятница,20:00,66,63,3,82,0,-16,-16
14192,hosp_covid_dis_covid_hours_for,95103,2022-04-22,Пятница,21:00,71,66,5,86,0,-15,-15
14193,hosp_covid_dis_covid_hours_for,95105,2022-04-22,Пятница,22:00,79,74,5,90,0,-11,-11
14194,hosp_covid_dis_covid_hours_for,95111,2022-04-22,Пятница,23:00,81,76,5,90,0,-9,-9
14195,hosp_covid_dis_covid_hours_for,95114,2022-04-23,Суббота,01:00,2,2,0,0,0,2,2
14196,hosp_covid_dis_covid_hours_for,95115,2022-04-22,Пятница,сутки,85,79,6,92,0,-7,-7
14197,hosp_covid_dis_covid_hours_for,95117,2022-04-23,Суббота,02:00,5,5,0,0,0,5,5
14198,hosp_covid_dis_covid_hours_for,95119,2022-04-23,Суббота,03:00,5,5,0,0,0,5,5
14199,hosp_covid_dis_covid_hours_for,95121,2022-04-23,Суббота,04:00,5,5,0,0,0,5,5
14200,hosp_covid_dis_covid_hours_for,95123,2022-04-23,Суббота,05:00,6,6,0,0,0,6,6
14201,hosp_covid_dis_covid_hours_for,95125,2022-04-23,Суббота,06:00,6,6,0,0,0,6,6
14202,hosp_covid_dis_covid_hours_for,95127,2022-04-23,Суббота,07:00,6,6,0,0,0,6,6
14203,hosp_covid_dis_covid_hours_for,95129,2022-04-23,Суббота,08:00,6,6,0,1,0,5,5
14204,hosp_covid_dis_covid_hours_for,95131,2022-04-23,Суббота,09:00,7,7,0,5,0,2,2
14205,hosp_covid_dis_covid_hours_for,95133,2022-04-23,Суббота,10:00,8,8,0,8,0,0,0
14206,hosp_covid_dis_covid_hours_for,95135,2022-04-23,Суббота,11:00,10,10,0,11,0,-1,-1
14207,hosp_covid_dis_covid_hours_for,95137,2022-04-23,Суббота,12:00,14,13,1,21,0,-7,-7
14208,hosp_covid_dis_covid_hours_for,95139,2022-04-23,Суббота,13:00,16,15,1,40,0,-24,-24
14209,hosp_covid_dis_covid_hours_for,95141,2022-04-23,Суббота,14:00,19,17,2,51,0,-32,-32
14210,hosp_covid_dis_covid_hours_for,95143,2022-04-23,Суббота,15:00,22,19,3,57,0,-35,-35
14211,hosp_covid_dis_covid_hours_for,95145,2022-04-23,Суббота,16:00,25,21,4,61,0,-36,-36
14212,hosp_covid_dis_covid_hours_for,95147,2022-04-23,Суббота,17:00,28,24,4,63,0,-35,-35
14213,hosp_covid_dis_covid_hours_for,95149,2022-04-23,Суббота,18:00,31,27,4,64,0,-33,-33
14214,hosp_covid_dis_covid_hours_for,95151,2022-04-23,Суббота,19:00,35,30,5,66,0,-31,-31
14215,hosp_covid_dis_covid_hours_for,95153,2022-04-23,Суббота,20:00,40,35,5,69,0,-29,-29
14216,hosp_covid_dis_covid_hours_for,95155,2022-04-23,Суббота,21:00,45,40,5,70,0,-25,-25
14217,hosp_covid_dis_covid_hours_for,95157,2022-04-23,Суббота,22:00,49,44,5,70,0,-21,-21
14218,hosp_covid_dis_covid_hours_for,95163,2022-04-23,Суббота,23:00,56,51,5,70,0,-14,-14
14219,hosp_covid_dis_covid_hours_for,95166,2022-04-24,Воскресенье,01:00,0,0,0,0,0,0,0
14220,hosp_covid_dis_covid_hours_for,95167,2022-04-23,Суббота,сутки,58,52,6,70,0,-12,-12
14221,hosp_covid_dis_covid_hours_for,95169,2022-04-24,Воскресенье,02:00,6,6,0,0,0,6,6
14222,hosp_covid_dis_covid_hours_for,95171,2022-04-24,Воскресенье,03:00,9,9,0,0,0,9,9
14223,hosp_covid_dis_covid_hours_for,95173,2022-04-24,Воскресенье,04:00,12,12,0,0,0,12,12
14224,hosp_covid_dis_covid_hours_for,95175,2022-04-24,Воскресенье,05:00,12,12,0,0,0,12,12
14225,hosp_covid_dis_covid_hours_for,95177,2022-04-24,Воскресенье,06:00,13,13,0,0,0,13,13
14226,hosp_covid_dis_covid_hours_for,95179,2022-04-24,Воскресенье,07:00,14,14,0,2,0,12,12
14227,hosp_covid_dis_covid_hours_for,95181,2022-04-24,Воскресенье,08:00,17,17,0,2,0,15,15
14228,hosp_covid_dis_covid_hours_for,95183,2022-04-24,Воскресенье,09:00,18,18,0,6,0,12,12
14229,hosp_covid_dis_covid_hours_for,95185,2022-04-24,Воскресенье,10:00,18,18,0,9,0,9,9
14230,hosp_covid_dis_covid_hours_for,95187,2022-04-24,Воскресенье,11:00,20,20,0,13,0,7,7
14231,hosp_covid_dis_covid_hours_for,95189,2022-04-24,Воскресенье,12:00,22,22,0,14,0,8,8
14232,hosp_covid_dis_covid_hours_for,95191,2022-04-24,Воскресенье,13:00,25,25,0,25,0,0,0
14233,hosp_covid_dis_covid_hours_for,95193,2022-04-24,Воскресенье,14:00,33,33,0,31,0,2,2
14234,hosp_covid_dis_covid_hours_for,95195,2022-04-24,Воскресенье,15:00,36,36,0,35,0,1,1
14235,hosp_covid_dis_covid_hours_for,95197,2022-04-24,Воскресенье,16:00,42,41,1,35,0,7,7
14236,hosp_covid_dis_covid_hours_for,95199,2022-04-24,Воскресенье,17:00,47,46,1,37,0,10,10
14237,hosp_covid_dis_covid_hours_for,95201,2022-04-24,Воскресенье,18:00,50,49,1,38,0,12,12
14238,hosp_covid_dis_covid_hours_for,95203,2022-04-24,Воскресенье,19:00,55,54,1,41,0,14,14
14239,hosp_covid_dis_covid_hours_for,95205,2022-04-24,Воскресенье,20:00,59,58,1,41,0,18,18
14240,hosp_covid_dis_covid_hours_for,95207,2022-04-24,Воскресенье,21:00,63,61,2,42,0,21,21
14241,hosp_covid_dis_covid_hours_for,95209,2022-04-24,Воскресенье,22:00,67,65,2,43,0,24,24
14242,hosp_covid_dis_covid_hours_for,95215,2022-04-24,Воскресенье,23:00,71,69,2,44,0,27,27
14243,hosp_covid_dis_covid_hours_for,95218,2022-04-25,Понедельник,01:00,0,0,0,0,0,0,0
14244,hosp_covid_dis_covid_hours_for,95219,2022-04-24,Воскресенье,сутки,74,72,2,45,0,29,29
14245,hosp_covid_dis_covid_hours_for,95221,2022-04-25,Понедельник,02:00,4,4,0,0,0,4,4
14246,hosp_covid_dis_covid_hours_for,95223,2022-04-25,Понедельник,03:00,4,4,0,0,0,4,4
14247,hosp_covid_dis_covid_hours_for,95225,2022-04-25,Понедельник,04:00,4,4,0,0,0,4,4
14248,hosp_covid_dis_covid_hours_for,95227,2022-04-25,Понедельник,05:00,4,4,0,0,0,4,4
14249,hosp_covid_dis_covid_hours_for,95229,2022-04-25,Понедельник,06:00,6,6,0,0,0,6,6
14250,hosp_covid_dis_covid_hours_for,95231,2022-04-25,Понедельник,07:00,6,6,0,1,0,5,5
14251,hosp_covid_dis_covid_hours_for,95233,2022-04-25,Понедельник,08:00,7,7,0,4,0,3,3
14252,hosp_covid_dis_covid_hours_for,95235,2022-04-25,Понедельник,09:00,7,7,0,5,0,2,2
14253,hosp_covid_dis_covid_hours_for,95237,2022-04-25,Понедельник,10:00,8,8,0,9,0,-1,-1
14254,hosp_covid_dis_covid_hours_for,95239,2022-04-25,Понедельник,11:00,9,9,0,13,0,-4,-4
14255,hosp_covid_dis_covid_hours_for,95241,2022-04-25,Понедельник,12:00,11,11,0,24,0,-13,-13
14256,hosp_covid_dis_covid_hours_for,95243,2022-04-25,Понедельник,13:00,16,16,0,31,0,-15,-15
14257,hosp_covid_dis_covid_hours_for,95245,2022-04-25,Понедельник,14:00,22,22,0,34,0,-12,-12
14258,hosp_covid_dis_covid_hours_for,95247,2022-04-25,Понедельник,15:00,28,28,0,41,0,-13,-13
14259,hosp_covid_dis_covid_hours_for,95249,2022-04-25,Понедельник,16:00,34,33,1,50,0,-16,-16
14260,hosp_covid_dis_covid_hours_for,95251,2022-04-25,Понедельник,17:00,35,34,1,54,0,-19,-19
14261,hosp_covid_dis_covid_hours_for,95253,2022-04-25,Понедельник,18:00,39,38,1,56,0,-17,-17
14262,hosp_covid_dis_covid_hours_for,95255,2022-04-25,Понедельник,19:00,42,41,1,59,0,-17,-17
14263,hosp_covid_dis_covid_hours_for,95257,2022-04-25,Понедельник,20:00,49,48,1,60,0,-11,-11
14264,hosp_covid_dis_covid_hours_for,95259,2022-04-25,Понедельник,21:00,53,52,1,60,0,-7,-7
14265,hosp_covid_dis_covid_hours_for,95261,2022-04-25,Понедельник,22:00,54,53,1,60,0,-6,-6
14266,hosp_covid_dis_covid_hours_for,95267,2022-04-25,Понедельник,23:00,57,56,1,61,0,-4,-4
14267,hosp_covid_dis_covid_hours_for,95270,2022-04-26,Вторник,01:00,2,2,0,1,0,1,1
14268,hosp_covid_dis_covid_hours_for,95271,2022-04-25,Понедельник,сутки,58,57,1,62,0,-4,-4
14269,hosp_covid_dis_covid_hours_for,95273,2022-04-26,Вторник,02:00,3,3,0,2,0,1,1
14270,hosp_covid_dis_covid_hours_for,95275,2022-04-26,Вторник,03:00,3,3,0,2,0,1,1
14271,hosp_covid_dis_covid_hours_for,95277,2022-04-26,Вторник,04:00,3,3,0,2,0,1,1
14272,hosp_covid_dis_covid_hours_for,95279,2022-04-26,Вторник,05:00,4,4,0,2,0,2,2
14273,hosp_covid_dis_covid_hours_for,95281,2022-04-26,Вторник,06:00,4,4,0,2,0,2,2
14274,hosp_covid_dis_covid_hours_for,95283,2022-04-26,Вторник,07:00,4,4,0,2,0,2,2
14275,hosp_covid_dis_covid_hours_for,95285,2022-04-26,Вторник,08:00,5,5,0,3,0,2,2
14276,hosp_covid_dis_covid_hours_for,95287,2022-04-26,Вторник,09:00,6,6,0,4,0,2,2
14277,hosp_covid_dis_covid_hours_for,95289,2022-04-26,Вторник,10:00,6,6,0,8,0,-2,-2
14278,hosp_covid_dis_covid_hours_for,95291,2022-04-26,Вторник,11:00,9,8,1,16,0,-7,-7
14279,hosp_covid_dis_covid_hours_for,95293,2022-04-26,Вторник,12:00,13,11,2,24,0,-11,-11
14280,hosp_covid_dis_covid_hours_for,95295,2022-04-26,Вторник,13:00,16,13,3,29,0,-13,-13
14281,hosp_covid_dis_covid_hours_for,95297,2022-04-26,Вторник,14:00,23,20,3,39,0,-16,-16
14282,hosp_covid_dis_covid_hours_for,95299,2022-04-26,Вторник,15:00,30,26,4,54,0,-24,-24
14283,hosp_covid_dis_covid_hours_for,95301,2022-04-26,Вторник,16:00,35,30,5,63,0,-28,-28
14284,hosp_covid_dis_covid_hours_for,95303,2022-04-26,Вторник,17:00,40,35,5,69,0,-29,-29
14285,hosp_covid_dis_covid_hours_for,95305,2022-04-26,Вторник,18:00,50,44,6,77,0,-27,-27
14286,hosp_covid_dis_covid_hours_for,95307,2022-04-26,Вторник,19:00,57,50,7,80,0,-23,-23
14287,hosp_covid_dis_covid_hours_for,95309,2022-04-26,Вторник,20:00,66,58,8,84,0,-18,-18
14288,hosp_covid_dis_covid_hours_for,95311,2022-04-26,Вторник,21:00,66,58,8,85,0,-19,-19
14289,hosp_covid_dis_covid_hours_for,95313,2022-04-26,Вторник,22:00,72,64,8,85,0,-13,-13
14290,hosp_covid_dis_covid_hours_for,95319,2022-04-26,Вторник,23:00,75,67,8,85,0,-10,-10
14291,hosp_covid_dis_covid_hours_for,95322,2022-04-27,Среда,01:00,1,1,0,0,0,1,1
14292,hosp_covid_dis_covid_hours_for,95323,2022-04-26,Вторник,сутки,80,72,8,85,0,-5,-5
14293,hosp_covid_dis_covid_hours_for,95325,2022-04-27,Среда,02:00,2,2,0,0,0,2,2
14294,hosp_covid_dis_covid_hours_for,95327,2022-04-27,Среда,03:00,3,3,0,0,0,3,3
14295,hosp_covid_dis_covid_hours_for,95329,2022-04-27,Среда,04:00,5,5,0,0,0,5,5
14296,hosp_covid_dis_covid_hours_for,95331,2022-04-27,Среда,05:00,6,6,0,0,0,6,6
14297,hosp_covid_dis_covid_hours_for,95333,2022-04-27,Среда,06:00,8,8,0,1,0,7,7
14298,hosp_covid_dis_covid_hours_for,95335,2022-04-27,Среда,07:00,8,8,0,1,0,7,7
14299,hosp_covid_dis_covid_hours_for,95337,2022-04-27,Среда,08:00,8,8,0,2,0,6,6
14300,hosp_covid_dis_covid_hours_for,95339,2022-04-27,Среда,09:00,8,8,0,2,0,6,6
14301,hosp_covid_dis_covid_hours_for,95341,2022-04-27,Среда,10:00,9,9,0,7,0,2,2
14302,hosp_covid_dis_covid_hours_for,95343,2022-04-27,Среда,11:00,10,10,0,13,0,-3,-3
14303,hosp_covid_dis_covid_hours_for,95345,2022-04-27,Среда,12:00,16,15,1,27,0,-11,-11
14304,hosp_covid_dis_covid_hours_for,95347,2022-04-27,Среда,13:00,21,20,1,31,0,-10,-10
14305,hosp_covid_dis_covid_hours_for,95349,2022-04-27,Среда,14:00,25,23,2,48,0,-23,-23
14306,hosp_covid_dis_covid_hours_for,95351,2022-04-27,Среда,15:00,27,26,1,57,0,-30,-30
14307,hosp_covid_dis_covid_hours_for,95353,2022-04-27,Среда,16:00,36,35,1,61,0,-25,-25
14308,hosp_covid_dis_covid_hours_for,95355,2022-04-27,Среда,17:00,42,41,1,72,0,-30,-30
14309,hosp_covid_dis_covid_hours_for,95357,2022-04-27,Среда,18:00,54,53,1,75,0,-21,-21
14310,hosp_covid_dis_covid_hours_for,95359,2022-04-27,Среда,19:00,58,57,1,75,0,-17,-17
14311,hosp_covid_dis_covid_hours_for,95361,2022-04-27,Среда,20:00,66,65,1,76,0,-10,-10
14312,hosp_covid_dis_covid_hours_for,95363,2022-04-27,Среда,21:00,73,72,1,78,0,-5,-5
14313,hosp_covid_dis_covid_hours_for,95365,2022-04-27,Среда,22:00,81,80,1,78,0,3,3
14314,hosp_covid_dis_covid_hours_for,95371,2022-04-27,Среда,23:00,83,82,1,78,0,5,5
14315,hosp_covid_dis_covid_hours_for,95374,2022-04-28,Четверг,01:00,3,3,0,0,0,3,3
14316,hosp_covid_dis_covid_hours_for,95375,2022-04-27,Среда,сутки,87,86,1,80,0,7,7
14317,hosp_covid_dis_covid_hours_for,95377,2022-04-28,Четверг,02:00,5,5,0,0,0,5,5
14318,hosp_covid_dis_covid_hours_for,95379,2022-04-28,Четверг,03:00,5,5,0,0,0,5,5
14319,hosp_covid_dis_covid_hours_for,95381,2022-04-28,Четверг,04:00,5,5,0,0,0,5,5
14320,hosp_covid_dis_covid_hours_for,95383,2022-04-28,Четверг,05:00,5,5,0,1,0,4,4
14321,hosp_covid_dis_covid_hours_for,95385,2022-04-28,Четверг,06:00,5,5,0,1,0,4,4
14322,hosp_covid_dis_covid_hours_for,95387,2022-04-28,Четверг,07:00,5,5,0,1,0,4,4
14323,hosp_covid_dis_covid_hours_for,95389,2022-04-28,Четверг,08:00,6,6,0,1,0,5,5
14324,hosp_covid_dis_covid_hours_for,95391,2022-04-28,Четверг,09:00,5,5,0,5,0,0,0
14325,hosp_covid_dis_covid_hours_for,95393,2022-04-28,Четверг,10:00,6,6,0,7,0,-1,-1
14326,hosp_covid_dis_covid_hours_for,95395,2022-04-28,Четверг,11:00,7,7,0,14,0,-7,-7
14327,hosp_covid_dis_covid_hours_for,95397,2022-04-28,Четверг,12:00,9,9,0,21,0,-12,-12
14328,hosp_covid_dis_covid_hours_for,95399,2022-04-28,Четверг,13:00,14,14,0,31,0,-17,-17
14329,hosp_covid_dis_covid_hours_for,95401,2022-04-28,Четверг,14:00,23,22,1,41,0,-18,-18
14330,hosp_covid_dis_covid_hours_for,95403,2022-04-28,Четверг,15:00,31,30,1,53,0,-22,-22
14331,hosp_covid_dis_covid_hours_for,95405,2022-04-28,Четверг,16:00,35,34,1,58,0,-23,-23
14332,hosp_covid_dis_covid_hours_for,95407,2022-04-28,Четверг,17:00,42,39,3,60,0,-18,-18
14333,hosp_covid_dis_covid_hours_for,95409,2022-04-28,Четверг,18:00,47,43,4,60,0,-13,-13
14334,hosp_covid_dis_covid_hours_for,95411,2022-04-28,Четверг,19:00,52,48,4,60,0,-8,-8
14335,hosp_covid_dis_covid_hours_for,95413,2022-04-28,Четверг,20:00,57,52,5,61,0,-4,-4
14336,hosp_covid_dis_covid_hours_for,95415,2022-04-28,Четверг,21:00,63,58,5,61,0,2,2
14337,hosp_covid_dis_covid_hours_for,95417,2022-04-28,Четверг,22:00,67,62,5,61,0,6,6
14338,hosp_covid_dis_covid_hours_for,95423,2022-04-28,Четверг,23:00,69,64,5,62,0,7,7
14339,hosp_covid_dis_covid_hours_for,95426,2022-04-29,Пятница,01:00,0,0,0,0,0,0,0
14340,hosp_covid_dis_covid_hours_for,95427,2022-04-28,Четверг,сутки,72,67,5,62,0,10,10
14341,hosp_covid_dis_covid_hours_for,95429,2022-04-29,Пятница,02:00,1,1,0,0,0,1,1
14342,hosp_covid_dis_covid_hours_for,95431,2022-04-29,Пятница,03:00,2,2,0,0,0,2,2
14343,hosp_covid_dis_covid_hours_for,95433,2022-04-29,Пятница,04:00,2,2,0,0,0,2,2
14344,hosp_covid_dis_covid_hours_for,95435,2022-04-29,Пятница,05:00,3,3,0,0,0,3,3
14345,hosp_covid_dis_covid_hours_for,95437,2022-04-29,Пятница,06:00,3,3,0,0,0,3,3
14346,hosp_covid_dis_covid_hours_for,95439,2022-04-29,Пятница,07:00,3,3,0,0,0,3,3
14347,hosp_covid_dis_covid_hours_for,95441,2022-04-29,Пятница,08:00,3,3,0,0,0,3,3
14348,hosp_covid_dis_covid_hours_for,95443,2022-04-29,Пятница,09:00,3,3,0,3,0,0,0
14349,hosp_covid_dis_covid_hours_for,95445,2022-04-29,Пятница,10:00,3,3,0,14,0,-11,-11
14350,hosp_covid_dis_covid_hours_for,95447,2022-04-29,Пятница,11:00,4,4,0,30,0,-26,-26
14351,hosp_covid_dis_covid_hours_for,95449,2022-04-29,Пятница,12:00,5,5,0,38,0,-33,-33
14352,hosp_covid_dis_covid_hours_for,95451,2022-04-29,Пятница,13:00,10,10,0,52,0,-42,-42
14353,hosp_covid_dis_covid_hours_for,95453,2022-04-29,Пятница,14:00,18,16,2,68,0,-50,-50
14354,hosp_covid_dis_covid_hours_for,95455,2022-04-29,Пятница,15:00,22,20,2,80,0,-58,-58
14355,hosp_covid_dis_covid_hours_for,95457,2022-04-29,Пятница,16:00,29,27,2,93,0,-64,-64
14356,hosp_covid_dis_covid_hours_for,95459,2022-04-29,Пятница,17:00,36,34,2,99,0,-63,-63
14357,hosp_covid_dis_covid_hours_for,95461,2022-04-29,Пятница,18:00,42,40,2,101,0,-59,-59
14358,hosp_covid_dis_covid_hours_for,95463,2022-04-29,Пятница,19:00,50,48,2,104,0,-54,-54
14359,hosp_covid_dis_covid_hours_for,95465,2022-04-29,Пятница,20:00,54,52,2,106,0,-52,-52
14360,hosp_covid_dis_covid_hours_for,95467,2022-04-29,Пятница,21:00,58,56,2,107,0,-49,-49
14361,hosp_covid_dis_covid_hours_for,95469,2022-04-29,Пятница,22:00,60,58,2,107,0,-47,-47
14362,hosp_covid_dis_covid_hours_for,95475,2022-04-29,Пятница,23:00,66,64,2,107,0,-41,-41
14363,hosp_covid_dis_covid_hours_for,95478,2022-04-30,Суббота,01:00,1,1,0,0,0,1,1
14364,hosp_covid_dis_covid_hours_for,95479,2022-04-29,Пятница,сутки,68,66,2,107,0,-39,-39
14365,hosp_covid_dis_covid_hours_for,95481,2022-04-30,Суббота,02:02,5,5,0,0,0,5,5
14366,hosp_covid_dis_covid_hours_for,95483,2022-04-30,Суббота,03:00,7,7,0,0,0,7,7
14367,hosp_covid_dis_covid_hours_for,95485,2022-04-30,Суббота,04:00,8,8,0,0,0,8,8
14368,hosp_covid_dis_covid_hours_for,95487,2022-04-30,Суббота,05:00,10,10,0,0,0,10,10
14369,hosp_covid_dis_covid_hours_for,95489,2022-04-30,Суббота,06:00,10,10,0,0,0,10,10
14370,hosp_covid_dis_covid_hours_for,95491,2022-04-30,Суббота,07:00,10,10,0,0,0,10,10
14371,hosp_covid_dis_covid_hours_for,95493,2022-04-30,Суббота,08:00,10,10,0,3,0,7,7
14372,hosp_covid_dis_covid_hours_for,95495,2022-04-30,Суббота,09:00,10,10,0,5,0,5,5
14373,hosp_covid_dis_covid_hours_for,95497,2022-04-30,Суббота,10:00,12,11,1,11,0,1,1
14374,hosp_covid_dis_covid_hours_for,95499,2022-04-30,Суббота,11:00,16,15,1,16,0,0,0
14375,hosp_covid_dis_covid_hours_for,95501,2022-04-30,Суббота,12:00,18,17,1,20,0,-2,-2
14376,hosp_covid_dis_covid_hours_for,95503,2022-04-30,Суббота,13:00,21,20,1,28,0,-7,-7
14377,hosp_covid_dis_covid_hours_for,95505,2022-04-30,Суббота,14:00,28,27,1,31,0,-3,-3
14378,hosp_covid_dis_covid_hours_for,95507,2022-04-30,Суббота,15:00,31,30,1,36,0,-5,-5
14379,hosp_covid_dis_covid_hours_for,95509,2022-04-30,Суббота,16:00,35,34,1,36,0,-1,-1
14380,hosp_covid_dis_covid_hours_for,95511,2022-04-30,Суббота,17:00,42,41,1,37,0,5,5
14381,hosp_covid_dis_covid_hours_for,95513,2022-04-30,Суббота,18:00,46,45,1,38,0,8,8
14382,hosp_covid_dis_covid_hours_for,95515,2022-04-30,Суббота,19:00,49,48,1,38,0,11,11
14383,hosp_covid_dis_covid_hours_for,95517,2022-04-30,Суббота,20:00,55,54,1,39,0,16,16
14384,hosp_covid_dis_covid_hours_for,95519,2022-04-30,Суббота,21:00,57,56,1,40,0,17,17
14385,hosp_covid_dis_covid_hours_for,95521,2022-04-30,Суббота,22:00,64,63,1,40,0,24,24
14386,hosp_covid_dis_covid_hours_for,95527,2022-04-30,Суббота,23:00,69,68,1,43,0,26,26
14387,hosp_covid_dis_covid_hours_for,95530,2022-05-01,Воскресенье,01:00,1,1,0,0,0,1,1
14388,hosp_covid_dis_covid_hours_for,95531,2022-04-30,Суббота,сутки,72,71,1,43,0,29,29
14389,hosp_covid_dis_covid_hours_for,95533,2022-05-01,Воскресенье,02:00,5,5,0,0,0,5,5
14390,hosp_covid_dis_covid_hours_for,95535,2022-05-01,Воскресенье,03:00,7,7,0,0,0,7,7
14391,hosp_covid_dis_covid_hours_for,95537,2022-05-01,Воскресенье,04:00,7,7,0,0,0,7,7
14392,hosp_covid_dis_covid_hours_for,95539,2022-05-01,Воскресенье,05:00,7,7,0,0,0,7,7
14393,hosp_covid_dis_covid_hours_for,95541,2022-05-01,Воскресенье,06:00,7,7,0,0,0,7,7
14394,hosp_covid_dis_covid_hours_for,95543,2022-05-01,Воскресенье,07:00,7,7,0,0,0,7,7
14395,hosp_covid_dis_covid_hours_for,95545,2022-05-01,Воскресенье,08:00,7,7,0,0,0,7,7
14396,hosp_covid_dis_covid_hours_for,95547,2022-05-01,Воскресенье,09:00,8,8,0,1,0,7,7
14397,hosp_covid_dis_covid_hours_for,95549,2022-05-01,Воскресенье,10:00,8,8,0,5,0,3,3
14398,hosp_covid_dis_covid_hours_for,95551,2022-05-01,Воскресенье,11:00,11,11,0,8,0,3,3
14399,hosp_covid_dis_covid_hours_for,95553,2022-05-01,Воскресенье,12:00,12,12,0,10,0,2,2
14400,hosp_covid_dis_covid_hours_for,95555,2022-05-01,Воскресенье,13:00,19,19,0,20,0,-1,-1
14401,hosp_covid_dis_covid_hours_for,95557,2022-05-01,Воскресенье,14:00,23,23,0,23,0,0,0
14402,hosp_covid_dis_covid_hours_for,95559,2022-05-01,Воскресенье,15:00,25,25,0,25,0,0,0
14403,hosp_covid_dis_covid_hours_for,95561,2022-05-01,Воскресенье,16:00,29,28,1,28,0,1,1
14404,hosp_covid_dis_covid_hours_for,95563,2022-05-01,Воскресенье,17:00,31,29,2,29,0,2,2
14405,hosp_covid_dis_covid_hours_for,95565,2022-05-01,Воскресенье,18:00,33,31,2,30,0,3,3
14406,hosp_covid_dis_covid_hours_for,95567,2022-05-01,Воскресенье,19:00,37,35,2,32,0,5,5
14407,hosp_covid_dis_covid_hours_for,95569,2022-05-01,Воскресенье,20:00,41,39,2,32,0,9,9
14408,hosp_covid_dis_covid_hours_for,95571,2022-05-01,Воскресенье,21:00,43,41,2,33,0,10,10
14409,hosp_covid_dis_covid_hours_for,95573,2022-05-01,Воскресенье,22:00,46,44,2,33,0,13,13
14410,hosp_covid_dis_covid_hours_for,95579,2022-05-01,Воскресенье,23:00,47,45,2,36,0,11,11
14411,hosp_covid_dis_covid_hours_for,95582,2022-05-02,Понедельник,01:00,2,2,0,0,0,2,2
14412,hosp_covid_dis_covid_hours_for,95583,2022-05-01,Воскресенье,сутки,48,46,2,36,0,12,12
14413,hosp_covid_dis_covid_hours_for,95585,2022-05-02,Понедельник,02:00,6,6,0,0,0,6,6
14414,hosp_covid_dis_covid_hours_for,95587,2022-05-02,Понедельник,03:00,9,9,0,0,0,9,9
14415,hosp_covid_dis_covid_hours_for,95589,2022-05-02,Понедельник,04:00,9,9,0,0,0,9,9
14416,hosp_covid_dis_covid_hours_for,95591,2022-05-02,Понедельник,05:00,9,9,0,0,0,9,9
14417,hosp_covid_dis_covid_hours_for,95593,2022-05-02,Понедельник,06:00,9,9,0,0,0,9,9
14418,hosp_covid_dis_covid_hours_for,95595,2022-05-02,Понедельник,07:00,9,9,0,0,0,9,9
14419,hosp_covid_dis_covid_hours_for,95597,2022-05-02,Понедельник,08:00,9,9,0,0,0,9,9
14420,hosp_covid_dis_covid_hours_for,95599,2022-05-02,Понедельник,09:00,9,9,0,1,0,8,8
14421,hosp_covid_dis_covid_hours_for,95601,2022-05-02,Понедельник,10:00,11,10,1,4,0,7,7
14422,hosp_covid_dis_covid_hours_for,95603,2022-05-02,Понедельник,11:00,13,12,1,9,0,4,4
14423,hosp_covid_dis_covid_hours_for,95605,2022-05-02,Понедельник,12:00,14,13,1,15,0,-1,-1
14424,hosp_covid_dis_covid_hours_for,95607,2022-05-02,Понедельник,13:00,17,16,1,24,0,-7,-7
14425,hosp_covid_dis_covid_hours_for,95609,2022-05-02,Понедельник,14:00,18,17,1,33,0,-15,-15
14426,hosp_covid_dis_covid_hours_for,95611,2022-05-02,Понедельник,15:00,22,21,1,34,0,-12,-12
14427,hosp_covid_dis_covid_hours_for,95613,2022-05-02,Понедельник,16:00,28,27,1,35,0,-7,-7
14428,hosp_covid_dis_covid_hours_for,95615,2022-05-02,Понедельник,17:00,33,32,1,37,0,-4,-4
14429,hosp_covid_dis_covid_hours_for,95617,2022-05-02,Понедельник,18:00,41,40,1,37,0,4,4
14430,hosp_covid_dis_covid_hours_for,95619,2022-05-02,Понедельник,19:00,48,47,1,38,0,10,10
14431,hosp_covid_dis_covid_hours_for,95621,2022-05-02,Понедельник,20:00,53,52,1,43,0,10,10
14432,hosp_covid_dis_covid_hours_for,95623,2022-05-02,Понедельник,21:00,57,56,1,44,0,13,13
14433,hosp_covid_dis_covid_hours_for,95625,2022-05-02,Понедельник,22:00,60,59,1,44,0,16,16
14434,hosp_covid_dis_covid_hours_for,95631,2022-05-02,Понедельник,23:00,65,64,1,45,0,20,20
14435,hosp_covid_dis_covid_hours_for,95634,2022-05-03,Вторник,01:00,0,0,0,0,0,0,0
14436,hosp_covid_dis_covid_hours_for,95635,2022-05-02,Понедельник,сутки,72,71,1,48,0,24,24
14437,hosp_covid_dis_covid_hours_for,95637,2022-05-03,Вторник,02:00,2,2,0,0,0,2,2
14438,hosp_covid_dis_covid_hours_for,95639,2022-05-03,Вторник,03:00,6,6,0,0,0,6,6
14439,hosp_covid_dis_covid_hours_for,95641,2022-05-03,Вторник,04:00,6,6,0,0,0,6,6
14440,hosp_covid_dis_covid_hours_for,95643,2022-05-03,Вторник,05:00,7,7,0,0,0,7,7
14441,hosp_covid_dis_covid_hours_for,95645,2022-05-03,Вторник,06:00,10,10,0,0,0,10,10
14442,hosp_covid_dis_covid_hours_for,95647,2022-05-03,Вторник,07:00,10,10,0,0,0,10,10
14443,hosp_covid_dis_covid_hours_for,95649,2022-05-03,Вторник,08:00,10,10,0,3,0,7,7
14444,hosp_covid_dis_covid_hours_for,95651,2022-05-03,Вторник,09:00,10,10,0,4,0,6,6
14445,hosp_covid_dis_covid_hours_for,95653,2022-05-03,Вторник,10:00,11,11,0,6,0,5,5
14446,hosp_covid_dis_covid_hours_for,95655,2022-05-03,Вторник,11:00,17,17,0,9,0,8,8
14447,hosp_covid_dis_covid_hours_for,95657,2022-05-03,Вторник,12:00,22,22,0,19,0,3,3
14448,hosp_covid_dis_covid_hours_for,95659,2022-05-03,Вторник,13:00,28,28,0,25,0,3,3
14449,hosp_covid_dis_covid_hours_for,95661,2022-05-03,Вторник,14:00,35,34,1,31,0,4,4
14450,hosp_covid_dis_covid_hours_for,95663,2022-05-03,Вторник,15:00,40,39,1,32,0,8,8
14451,hosp_covid_dis_covid_hours_for,95665,2022-05-03,Вторник,16:00,46,45,1,32,0,14,14
14452,hosp_covid_dis_covid_hours_for,95667,2022-05-03,Вторник,17:00,50,49,1,36,0,14,14
14453,hosp_covid_dis_covid_hours_for,95669,2022-05-03,Вторник,18:00,51,49,2,39,0,12,12
14454,hosp_covid_dis_covid_hours_for,95671,2022-05-03,Вторник,19:00,55,53,2,41,0,14,14
14455,hosp_covid_dis_covid_hours_for,95673,2022-05-03,Вторник,20:00,55,53,2,46,0,9,9
14456,hosp_covid_dis_covid_hours_for,95675,2022-05-03,Вторник,21:00,61,59,2,47,0,14,14
14457,hosp_covid_dis_covid_hours_for,95677,2022-05-03,Вторник,22:00,66,64,2,47,0,19,19
14458,hosp_covid_dis_covid_hours_for,95683,2022-05-03,Вторник,23:00,70,68,2,47,0,23,23
14459,hosp_covid_dis_covid_hours_for,95686,2022-05-04,Среда,01:00,2,2,0,0,0,2,2
14460,hosp_covid_dis_covid_hours_for,95687,2022-05-03,Вторник,сутки,74,72,2,50,0,24,24
14461,hosp_covid_dis_covid_hours_for,95689,2022-05-04,Среда,02:00,2,2,0,0,0,2,2
14462,hosp_covid_dis_covid_hours_for,95691,2022-05-04,Среда,03:00,2,2,0,0,0,2,2
14463,hosp_covid_dis_covid_hours_for,95693,2022-05-04,Среда,04:00,4,4,0,0,0,4,4
14464,hosp_covid_dis_covid_hours_for,95695,2022-05-04,Среда,05:00,4,4,0,0,0,4,4
14465,hosp_covid_dis_covid_hours_for,95697,2022-05-04,Среда,06:00,5,5,0,0,0,5,5
14466,hosp_covid_dis_covid_hours_for,95699,2022-05-04,Среда,07:00,5,5,0,0,0,5,5
14467,hosp_covid_dis_covid_hours_for,95701,2022-05-04,Среда,08:00,7,7,0,1,0,6,6
14468,hosp_covid_dis_covid_hours_for,95703,2022-05-04,Среда,09:00,9,9,0,1,0,8,8
14469,hosp_covid_dis_covid_hours_for,95705,2022-05-04,Среда,10:00,10,10,0,7,0,3,3
14470,hosp_covid_dis_covid_hours_for,95707,2022-05-04,Среда,11:00,10,10,0,14,0,-4,-4
14471,hosp_covid_dis_covid_hours_for,95709,2022-05-04,Среда,12:00,14,14,0,21,0,-7,-7
14472,hosp_covid_dis_covid_hours_for,95711,2022-05-04,Среда,13:00,16,16,0,29,0,-13,-13
14473,hosp_covid_dis_covid_hours_for,95713,2022-05-04,Среда,14:00,19,18,1,38,0,-19,-19
14474,hosp_covid_dis_covid_hours_for,95715,2022-05-04,Среда,15:00,20,19,1,52,0,-32,-32
14475,hosp_covid_dis_covid_hours_for,95717,2022-05-04,Среда,16:00,26,25,1,56,0,-30,-30
14476,hosp_covid_dis_covid_hours_for,95719,2022-05-04,Среда,17:00,33,32,1,61,0,-28,-28
14477,hosp_covid_dis_covid_hours_for,95721,2022-05-04,Среда,18:00,38,37,1,61,0,-23,-23
14478,hosp_covid_dis_covid_hours_for,95723,2022-05-04,Среда,19:00,41,40,1,62,0,-21,-21
14479,hosp_covid_dis_covid_hours_for,95725,2022-05-04,Среда,20:00,42,41,1,64,0,-22,-22
14480,hosp_covid_dis_covid_hours_for,95727,2022-05-04,Среда,21:00,52,51,1,64,0,-12,-12
14481,hosp_covid_dis_covid_hours_for,95729,2022-05-04,Среда,22:00,56,55,1,64,0,-8,-8
14482,hosp_covid_dis_covid_hours_for,95735,2022-05-04,Среда,23:00,57,56,1,64,0,-7,-7
14483,hosp_covid_dis_covid_hours_for,95738,2022-05-05,Четверг,01:00,1,1,0,0,0,1,1
14484,hosp_covid_dis_covid_hours_for,95739,2022-05-04,Среда,сутки,60,58,2,65,0,-5,-5
14485,hosp_covid_dis_covid_hours_for,95741,2022-05-05,Четверг,02:00,2,2,0,0,0,2,2
14486,hosp_covid_dis_covid_hours_for,95743,2022-05-05,Четверг,03:00,3,3,0,2,0,1,1
14487,hosp_covid_dis_covid_hours_for,95745,2022-05-05,Четверг,04:00,5,5,0,2,0,3,3
14488,hosp_covid_dis_covid_hours_for,95747,2022-05-05,Четверг,05:00,5,5,0,2,0,3,3
14489,hosp_covid_dis_covid_hours_for,95749,2022-05-05,Четверг,06:00,5,5,0,2,0,3,3
14490,hosp_covid_dis_covid_hours_for,95751,2022-05-05,Четверг,07:00,5,5,0,2,0,3,3
14491,hosp_covid_dis_covid_hours_for,95753,2022-05-05,Четверг,08:00,6,6,0,2,0,4,4
14492,hosp_covid_dis_covid_hours_for,95755,2022-05-05,Четверг,09:00,7,7,0,6,0,1,1
14493,hosp_covid_dis_covid_hours_for,95757,2022-05-05,Четверг,10:00,7,7,0,9,0,-2,-2
14494,hosp_covid_dis_covid_hours_for,95759,2022-05-05,Четверг,11:01,9,8,1,13,0,-4,-4
14495,hosp_covid_dis_covid_hours_for,95761,2022-05-05,Четверг,12:00,12,11,1,23,0,-11,-11
14496,hosp_covid_dis_covid_hours_for,95763,2022-05-05,Четверг,13:00,18,17,1,36,0,-18,-18
14497,hosp_covid_dis_covid_hours_for,95765,2022-05-05,Четверг,14:00,22,21,1,51,0,-29,-29
14498,hosp_covid_dis_covid_hours_for,95767,2022-05-05,Четверг,15:00,25,24,1,70,0,-45,-45
14499,hosp_covid_dis_covid_hours_for,95769,2022-05-05,Четверг,16:00,34,33,1,84,0,-50,-50
14500,hosp_covid_dis_covid_hours_for,95771,2022-05-05,Четверг,17:00,42,41,1,86,0,-44,-44
14501,hosp_covid_dis_covid_hours_for,95773,2022-05-05,Четверг,18:00,53,50,3,88,0,-35,-35
14502,hosp_covid_dis_covid_hours_for,95775,2022-05-05,Четверг,19:00,58,55,3,90,0,-32,-32
14503,hosp_covid_dis_covid_hours_for,95777,2022-05-05,Четверг,20:00,64,59,5,92,0,-28,-28
14504,hosp_covid_dis_covid_hours_for,95779,2022-05-05,Четверг,21:00,66,61,5,92,0,-26,-26
14505,hosp_covid_dis_covid_hours_for,95781,2022-05-05,Четверг,22:00,70,65,5,92,0,-22,-22
14506,hosp_covid_dis_covid_hours_for,95787,2022-05-05,Четверг,23:00,72,67,5,95,0,-23,-23
14507,hosp_covid_dis_covid_hours_for,95790,2022-05-06,Пятница,01:00,1,1,0,0,0,1,1
14508,hosp_covid_dis_covid_hours_for,95791,2022-05-05,Четверг,сутки,79,74,5,95,0,-16,-16
14509,hosp_covid_dis_covid_hours_for,95793,2022-05-06,Пятница,02:00,1,1,0,0,0,1,1
14510,hosp_covid_dis_covid_hours_for,95795,2022-05-06,Пятница,03:00,3,3,0,0,0,3,3
14511,hosp_covid_dis_covid_hours_for,95797,2022-05-06,Пятница,04:00,4,4,0,0,0,4,4
14512,hosp_covid_dis_covid_hours_for,95799,2022-05-06,Пятница,05:00,8,8,0,0,0,8,8
14513,hosp_covid_dis_covid_hours_for,95801,2022-05-06,Пятница,06:00,9,9,0,0,0,9,9
14514,hosp_covid_dis_covid_hours_for,95803,2022-05-06,Пятница,07:00,10,10,0,1,0,9,9
14515,hosp_covid_dis_covid_hours_for,95805,2022-05-06,Пятница,08:00,10,10,0,1,0,9,9
14516,hosp_covid_dis_covid_hours_for,95807,2022-05-06,Пятница,09:00,10,10,0,3,0,7,7
14517,hosp_covid_dis_covid_hours_for,95809,2022-05-06,Пятница,10:00,11,11,0,6,0,5,5
14518,hosp_covid_dis_covid_hours_for,95811,2022-05-06,Пятница,11:00,11,11,0,16,0,-5,-5
14519,hosp_covid_dis_covid_hours_for,95813,2022-05-06,Пятница,12:00,15,15,0,28,0,-13,-13
14520,hosp_covid_dis_covid_hours_for,95815,2022-05-06,Пятница,13:00,21,20,1,40,0,-19,-19
14521,hosp_covid_dis_covid_hours_for,95817,2022-05-06,Пятница,14:00,24,23,1,53,0,-29,-29
14522,hosp_covid_dis_covid_hours_for,95819,2022-05-06,Пятница,15:00,31,30,1,78,0,-47,-47
14523,hosp_covid_dis_covid_hours_for,95821,2022-05-06,Пятница,16:00,33,32,1,83,0,-50,-50
14524,hosp_covid_dis_covid_hours_for,95823,2022-05-06,Пятница,17:00,43,41,2,87,0,-44,-44
14525,hosp_covid_dis_covid_hours_for,95825,2022-05-06,Пятница,18:00,47,45,2,88,0,-41,-41
14526,hosp_covid_dis_covid_hours_for,95827,2022-05-06,Пятница,19:00,52,50,2,91,0,-39,-39
14527,hosp_covid_dis_covid_hours_for,95829,2022-05-06,Пятница,20:00,56,54,2,91,0,-35,-35
14528,hosp_covid_dis_covid_hours_for,95831,2022-05-06,Пятница,21:00,61,59,2,94,0,-33,-33
14529,hosp_covid_dis_covid_hours_for,95833,2022-05-06,Пятница,22:00,66,64,2,97,0,-31,-31
14530,hosp_covid_dis_covid_hours_for,95839,2022-05-06,Пятница,23:00,70,68,2,97,0,-27,-27
14531,hosp_covid_dis_covid_hours_for,95842,2022-05-07,Суббота,01:00,2,2,0,0,0,2,2
14532,hosp_covid_dis_covid_hours_for,95843,2022-05-06,Пятница,сутки,75,73,2,97,0,-22,-22
14533,hosp_covid_dis_covid_hours_for,95845,2022-05-07,Суббота,02:00,5,5,0,1,0,4,4
14534,hosp_covid_dis_covid_hours_for,95847,2022-05-07,Суббота,03:00,5,5,0,1,0,4,4
14535,hosp_covid_dis_covid_hours_for,95849,2022-05-07,Суббота,04:00,5,5,0,1,0,4,4
14536,hosp_covid_dis_covid_hours_for,95851,2022-05-07,Суббота,05:00,6,6,0,1,0,5,5
14537,hosp_covid_dis_covid_hours_for,95853,2022-05-07,Суббота,06:00,7,7,0,1,0,6,6
14538,hosp_covid_dis_covid_hours_for,95855,2022-05-07,Суббота,07:00,8,8,0,1,0,7,7
14539,hosp_covid_dis_covid_hours_for,95857,2022-05-07,Суббота,08:00,9,9,0,5,0,4,4
14540,hosp_covid_dis_covid_hours_for,95859,2022-05-07,Суббота,09:00,11,11,0,7,0,4,4
14541,hosp_covid_dis_covid_hours_for,95861,2022-05-07,Суббота,10:00,11,11,0,13,0,-2,-2
14542,hosp_covid_dis_covid_hours_for,95863,2022-05-07,Суббота,11:00,13,13,0,19,0,-6,-6
14543,hosp_covid_dis_covid_hours_for,95865,2022-05-07,Суббота,12:00,17,14,3,29,0,-12,-12
14544,hosp_covid_dis_covid_hours_for,95867,2022-05-07,Суббота,13:00,19,15,4,33,0,-14,-14
14545,hosp_covid_dis_covid_hours_for,95869,2022-05-07,Суббота,14:00,22,19,3,41,0,-19,-19
14546,hosp_covid_dis_covid_hours_for,95871,2022-05-07,Суббота,15:00,25,22,3,51,0,-26,-26
14547,hosp_covid_dis_covid_hours_for,95873,2022-05-07,Суббота,16:00,30,27,3,54,0,-24,-24
14548,hosp_covid_dis_covid_hours_for,95875,2022-05-07,Суббота,17:00,33,30,3,58,0,-25,-25
14549,hosp_covid_dis_covid_hours_for,95877,2022-05-07,Суббота,18:00,35,31,4,58,0,-23,-23
14550,hosp_covid_dis_covid_hours_for,95879,2022-05-07,Суббота,19:00,40,36,4,61,0,-21,-21
14551,hosp_covid_dis_covid_hours_for,95881,2022-05-07,Суббота,20:00,41,37,4,62,0,-21,-21
14552,hosp_covid_dis_covid_hours_for,95883,2022-05-07,Суббота,21:00,52,48,4,63,0,-11,-11
14553,hosp_covid_dis_covid_hours_for,95885,2022-05-07,Суббота,22:00,54,50,4,63,0,-9,-9
14554,hosp_covid_dis_covid_hours_for,95891,2022-05-07,Суббота,23:00,56,52,4,63,0,-7,-7
14555,hosp_covid_dis_covid_hours_for,95894,2022-05-08,Воскресенье,01:00,1,1,0,1,0,0,0
14556,hosp_covid_dis_covid_hours_for,95895,2022-05-07,Суббота,сутки,65,61,4,63,0,2,2
14557,hosp_covid_dis_covid_hours_for,95897,2022-05-08,Воскресенье,02:00,4,4,0,1,0,3,3
14558,hosp_covid_dis_covid_hours_for,95899,2022-05-08,Воскресенье,03:00,5,5,0,1,0,4,4
14559,hosp_covid_dis_covid_hours_for,95901,2022-05-08,Воскресенье,04:00,5,5,0,2,0,3,3
14560,hosp_covid_dis_covid_hours_for,95903,2022-05-08,Воскресенье,05:00,7,7,0,3,0,4,4
14561,hosp_covid_dis_covid_hours_for,95905,2022-05-08,Воскресенье,06:00,7,7,0,4,0,3,3
14562,hosp_covid_dis_covid_hours_for,95907,2022-05-08,Воскресенье,07:00,9,9,0,4,0,5,5
14563,hosp_covid_dis_covid_hours_for,95909,2022-05-08,Воскресенье,08:00,11,11,0,5,0,6,6
14564,hosp_covid_dis_covid_hours_for,95911,2022-05-08,Воскресенье,09:00,11,11,0,7,0,4,4
14565,hosp_covid_dis_covid_hours_for,95913,2022-05-08,Воскресенье,10:00,14,14,0,13,0,1,1
14566,hosp_covid_dis_covid_hours_for,95915,2022-05-08,Воскресенье,11:00,21,20,1,15,0,6,6
14567,hosp_covid_dis_covid_hours_for,95917,2022-05-08,Воскресенье,12:00,26,25,1,20,0,6,6
14568,hosp_covid_dis_covid_hours_for,95919,2022-05-08,Воскресенье,13:00,28,27,1,26,0,2,2
14569,hosp_covid_dis_covid_hours_for,95921,2022-05-08,Воскресенье,14:00,34,33,1,30,0,4,4
14570,hosp_covid_dis_covid_hours_for,95923,2022-05-08,Воскресенье,15:00,36,35,1,35,0,1,1
14571,hosp_covid_dis_covid_hours_for,95925,2022-05-08,Воскресенье,16:00,37,36,1,42,0,-5,-5
14572,hosp_covid_dis_covid_hours_for,95927,2022-05-08,Воскресенье,17:00,42,40,2,42,0,0,0
14573,hosp_covid_dis_covid_hours_for,95929,2022-05-08,Воскресенье,18:00,43,41,2,43,0,0,0
14574,hosp_covid_dis_covid_hours_for,95931,2022-05-08,Воскресенье,19:00,45,43,2,43,0,2,2
14575,hosp_covid_dis_covid_hours_for,95933,2022-05-08,Воскресенье,20:00,46,43,3,43,0,3,3
14576,hosp_covid_dis_covid_hours_for,95935,2022-05-08,Воскресенье,21:00,61,58,3,46,0,15,15
14577,hosp_covid_dis_covid_hours_for,95937,2022-05-08,Воскресенье,22:00,63,60,3,46,0,17,17
14578,hosp_covid_dis_covid_hours_for,95943,2022-05-08,Воскресенье,23:00,65,62,3,47,0,18,18
14579,hosp_covid_dis_covid_hours_for,95946,2022-05-09,Понедельник,01:00,1,1,0,0,0,1,1
14580,hosp_covid_dis_covid_hours_for,95947,2022-05-08,Воскресенье,сутки,69,66,3,47,0,22,22
14581,hosp_covid_dis_covid_hours_for,95949,2022-05-09,Понедельник,02:00,2,2,0,0,0,2,2
14582,hosp_covid_dis_covid_hours_for,95951,2022-05-09,Понедельник,03:00,4,4,0,0,0,4,4
14583,hosp_covid_dis_covid_hours_for,95953,2022-05-09,Понедельник,04:00,8,8,0,0,0,8,8
14584,hosp_covid_dis_covid_hours_for,95955,2022-05-09,Понедельник,05:00,8,8,0,1,0,7,7
14585,hosp_covid_dis_covid_hours_for,95957,2022-05-09,Понедельник,06:00,8,8,0,1,0,7,7
14586,hosp_covid_dis_covid_hours_for,95959,2022-05-09,Понедельник,07:00,8,8,0,1,0,7,7
14587,hosp_covid_dis_covid_hours_for,95961,2022-05-09,Понедельник,08:00,8,8,0,2,0,6,6
14588,hosp_covid_dis_covid_hours_for,95963,2022-05-09,Понедельник,09:00,9,9,0,6,0,3,3
14589,hosp_covid_dis_covid_hours_for,95965,2022-05-09,Понедельник,10:00,10,10,0,9,0,1,1
14590,hosp_covid_dis_covid_hours_for,95967,2022-05-09,Понедельник,11:00,13,13,0,11,0,2,2
14591,hosp_covid_dis_covid_hours_for,95969,2022-05-09,Понедельник,12:00,17,17,0,14,0,3,3
14592,hosp_covid_dis_covid_hours_for,95971,2022-05-09,Понедельник,13:00,19,19,0,17,0,2,2
14593,hosp_covid_dis_covid_hours_for,95973,2022-05-09,Понедельник,14:00,22,22,0,23,0,-1,-1
14594,hosp_covid_dis_covid_hours_for,95975,2022-05-09,Понедельник,15:00,26,26,0,25,0,1,1
14595,hosp_covid_dis_covid_hours_for,95977,2022-05-09,Понедельник,16:00,29,29,0,27,0,2,2
14596,hosp_covid_dis_covid_hours_for,95979,2022-05-09,Понедельник,17:00,31,31,0,27,0,4,4
14597,hosp_covid_dis_covid_hours_for,95981,2022-05-09,Понедельник,18:00,35,35,0,33,0,2,2
14598,hosp_covid_dis_covid_hours_for,95983,2022-05-09,Понедельник,19:00,36,36,0,33,0,3,3
14599,hosp_covid_dis_covid_hours_for,95985,2022-05-09,Понедельник,20:00,40,40,0,34,0,6,6
14600,hosp_covid_dis_covid_hours_for,95987,2022-05-09,Понедельник,21:00,40,40,0,35,0,5,5
14601,hosp_covid_dis_covid_hours_for,95989,2022-05-09,Понедельник,22:00,46,45,1,37,0,9,9
14602,hosp_covid_dis_covid_hours_for,95995,2022-05-09,Понедельник,23:00,52,51,1,38,0,14,14
14603,hosp_covid_dis_covid_hours_for,95998,2022-05-10,Вторник,01:00,2,2,0,0,0,2,2
14604,hosp_covid_dis_covid_hours_for,95999,2022-05-09,Понедельник,сутки,58,57,1,38,0,20,20
14605,hosp_covid_dis_covid_hours_for,96001,2022-05-10,Вторник,02:00,4,4,0,0,0,4,4
14606,hosp_covid_dis_covid_hours_for,96003,2022-05-10,Вторник,03:00,6,6,0,0,0,6,6
14607,hosp_covid_dis_covid_hours_for,96005,2022-05-10,Вторник,04:00,10,10,0,0,0,10,10
14608,hosp_covid_dis_covid_hours_for,96007,2022-05-10,Вторник,05:00,10,10,0,0,0,10,10
14609,hosp_covid_dis_covid_hours_for,96009,2022-05-10,Вторник,06:00,10,10,0,0,0,10,10
14610,hosp_covid_dis_covid_hours_for,96011,2022-05-10,Вторник,07:00,10,10,0,0,0,10,10
14611,hosp_covid_dis_covid_hours_for,96013,2022-05-10,Вторник,08:00,11,11,0,4,0,7,7
14612,hosp_covid_dis_covid_hours_for,96015,2022-05-10,Вторник,09:00,12,12,0,5,0,7,7
14613,hosp_covid_dis_covid_hours_for,96017,2022-05-10,Вторник,10:00,13,13,0,8,0,5,5
14614,hosp_covid_dis_covid_hours_for,96019,2022-05-10,Вторник,11:00,15,15,0,15,0,0,0
14615,hosp_covid_dis_covid_hours_for,96021,2022-05-10,Вторник,12:00,18,18,0,24,0,-6,-6
14616,hosp_covid_dis_covid_hours_for,96023,2022-05-10,Вторник,13:00,20,20,0,33,0,-13,-13
14617,hosp_covid_dis_covid_hours_for,96025,2022-05-10,Вторник,14:00,26,25,1,39,0,-13,-13
14618,hosp_covid_dis_covid_hours_for,96027,2022-05-10,Вторник,15:00,33,32,1,43,0,-10,-10
14619,hosp_covid_dis_covid_hours_for,96029,2022-05-10,Вторник,16:00,37,36,1,45,0,-8,-8
14620,hosp_covid_dis_covid_hours_for,96031,2022-05-10,Вторник,17:00,43,42,1,45,0,-2,-2
14621,hosp_covid_dis_covid_hours_for,96033,2022-05-10,Вторник,18:00,48,47,1,47,0,1,1
14622,hosp_covid_dis_covid_hours_for,96035,2022-05-10,Вторник,19:00,50,49,1,50,0,0,0
14623,hosp_covid_dis_covid_hours_for,96037,2022-05-10,Вторник,20:00,51,50,1,51,0,0,0
14624,hosp_covid_dis_covid_hours_for,96039,2022-05-10,Вторник,21:00,52,51,1,51,0,1,1
14625,hosp_covid_dis_covid_hours_for,96041,2022-05-10,Вторник,22:00,55,54,1,52,0,3,3
14626,hosp_covid_dis_covid_hours_for,96047,2022-05-10,Вторник,23:00,58,57,1,52,0,6,6
14627,hosp_covid_dis_covid_hours_for,96050,2022-05-11,Среда,01:00,0,0,0,0,0,0,0
14628,hosp_covid_dis_covid_hours_for,96051,2022-05-10,Вторник,сутки,60,59,1,52,0,8,8
14629,hosp_covid_dis_covid_hours_for,96053,2022-05-11,Среда,02:00,0,0,0,0,0,0,0
14630,hosp_covid_dis_covid_hours_for,96055,2022-05-11,Среда,03:00,0,0,0,0,0,0,0
14631,hosp_covid_dis_covid_hours_for,96057,2022-05-11,Среда,04:00,3,3,0,0,0,3,3
14632,hosp_covid_dis_covid_hours_for,96059,2022-05-11,Среда,05:00,3,3,0,0,0,3,3
14633,hosp_covid_dis_covid_hours_for,96061,2022-05-11,Среда,06:00,5,5,0,0,0,5,5
14634,hosp_covid_dis_covid_hours_for,96063,2022-05-11,Среда,07:00,5,5,0,1,0,4,4
14635,hosp_covid_dis_covid_hours_for,96065,2022-05-11,Среда,08:00,5,5,0,5,0,0,0
14636,hosp_covid_dis_covid_hours_for,96067,2022-05-11,Среда,09:00,5,5,0,4,0,1,1
14637,hosp_covid_dis_covid_hours_for,96069,2022-05-11,Среда,10:00,7,6,1,7,0,0,0
14638,hosp_covid_dis_covid_hours_for,96071,2022-05-11,Среда,11:00,8,7,1,12,0,-4,-4
14639,hosp_covid_dis_covid_hours_for,96073,2022-05-11,Среда,12:00,10,9,1,21,0,-11,-11
14640,hosp_covid_dis_covid_hours_for,96075,2022-05-11,Среда,13:00,16,15,1,37,0,-21,-21
14641,hosp_covid_dis_covid_hours_for,96077,2022-05-11,Среда,14:00,19,18,1,47,0,-28,-28
14642,hosp_covid_dis_covid_hours_for,96079,2022-05-11,Среда,15:00,24,23,1,56,0,-32,-32
14643,hosp_covid_dis_covid_hours_for,96081,2022-05-11,Среда,16:00,26,25,1,62,0,-36,-36
14644,hosp_covid_dis_covid_hours_for,96083,2022-05-11,Среда,17:00,30,29,1,70,0,-40,-40
14645,hosp_covid_dis_covid_hours_for,96085,2022-05-11,Среда,18:00,37,36,1,72,0,-35,-35
14646,hosp_covid_dis_covid_hours_for,96087,2022-05-11,Среда,19:00,39,38,1,75,0,-36,-36
14647,hosp_covid_dis_covid_hours_for,96089,2022-05-11,Среда,20:00,42,41,1,75,0,-33,-33
14648,hosp_covid_dis_covid_hours_for,96091,2022-05-11,Среда,21:00,44,43,1,79,0,-35,-35
14649,hosp_covid_dis_covid_hours_for,96093,2022-05-11,Среда,22:00,49,48,1,80,0,-31,-31
14650,hosp_covid_dis_covid_hours_for,96099,2022-05-11,Среда,23:00,51,50,1,82,0,-31,-31
14651,hosp_covid_dis_covid_hours_for,96102,2022-05-12,Четверг,01:00,1,1,0,0,0,1,1
14652,hosp_covid_dis_covid_hours_for,96103,2022-05-11,Среда,сутки,55,54,1,82,0,-27,-27
14653,hosp_covid_dis_covid_hours_for,96105,2022-05-12,Четверг,02:00,2,2,0,0,0,2,2
14654,hosp_covid_dis_covid_hours_for,96107,2022-05-12,Четверг,03:00,4,4,0,0,0,4,4
14655,hosp_covid_dis_covid_hours_for,96109,2022-05-12,Четверг,04:00,5,5,0,0,0,5,5
14656,hosp_covid_dis_covid_hours_for,96111,2022-05-12,Четверг,05:00,6,6,0,0,0,6,6
14657,hosp_covid_dis_covid_hours_for,96113,2022-05-12,Четверг,06:00,6,6,0,0,0,6,6
14658,hosp_covid_dis_covid_hours_for,96115,2022-05-12,Четверг,07:00,6,6,0,0,0,6,6
14659,hosp_covid_dis_covid_hours_for,96117,2022-05-12,Четверг,08:00,8,8,0,1,0,7,7
14660,hosp_covid_dis_covid_hours_for,96119,2022-05-12,Четверг,09:01,9,9,0,2,0,7,7
14661,hosp_covid_dis_covid_hours_for,96121,2022-05-12,Четверг,10:00,10,10,0,2,0,8,8
14662,hosp_covid_dis_covid_hours_for,96123,2022-05-12,Четверг,11:00,11,11,0,7,0,4,4
14663,hosp_covid_dis_covid_hours_for,96125,2022-05-12,Четверг,12:00,19,18,1,13,0,6,6
14664,hosp_covid_dis_covid_hours_for,96127,2022-05-12,Четверг,13:00,20,19,1,25,0,-5,-5
14665,hosp_covid_dis_covid_hours_for,96129,2022-05-12,Четверг,14:00,27,26,1,38,0,-11,-11
14666,hosp_covid_dis_covid_hours_for,96131,2022-05-12,Четверг,15:00,33,31,2,47,0,-14,-14
14667,hosp_covid_dis_covid_hours_for,96133,2022-05-12,Четверг,16:00,39,35,4,55,0,-16,-16
14668,hosp_covid_dis_covid_hours_for,96135,2022-05-12,Четверг,17:00,47,40,7,58,0,-11,-11
14669,hosp_covid_dis_covid_hours_for,96136,2022-05-12,Четверг 17:00,сутки,47,40,7,58,0,-11,-11
14670,hosp_covid_dis_covid_hours_for,96138,2022-05-13,Пятница,09:03,9,9,0,9,0,0,0
14671,hosp_covid_dis_covid_hours_for,96140,2022-05-13,Пятница,10:00,10,10,0,10,0,0,0
14672,hosp_covid_dis_covid_hours_for,96142,2022-05-13,Пятница,11:00,12,12,0,21,0,-9,-9
14673,hosp_covid_dis_covid_hours_for,96144,2022-05-13,Пятница,12:00,14,14,0,35,0,-21,-21
14674,hosp_covid_dis_covid_hours_for,96146,2022-05-13,Пятница,13:00,24,23,1,49,0,-25,-25
14675,hosp_covid_dis_covid_hours_for,96148,2022-05-13,Пятница,14:00,29,28,1,59,0,-30,-30
14676,hosp_covid_dis_covid_hours_for,96150,2022-05-13,Пятница,15:00,33,32,1,70,0,-37,-37
14677,hosp_covid_dis_covid_hours_for,96152,2022-05-13,Пятница,16:00,39,37,2,74,0,-35,-35
14678,hosp_covid_dis_covid_hours_for,96154,2022-05-13,Пятница,17:00,41,39,2,77,0,-36,-36
14679,hosp_covid_dis_covid_hours_for,96156,2022-05-13,Пятница,18:00,49,47,2,82,0,-33,-33
14680,hosp_covid_dis_covid_hours_for,96158,2022-05-13,Пятница,19:00,52,50,2,86,0,-34,-34
14681,hosp_covid_dis_covid_hours_for,96160,2022-05-13,Пятница,20:00,57,54,3,89,0,-32,-32
14682,hosp_covid_dis_covid_hours_for,96162,2022-05-13,Пятница,21:00,61,58,3,89,0,-28,-28
14683,hosp_covid_dis_covid_hours_for,96164,2022-05-13,Пятница,22:00,65,62,3,89,0,-24,-24
14684,hosp_covid_dis_covid_hours_for,96170,2022-05-13,Пятница,23:00,70,67,3,89,0,-19,-19
14685,hosp_covid_dis_covid_hours_for,96173,2022-05-14,Суббота,01:00,1,1,0,0,0,1,1
14686,hosp_covid_dis_covid_hours_for,96174,2022-05-13,Пятница,сутки,77,74,3,89,0,-12,-12
14687,hosp_covid_dis_covid_hours_for,96176,2022-05-14,Суббота,02:00,3,3,0,0,0,3,3
14688,hosp_covid_dis_covid_hours_for,96178,2022-05-14,Суббота,03:00,4,4,0,1,0,3,3
14689,hosp_covid_dis_covid_hours_for,96180,2022-05-14,Суббота,04:00,4,4,0,1,0,3,3
14690,hosp_covid_dis_covid_hours_for,96182,2022-05-14,Суббота,05:00,5,5,0,1,0,4,4
14691,hosp_covid_dis_covid_hours_for,96184,2022-05-14,Суббота,06:00,8,8,0,2,0,6,6
14692,hosp_covid_dis_covid_hours_for,96186,2022-05-14,Суббота,07:00,9,9,0,3,0,6,6
14693,hosp_covid_dis_covid_hours_for,96188,2022-05-14,Суббота,08:00,8,8,0,8,0,0,0
14694,hosp_covid_dis_covid_hours_for,96190,2022-05-14,Суббота,09:00,7,7,0,8,0,-1,-1
14695,hosp_covid_dis_covid_hours_for,96192,2022-05-14,Суббота,10:00,7,7,0,10,0,-3,-3
14696,hosp_covid_dis_covid_hours_for,96194,2022-05-14,Суббота,11:00,8,8,0,19,0,-11,-11
14697,hosp_covid_dis_covid_hours_for,96196,2022-05-14,Суббота,12:00,15,13,2,27,0,-12,-12
14698,hosp_covid_dis_covid_hours_for,96198,2022-05-14,Суббота,13:00,17,14,3,31,0,-14,-14
14699,hosp_covid_dis_covid_hours_for,96200,2022-05-14,Суббота,14:00,22,19,3,41,0,-19,-19
14700,hosp_covid_dis_covid_hours_for,96202,2022-05-14,Суббота,15:00,23,20,3,45,0,-22,-22
14701,hosp_covid_dis_covid_hours_for,96204,2022-05-14,Суббота,16:00,27,24,3,49,0,-22,-22
14702,hosp_covid_dis_covid_hours_for,96206,2022-05-14,Суббота,17:00,28,25,3,54,0,-26,-26
14703,hosp_covid_dis_covid_hours_for,96208,2022-05-14,Суббота,18:00,29,26,3,55,0,-26,-26
14704,hosp_covid_dis_covid_hours_for,96210,2022-05-14,Суббота,19:00,33,30,3,55,0,-22,-22
14705,hosp_covid_dis_covid_hours_for,96212,2022-05-14,Суббота,20:00,36,33,3,56,0,-20,-20
14706,hosp_covid_dis_covid_hours_for,96214,2022-05-14,Суббота,21:00,41,38,3,56,0,-15,-15
14707,hosp_covid_dis_covid_hours_for,96216,2022-05-14,Суббота,22:00,46,43,3,56,0,-10,-10
14708,hosp_covid_dis_covid_hours_for,96222,2022-05-14,Суббота,23:00,50,47,3,57,0,-7,-7
14709,hosp_covid_dis_covid_hours_for,96225,2022-05-15,Воскресенье,01:00,1,1,0,0,0,1,1
14710,hosp_covid_dis_covid_hours_for,96226,2022-05-14,Суббота,сутки,53,50,3,57,0,-4,-4
14711,hosp_covid_dis_covid_hours_for,96228,2022-05-15,Воскресенье,02:00,2,2,0,0,0,2,2
14712,hosp_covid_dis_covid_hours_for,96230,2022-05-15,Воскресенье,03:00,3,3,0,0,0,3,3
14713,hosp_covid_dis_covid_hours_for,96232,2022-05-15,Воскресенье,04:00,5,5,0,0,0,5,5
14714,hosp_covid_dis_covid_hours_for,96234,2022-05-15,Воскресенье,05:00,5,5,0,0,0,5,5
14715,hosp_covid_dis_covid_hours_for,96236,2022-05-15,Воскресенье,06:00,5,5,0,0,0,5,5
14716,hosp_covid_dis_covid_hours_for,96238,2022-05-15,Воскресенье,07:00,5,5,0,0,0,5,5
14717,hosp_covid_dis_covid_hours_for,96240,2022-05-15,Воскресенье,08:00,5,5,0,2,0,3,3
14718,hosp_covid_dis_covid_hours_for,96242,2022-05-15,Воскресенье,09:00,6,6,0,3,0,3,3
14719,hosp_covid_dis_covid_hours_for,96244,2022-05-15,Воскресенье,10:00,7,7,0,6,0,1,1
14720,hosp_covid_dis_covid_hours_for,96246,2022-05-15,Воскресенье,11:00,8,8,0,10,0,-2,-2
14721,hosp_covid_dis_covid_hours_for,96248,2022-05-15,Воскресенье,12:00,11,11,0,12,0,-1,-1
14722,hosp_covid_dis_covid_hours_for,96250,2022-05-15,Воскресенье,13:00,14,14,0,16,0,-2,-2
14723,hosp_covid_dis_covid_hours_for,96252,2022-05-15,Воскресенье,14:00,18,16,2,27,0,-9,-9
14724,hosp_covid_dis_covid_hours_for,96254,2022-05-15,Воскресенье,15:00,21,18,3,31,0,-10,-10
14725,hosp_covid_dis_covid_hours_for,96256,2022-05-15,Воскресенье,16:00,26,22,4,39,0,-13,-13
14726,hosp_covid_dis_covid_hours_for,96258,2022-05-15,Воскресенье,17:00,32,28,4,42,0,-10,-10
14727,hosp_covid_dis_covid_hours_for,96260,2022-05-15,Воскресенье,18:00,33,29,4,43,0,-10,-10
14728,hosp_covid_dis_covid_hours_for,96262,2022-05-15,Воскресенье,19:00,37,33,4,44,0,-7,-7
14729,hosp_covid_dis_covid_hours_for,96264,2022-05-15,Воскресенье,20:00,41,37,4,47,0,-6,-6
14730,hosp_covid_dis_covid_hours_for,96266,2022-05-15,Воскресенье,21:00,45,40,5,49,0,-4,-4
14731,hosp_covid_dis_covid_hours_for,96268,2022-05-15,Воскресенье,22:00,46,41,5,49,0,-3,-3
14732,hosp_covid_dis_covid_hours_for,96274,2022-05-15,Воскресенье,23:00,49,44,5,50,0,-1,-1
14733,hosp_covid_dis_covid_hours_for,96277,2022-05-16,Понедельник,01:00,1,1,0,0,0,1,1
14734,hosp_covid_dis_covid_hours_for,96278,2022-05-15,Воскресенье,сутки,52,47,5,50,0,2,2
14735,hosp_covid_dis_covid_hours_for,96280,2022-05-16,Понедельник,02:00,2,2,0,0,0,2,2
14736,hosp_covid_dis_covid_hours_for,96282,2022-05-16,Понедельник,03:00,6,6,0,0,0,6,6
14737,hosp_covid_dis_covid_hours_for,96284,2022-05-16,Понедельник,04:00,7,7,0,0,0,7,7
14738,hosp_covid_dis_covid_hours_for,96286,2022-05-16,Понедельник,05:00,8,8,0,0,0,8,8
14739,hosp_covid_dis_covid_hours_for,96288,2022-05-16,Понедельник,06:00,8,8,0,0,0,8,8
14740,hosp_covid_dis_covid_hours_for,96290,2022-05-16,Понедельник,07:00,8,8,0,1,0,7,7
14741,hosp_covid_dis_covid_hours_for,96292,2022-05-16,Понедельник,08:00,8,8,0,5,0,3,3
14742,hosp_covid_dis_covid_hours_for,96294,2022-05-16,Понедельник,09:00,9,9,0,7,0,2,2
14743,hosp_covid_dis_covid_hours_for,96296,2022-05-16,Понедельник,10:00,9,9,0,11,0,-2,-2
14744,hosp_covid_dis_covid_hours_for,96298,2022-05-16,Понедельник,11:00,11,11,0,16,0,-5,-5
14745,hosp_covid_dis_covid_hours_for,96300,2022-05-16,Понедельник,12:00,12,12,0,20,0,-8,-8
14746,hosp_covid_dis_covid_hours_for,96302,2022-05-16,Понедельник,13:00,18,18,0,28,0,-10,-10
14747,hosp_covid_dis_covid_hours_for,96304,2022-05-16,Понедельник,14:00,24,22,2,38,0,-14,-14
14748,hosp_covid_dis_covid_hours_for,96306,2022-05-16,Понедельник,15:00,31,29,2,53,0,-22,-22
14749,hosp_covid_dis_covid_hours_for,96308,2022-05-16,Понедельник,16:00,35,33,2,60,0,-25,-25
14750,hosp_covid_dis_covid_hours_for,96310,2022-05-16,Понедельник,17:00,42,40,2,64,0,-22,-22
14751,hosp_covid_dis_covid_hours_for,96312,2022-05-16,Понедельник,18:00,45,43,2,66,0,-21,-21
14752,hosp_covid_dis_covid_hours_for,96314,2022-05-16,Понедельник,19:00,49,47,2,66,0,-17,-17
14753,hosp_covid_dis_covid_hours_for,96316,2022-05-16,Понедельник,20:00,51,49,2,69,0,-18,-18
14754,hosp_covid_dis_covid_hours_for,96318,2022-05-16,Понедельник,21:00,56,54,2,70,0,-14,-14
14755,hosp_covid_dis_covid_hours_for,96320,2022-05-16,Понедельник,22:00,59,57,2,71,0,-12,-12
14756,hosp_covid_dis_covid_hours_for,96326,2022-05-16,Понедельник,23:00,58,56,2,70,0,-12,-12
14757,hosp_covid_dis_covid_hours_for,96329,2022-05-17,Вторник,01:00,1,1,0,1,0,0,0
14758,hosp_covid_dis_covid_hours_for,96330,2022-05-16,Понедельник,сутки,62,60,2,71,0,-9,-9
14759,hosp_covid_dis_covid_hours_for,96332,2022-05-17,Вторник,02:00,4,4,0,1,0,3,3
14760,hosp_covid_dis_covid_hours_for,96334,2022-05-17,Вторник,03:00,5,5,0,2,0,3,3
14761,hosp_covid_dis_covid_hours_for,96336,2022-05-17,Вторник,04:00,6,6,0,2,0,4,4
14762,hosp_covid_dis_covid_hours_for,96338,2022-05-17,Вторник,05:00,7,7,0,2,0,5,5
14763,hosp_covid_dis_covid_hours_for,96340,2022-05-17,Вторник,06:00,7,7,0,3,0,4,4
14764,hosp_covid_dis_covid_hours_for,96342,2022-05-17,Вторник,07:00,8,8,0,4,0,4,4
14765,hosp_covid_dis_covid_hours_for,96344,2022-05-17,Вторник,08:00,10,10,0,5,0,5,5
14766,hosp_covid_dis_covid_hours_for,96346,2022-05-17,Вторник,09:00,9,9,0,6,0,3,3
14767,hosp_covid_dis_covid_hours_for,96348,2022-05-17,Вторник,10:01,10,10,0,10,0,0,0
14768,hosp_covid_dis_covid_hours_for,96350,2022-05-17,Вторник,11:00,10,10,0,13,0,-3,-3
14769,hosp_covid_dis_covid_hours_for,96352,2022-05-17,Вторник,12:00,14,14,0,16,0,-2,-2
14770,hosp_covid_dis_covid_hours_for,96354,2022-05-17,Вторник,13:00,13,13,0,25,0,-12,-12
14771,hosp_covid_dis_covid_hours_for,96356,2022-05-17,Вторник,14:00,18,18,0,31,0,-13,-13
14772,hosp_covid_dis_covid_hours_for,96358,2022-05-17,Вторник,15:00,22,22,0,34,0,-12,-12
14773,hosp_covid_dis_covid_hours_for,96360,2022-05-17,Вторник,16:00,25,25,0,42,0,-17,-17
14774,hosp_covid_dis_covid_hours_for,96362,2022-05-17,Вторник,17:00,29,29,0,46,0,-17,-17
14775,hosp_covid_dis_covid_hours_for,96364,2022-05-17,Вторник,18:00,33,33,0,48,0,-15,-15
14776,hosp_covid_dis_covid_hours_for,96366,2022-05-17,Вторник,19:00,34,34,0,52,0,-18,-18
14777,hosp_covid_dis_covid_hours_for,96368,2022-05-17,Вторник,20:00,41,41,0,53,0,-12,-12
14778,hosp_covid_dis_covid_hours_for,96370,2022-05-17,Вторник,21:00,46,46,0,53,0,-7,-7
14779,hosp_covid_dis_covid_hours_for,96372,2022-05-17,Вторник,22:00,47,46,1,54,0,-7,-7
14780,hosp_covid_dis_covid_hours_for,96374,2022-05-17,Вторник,сутки,47,46,1,54,0,-7,-7
14781,hosp_covid_dis_covid_hours_for,96376,2022-05-18,Среда,02:00,0,0,0,0,0,0,0
14782,hosp_covid_dis_covid_hours_for,96378,2022-05-18,Среда,03:00,0,0,0,0,0,0,0
14783,hosp_covid_dis_covid_hours_for,96380,2022-05-18,Среда,04:00,2,2,0,0,0,2,2
14784,hosp_covid_dis_covid_hours_for,96382,2022-05-18,Среда,05:00,6,6,0,0,0,6,6
14785,hosp_covid_dis_covid_hours_for,96384,2022-05-18,Среда,06:00,6,6,0,0,0,6,6
14786,hosp_covid_dis_covid_hours_for,96386,2022-05-18,Среда,07:00,6,6,0,1,0,5,5
14787,hosp_covid_dis_covid_hours_for,96388,2022-05-18,Среда,08:00,8,8,0,1,0,7,7
14788,hosp_covid_dis_covid_hours_for,96390,2022-05-18,Среда,09:00,8,8,0,4,0,4,4
14789,hosp_covid_dis_covid_hours_for,96392,2022-05-18,Среда,10:00,10,10,0,6,0,4,4
14790,hosp_covid_dis_covid_hours_for,96394,2022-05-18,Среда,11:00,12,12,0,13,0,-1,-1
14791,hosp_covid_dis_covid_hours_for,96396,2022-05-18,Среда,12:00,17,17,0,17,0,0,0
14792,hosp_covid_dis_covid_hours_for,96398,2022-05-18,Среда,13:00,24,24,0,25,0,-1,-1
14793,hosp_covid_dis_covid_hours_for,96400,2022-05-18,Среда,14:00,28,28,0,33,0,-5,-5
14794,hosp_covid_dis_covid_hours_for,96402,2022-05-18,Среда,15:00,34,34,0,33,0,1,1
14795,hosp_covid_dis_covid_hours_for,96404,2022-05-18,Среда,16:00,38,37,1,34,0,4,4
14796,hosp_covid_dis_covid_hours_for,96406,2022-05-18,Среда,17:00,46,45,1,39,0,7,7
14797,hosp_covid_dis_covid_hours_for,96408,2022-05-18,Среда,18:00,52,51,1,41,0,11,11
14798,hosp_covid_dis_covid_hours_for,96410,2022-05-18,Среда,19:00,59,57,2,42,0,17,17
14799,hosp_covid_dis_covid_hours_for,96412,2022-05-18,Среда,20:00,66,64,2,42,0,24,24
14800,hosp_covid_dis_covid_hours_for,96414,2022-05-18,Среда,21:00,68,66,2,42,0,26,26
14801,hosp_covid_dis_covid_hours_for,96416,2022-05-18,Среда,22:00,73,71,2,42,0,31,31
14802,hosp_covid_dis_covid_hours_for,96422,2022-05-18,Среда,23:00,80,78,2,42,0,38,38
14803,hosp_covid_dis_covid_hours_for,96425,2022-05-19,Четверг,01:00,3,3,0,0,0,3,3
14804,hosp_covid_dis_covid_hours_for,96426,2022-05-18,Среда,сутки,84,82,2,44,0,40,40
14805,hosp_covid_dis_covid_hours_for,96428,2022-05-19,Четверг,02:00,6,6,0,0,0,6,6
14806,hosp_covid_dis_covid_hours_for,96430,2022-05-19,Четверг,03:00,6,6,0,0,0,6,6
14807,hosp_covid_dis_covid_hours_for,96432,2022-05-19,Четверг,04:00,8,8,0,0,0,8,8
14808,hosp_covid_dis_covid_hours_for,96434,2022-05-19,Четверг,05:00,9,9,0,0,0,9,9
14809,hosp_covid_dis_covid_hours_for,96436,2022-05-19,Четверг,06:00,10,10,0,0,0,10,10
14810,hosp_covid_dis_covid_hours_for,96438,2022-05-19,Четверг,07:00,10,10,0,0,0,10,10
14811,hosp_covid_dis_covid_hours_for,96440,2022-05-19,Четверг,08:00,10,10,0,0,0,10,10
14812,hosp_covid_dis_covid_hours_for,96442,2022-05-19,Четверг,09:00,11,11,0,0,0,11,11
14813,hosp_covid_dis_covid_hours_for,96444,2022-05-19,Четверг,10:00,11,11,0,5,0,6,6
14814,hosp_covid_dis_covid_hours_for,96446,2022-05-19,Четверг,11:00,12,12,0,13,0,-1,-1
14815,hosp_covid_dis_covid_hours_for,96448,2022-05-19,Четверг,12:00,14,14,0,22,0,-8,-8
14816,hosp_covid_dis_covid_hours_for,96450,2022-05-19,Четверг,13:00,17,16,1,27,0,-10,-10
14817,hosp_covid_dis_covid_hours_for,96452,2022-05-19,Четверг,14:00,21,19,2,32,0,-11,-11
14818,hosp_covid_dis_covid_hours_for,96454,2022-05-19,Четверг,15:00,27,25,2,37,0,-10,-10
14819,hosp_covid_dis_covid_hours_for,96456,2022-05-19,Четверг,16:00,32,30,2,40,0,-8,-8
14820,hosp_covid_dis_covid_hours_for,96458,2022-05-19,Четверг,17:00,38,36,2,43,0,-5,-5
14821,hosp_covid_dis_covid_hours_for,96460,2022-05-19,Четверг,18:00,43,40,3,43,0,0,0
14822,hosp_covid_dis_covid_hours_for,96462,2022-05-19,Четверг,19:00,47,44,3,44,0,3,3
14823,hosp_covid_dis_covid_hours_for,96464,2022-05-19,Четверг,20:00,49,46,3,45,0,4,4
14824,hosp_covid_dis_covid_hours_for,96466,2022-05-19,Четверг,21:00,51,48,3,45,0,6,6
14825,hosp_covid_dis_covid_hours_for,96468,2022-05-19,Четверг,22:00,55,52,3,46,0,9,9
14826,hosp_covid_dis_covid_hours_for,96474,2022-05-19,Четверг,23:00,59,56,3,48,0,11,11
14827,hosp_covid_dis_covid_hours_for,96477,2022-05-20,Пятница,01:00,3,3,0,0,0,3,3
14828,hosp_covid_dis_covid_hours_for,96478,2022-05-19,Четверг,сутки,62,59,3,48,0,14,14
14829,hosp_covid_dis_covid_hours_for,96480,2022-05-20,Пятница,02:00,4,4,0,0,0,4,4
14830,hosp_covid_dis_covid_hours_for,96482,2022-05-20,Пятница,03:00,7,7,0,0,0,7,7
14831,hosp_covid_dis_covid_hours_for,96484,2022-05-20,Пятница,04:00,8,8,0,1,0,7,7
14832,hosp_covid_dis_covid_hours_for,96486,2022-05-20,Пятница,05:00,8,8,0,1,0,7,7
14833,hosp_covid_dis_covid_hours_for,96488,2022-05-20,Пятница,06:00,8,8,0,1,0,7,7
14834,hosp_covid_dis_covid_hours_for,96490,2022-05-20,Пятница,07:00,8,8,0,2,0,6,6
14835,hosp_covid_dis_covid_hours_for,96492,2022-05-20,Пятница,08:00,8,8,0,2,0,6,6
14836,hosp_covid_dis_covid_hours_for,96494,2022-05-20,Пятница,09:00,8,8,0,2,0,6,6
14837,hosp_covid_dis_covid_hours_for,96496,2022-05-20,Пятница,10:00,9,9,0,2,0,7,7
14838,hosp_covid_dis_covid_hours_for,96498,2022-05-20,Пятница,11:00,10,10,0,6,0,4,4
14839,hosp_covid_dis_covid_hours_for,96500,2022-05-20,Пятница,12:00,14,14,0,15,0,-1,-1
14840,hosp_covid_dis_covid_hours_for,96502,2022-05-20,Пятница,13:00,17,17,0,17,0,0,0
14841,hosp_covid_dis_covid_hours_for,96504,2022-05-20,Пятница,14:00,22,22,0,27,0,-5,-5
14842,hosp_covid_dis_covid_hours_for,96506,2022-05-20,Пятница,15:00,25,25,0,31,0,-6,-6
14843,hosp_covid_dis_covid_hours_for,96508,2022-05-20,Пятница,16:00,28,28,0,34,0,-6,-6
14844,hosp_covid_dis_covid_hours_for,96510,2022-05-20,Пятница,17:00,34,34,0,39,0,-5,-5
14845,hosp_covid_dis_covid_hours_for,96512,2022-05-20,Пятница,18:00,40,38,2,42,0,-2,-2
14846,hosp_covid_dis_covid_hours_for,96514,2022-05-20,Пятница,19:00,43,41,2,42,0,1,1
14847,hosp_covid_dis_covid_hours_for,96516,2022-05-20,Пятница,20:00,49,47,2,42,0,7,7
14848,hosp_covid_dis_covid_hours_for,96518,2022-05-20,Пятница,21:00,50,48,2,44,0,6,6
14849,hosp_covid_dis_covid_hours_for,96520,2022-05-20,Пятница,22:00,57,55,2,44,0,13,13
14850,hosp_covid_dis_covid_hours_for,96526,2022-05-20,Пятница,23:00,60,58,2,44,0,16,16
14851,hosp_covid_dis_covid_hours_for,96529,2022-05-21,Суббота,01:00,1,1,0,0,0,1,1
14852,hosp_covid_dis_covid_hours_for,96530,2022-05-20,Пятница,сутки,64,62,2,44,0,20,20
14853,hosp_covid_dis_covid_hours_for,96532,2022-05-21,Суббота,02:00,3,3,0,0,0,3,3
14854,hosp_covid_dis_covid_hours_for,96534,2022-05-21,Суббота,03:00,3,3,0,0,0,3,3
14855,hosp_covid_dis_covid_hours_for,96536,2022-05-21,Суббота,04:00,5,5,0,0,0,5,5
14856,hosp_covid_dis_covid_hours_for,96538,2022-05-21,Суббота,05:00,5,5,0,1,0,4,4
14857,hosp_covid_dis_covid_hours_for,96540,2022-05-21,Суббота,06:00,5,5,0,1,0,4,4
14858,hosp_covid_dis_covid_hours_for,96542,2022-05-21,Суббота,07:00,5,5,0,1,0,4,4
14859,hosp_covid_dis_covid_hours_for,96544,2022-05-21,Суббота,08:00,5,5,0,1,0,4,4
14860,hosp_covid_dis_covid_hours_for,96546,2022-05-21,Суббота,09:00,5,5,0,1,0,4,4
14861,hosp_covid_dis_covid_hours_for,96548,2022-05-21,Суббота,10:00,7,7,0,3,0,4,4
14862,hosp_covid_dis_covid_hours_for,96550,2022-05-21,Суббота,11:00,10,10,0,12,0,-2,-2
14863,hosp_covid_dis_covid_hours_for,96552,2022-05-21,Суббота,12:00,16,16,0,15,0,1,1
14864,hosp_covid_dis_covid_hours_for,96554,2022-05-21,Суббота,13:00,16,16,0,25,0,-9,-9
14865,hosp_covid_dis_covid_hours_for,96556,2022-05-21,Суббота,14:00,22,22,0,25,0,-3,-3
14866,hosp_covid_dis_covid_hours_for,96558,2022-05-21,Суббота,15:00,27,27,0,31,0,-4,-4
14867,hosp_covid_dis_covid_hours_for,96560,2022-05-21,Суббота,16:00,34,33,1,32,0,2,2
14868,hosp_covid_dis_covid_hours_for,96562,2022-05-21,Суббота,17:00,38,37,1,32,0,6,6
14869,hosp_covid_dis_covid_hours_for,96564,2022-05-21,Суббота,18:00,43,42,1,32,0,11,11
14870,hosp_covid_dis_covid_hours_for,96566,2022-05-21,Суббота,19:00,45,44,1,33,0,12,12
14871,hosp_covid_dis_covid_hours_for,96568,2022-05-21,Суббота,20:00,53,52,1,34,0,19,19
14872,hosp_covid_dis_covid_hours_for,96570,2022-05-21,Суббота,21:00,59,58,1,36,0,23,23
14873,hosp_covid_dis_covid_hours_for,96572,2022-05-21,Суббота,22:00,60,59,1,37,0,23,23
14874,hosp_covid_dis_covid_hours_for,96578,2022-05-21,Суббота,23:00,61,60,1,38,0,23,23
14875,hosp_covid_dis_covid_hours_for,96581,2022-05-22,Воскресенье,01:00,2,2,0,0,0,2,2
14876,hosp_covid_dis_covid_hours_for,96582,2022-05-21,Суббота,сутки,66,65,1,38,0,28,28
14877,hosp_covid_dis_covid_hours_for,96584,2022-05-22,Воскресенье,02:00,6,6,0,0,0,6,6
14878,hosp_covid_dis_covid_hours_for,96586,2022-05-22,Воскресенье,03:00,8,8,0,0,0,8,8
14879,hosp_covid_dis_covid_hours_for,96588,2022-05-22,Воскресенье,04:00,8,8,0,0,0,8,8
14880,hosp_covid_dis_covid_hours_for,96590,2022-05-22,Воскресенье,05:00,9,9,0,0,0,9,9
14881,hosp_covid_dis_covid_hours_for,96592,2022-05-22,Воскресенье,06:00,9,9,0,0,0,9,9
14882,hosp_covid_dis_covid_hours_for,96594,2022-05-22,Воскресенье,07:00,10,10,0,1,0,9,9
14883,hosp_covid_dis_covid_hours_for,96596,2022-05-22,Воскресенье,08:00,10,10,0,4,0,6,6
14884,hosp_covid_dis_covid_hours_for,96598,2022-05-22,Воскресенье,09:00,11,11,0,7,0,4,4
14885,hosp_covid_dis_covid_hours_for,96600,2022-05-22,Воскресенье,10:00,11,11,0,9,0,2,2
14886,hosp_covid_dis_covid_hours_for,96602,2022-05-22,Воскресенье,11:00,11,11,0,13,0,-2,-2
14887,hosp_covid_dis_covid_hours_for,96604,2022-05-22,Воскресенье,12:00,13,13,0,18,0,-5,-5
14888,hosp_covid_dis_covid_hours_for,96606,2022-05-22,Воскресенье,13:00,16,16,0,22,0,-6,-6
14889,hosp_covid_dis_covid_hours_for,96608,2022-05-22,Воскресенье,14:00,20,20,0,28,0,-8,-8
14890,hosp_covid_dis_covid_hours_for,96610,2022-05-22,Воскресенье,15:00,28,28,0,32,0,-4,-4
14891,hosp_covid_dis_covid_hours_for,96612,2022-05-22,Воскресенье,16:00,30,30,0,34,0,-4,-4
14892,hosp_covid_dis_covid_hours_for,96614,2022-05-22,Воскресенье,17:00,34,34,0,35,0,-1,-1
14893,hosp_covid_dis_covid_hours_for,96616,2022-05-22,Воскресенье,18:00,38,38,0,35,0,3,3
14894,hosp_covid_dis_covid_hours_for,96618,2022-05-22,Воскресенье,19:00,43,43,0,37,0,6,6
14895,hosp_covid_dis_covid_hours_for,96620,2022-05-22,Воскресенье,20:00,44,44,0,38,0,6,6
14896,hosp_covid_dis_covid_hours_for,96622,2022-05-22,Воскресенье,21:00,46,46,0,41,0,5,5
14897,hosp_covid_dis_covid_hours_for,96624,2022-05-22,Воскресенье,22:00,48,48,0,42,0,6,6
14898,hosp_covid_dis_covid_hours_for,96630,2022-05-22,Воскресенье,23:00,52,52,0,42,0,10,10
14899,hosp_covid_dis_covid_hours_for,96633,2022-05-23,Понедельник,01:00,1,1,0,0,0,1,1
14900,hosp_covid_dis_covid_hours_for,96634,2022-05-22,Воскресенье,сутки,54,54,0,44,0,10,10
14901,hosp_covid_dis_covid_hours_for,96636,2022-05-23,Понедельник,02:00,4,4,0,0,0,4,4
14902,hosp_covid_dis_covid_hours_for,96638,2022-05-23,Понедельник,03:00,7,7,0,0,0,7,7
14903,hosp_covid_dis_covid_hours_for,96640,2022-05-23,Понедельник,04:00,9,9,0,0,0,9,9
14904,hosp_covid_dis_covid_hours_for,96642,2022-05-23,Понедельник,05:00,10,10,0,0,0,10,10
14905,hosp_covid_dis_covid_hours_for,96644,2022-05-23,Понедельник,06:00,11,11,0,0,0,11,11
14906,hosp_covid_dis_covid_hours_for,96646,2022-05-23,Понедельник,07:00,12,12,0,1,0,11,11
14907,hosp_covid_dis_covid_hours_for,96648,2022-05-23,Понедельник,08:00,14,14,0,4,0,10,10
14908,hosp_covid_dis_covid_hours_for,96650,2022-05-23,Понедельник,09:00,14,14,0,4,0,10,10
14909,hosp_covid_dis_covid_hours_for,96652,2022-05-23,Понедельник,10:00,16,16,0,10,0,6,6
14910,hosp_covid_dis_covid_hours_for,96654,2022-05-23,Понедельник,11:00,17,17,0,17,0,0,0
14911,hosp_covid_dis_covid_hours_for,96656,2022-05-23,Понедельник,12:00,19,19,0,19,0,0,0
14912,hosp_covid_dis_covid_hours_for,96658,2022-05-23,Понедельник,13:00,23,23,0,26,0,-3,-3
14913,hosp_covid_dis_covid_hours_for,96660,2022-05-23,Понедельник,14:00,29,29,0,32,0,-3,-3
14914,hosp_covid_dis_covid_hours_for,96662,2022-05-23,Понедельник,15:00,34,34,0,36,0,-2,-2
14915,hosp_covid_dis_covid_hours_for,96664,2022-05-23,Понедельник,16:00,36,36,0,41,0,-5,-5
14916,hosp_covid_dis_covid_hours_for,96666,2022-05-23,Понедельник,17:00,43,43,0,45,0,-2,-2
14917,hosp_covid_dis_covid_hours_for,96668,2022-05-23,Понедельник,18:00,48,47,1,46,0,2,2
14918,hosp_covid_dis_covid_hours_for,96670,2022-05-23,Понедельник,19:00,53,52,1,47,0,6,6
14919,hosp_covid_dis_covid_hours_for,96672,2022-05-23,Понедельник,20:00,60,59,1,49,0,11,11
14920,hosp_covid_dis_covid_hours_for,96674,2022-05-23,Понедельник,21:00,67,65,2,50,0,17,17
14921,hosp_covid_dis_covid_hours_for,96676,2022-05-23,Понедельник,22:00,67,65,2,53,0,14,14
14922,hosp_covid_dis_covid_hours_for,96682,2022-05-23,Понедельник,23:00,71,69,2,53,0,18,18
14923,hosp_covid_dis_covid_hours_for,96685,2022-05-24,Вторник,01:00,0,0,0,0,0,0,0
14924,hosp_covid_dis_covid_hours_for,96686,2022-05-23,Понедельник,сутки,72,70,2,58,0,14,14
14925,hosp_covid_dis_covid_hours_for,96688,2022-05-24,Вторник,02:00,4,4,0,0,0,4,4
14926,hosp_covid_dis_covid_hours_for,96690,2022-05-24,Вторник,03:00,6,6,0,0,0,6,6
14927,hosp_covid_dis_covid_hours_for,96692,2022-05-24,Вторник,04:00,8,8,0,0,0,8,8
14928,hosp_covid_dis_covid_hours_for,96694,2022-05-24,Вторник,05:00,8,8,0,0,0,8,8
14929,hosp_covid_dis_covid_hours_for,96696,2022-05-24,Вторник,06:00,8,8,0,0,0,8,8
14930,hosp_covid_dis_covid_hours_for,96698,2022-05-24,Вторник,07:00,8,8,0,0,0,8,8
14931,hosp_covid_dis_covid_hours_for,96700,2022-05-24,Вторник,08:00,9,9,0,1,0,8,8
14932,hosp_covid_dis_covid_hours_for,96702,2022-05-24,Вторник,09:00,9,9,0,2,0,7,7
14933,hosp_covid_dis_covid_hours_for,96704,2022-05-24,Вторник,10:00,11,11,0,6,0,5,5
14934,hosp_covid_dis_covid_hours_for,96706,2022-05-24,Вторник,11:00,12,12,0,13,0,-1,-1
14935,hosp_covid_dis_covid_hours_for,96708,2022-05-24,Вторник,12:00,12,12,0,17,0,-5,-5
14936,hosp_covid_dis_covid_hours_for,96710,2022-05-24,Вторник,13:00,16,15,1,31,0,-15,-15
14937,hosp_covid_dis_covid_hours_for,96712,2022-05-24,Вторник,14:00,17,16,1,38,0,-21,-21
14938,hosp_covid_dis_covid_hours_for,96714,2022-05-24,Вторник,15:00,21,20,1,43,0,-22,-22
14939,hosp_covid_dis_covid_hours_for,96716,2022-05-24,Вторник,16:00,26,25,1,49,0,-23,-23
14940,hosp_covid_dis_covid_hours_for,96718,2022-05-24,Вторник,17:00,31,30,1,48,0,-17,-17
14941,hosp_covid_dis_covid_hours_for,96720,2022-05-24,Вторник,18:00,40,38,2,50,0,-10,-10
14942,hosp_covid_dis_covid_hours_for,96722,2022-05-24,Вторник,19:00,49,46,3,50,0,-1,-1
14943,hosp_covid_dis_covid_hours_for,96724,2022-05-24,Вторник,20:00,56,53,3,50,0,6,6
14944,hosp_covid_dis_covid_hours_for,96726,2022-05-24,Вторник,21:00,62,58,4,50,0,12,12
14945,hosp_covid_dis_covid_hours_for,96728,2022-05-24,Вторник,22:00,67,63,4,50,0,17,17
14946,hosp_covid_dis_covid_hours_for,96734,2022-05-24,Вторник,23:00,70,66,4,50,0,20,20
14947,hosp_covid_dis_covid_hours_for,96737,2022-05-25,Среда,01:00,1,1,0,0,0,1,1
14948,hosp_covid_dis_covid_hours_for,96738,2022-05-24,Вторник,сутки,72,68,4,51,0,21,21
14949,hosp_covid_dis_covid_hours_for,96740,2022-05-25,Среда,02:00,2,2,0,0,0,2,2
14950,hosp_covid_dis_covid_hours_for,96742,2022-05-25,Среда,03:00,4,4,0,0,0,4,4
14951,hosp_covid_dis_covid_hours_for,96744,2022-05-25,Среда,04:00,5,5,0,0,0,5,5
14952,hosp_covid_dis_covid_hours_for,96746,2022-05-25,Среда,05:00,6,6,0,0,0,6,6
14953,hosp_covid_dis_covid_hours_for,96748,2022-05-25,Среда,06:00,6,6,0,0,0,6,6
14954,hosp_covid_dis_covid_hours_for,96750,2022-05-25,Среда,07:00,6,6,0,2,0,4,4
14955,hosp_covid_dis_covid_hours_for,96752,2022-05-25,Среда,08:00,7,7,0,4,0,3,3
14956,hosp_covid_dis_covid_hours_for,96754,2022-05-25,Среда,09:00,7,7,0,9,0,-2,-2
14957,hosp_covid_dis_covid_hours_for,96756,2022-05-25,Среда,10:00,9,9,0,9,0,0,0
14958,hosp_covid_dis_covid_hours_for,96758,2022-05-25,Среда,11:00,10,10,0,14,0,-4,-4
14959,hosp_covid_dis_covid_hours_for,96760,2022-05-25,Среда,12:00,12,12,0,21,0,-9,-9
14960,hosp_covid_dis_covid_hours_for,96762,2022-05-25,Среда,13:00,14,14,0,25,0,-11,-11
14961,hosp_covid_dis_covid_hours_for,96764,2022-05-25,Среда,14:00,15,15,0,33,0,-18,-18
14962,hosp_covid_dis_covid_hours_for,96766,2022-05-25,Среда,15:00,24,23,1,38,0,-14,-14
14963,hosp_covid_dis_covid_hours_for,96768,2022-05-25,Среда,16:00,28,27,1,45,0,-17,-17
14964,hosp_covid_dis_covid_hours_for,96770,2022-05-25,Среда,17:00,33,32,1,52,0,-19,-19
14965,hosp_covid_dis_covid_hours_for,96772,2022-05-25,Среда,18:00,37,36,1,55,0,-18,-18
14966,hosp_covid_dis_covid_hours_for,96774,2022-05-25,Среда,19:00,41,40,1,56,0,-15,-15
14967,hosp_covid_dis_covid_hours_for,96776,2022-05-25,Среда,20:00,46,45,1,56,0,-10,-10
14968,hosp_covid_dis_covid_hours_for,96778,2022-05-25,Среда,21:00,50,49,1,57,0,-7,-7
14969,hosp_covid_dis_covid_hours_for,96780,2022-05-25,Среда,22:00,55,54,1,57,0,-2,-2
14970,hosp_covid_dis_covid_hours_for,96786,2022-05-25,Среда,23:00,58,57,1,59,0,-1,-1
14971,hosp_covid_dis_covid_hours_for,96789,2022-05-26,Четверг,01:00,4,4,0,0,0,4,4
14972,hosp_covid_dis_covid_hours_for,96790,2022-05-25,Среда,сутки,61,60,1,61,0,0,0
14973,hosp_covid_dis_covid_hours_for,96792,2022-05-26,Четверг,02:00,8,8,0,0,0,8,8
14974,hosp_covid_dis_covid_hours_for,96794,2022-05-26,Четверг,03:00,10,10,0,0,0,10,10
14975,hosp_covid_dis_covid_hours_for,96796,2022-05-26,Четверг,04:00,10,10,0,0,0,10,10
14976,hosp_covid_dis_covid_hours_for,96798,2022-05-26,Четверг,05:00,10,10,0,0,0,10,10
14977,hosp_covid_dis_covid_hours_for,96800,2022-05-26,Четверг,06:00,11,11,0,1,0,10,10
14978,hosp_covid_dis_covid_hours_for,96802,2022-05-26,Четверг,07:00,11,11,0,1,0,10,10
14979,hosp_covid_dis_covid_hours_for,96804,2022-05-26,Четверг,08:00,10,10,0,4,0,6,6
14980,hosp_covid_dis_covid_hours_for,96806,2022-05-26,Четверг,09:00,10,10,0,10,0,0,0
14981,hosp_covid_dis_covid_hours_for,96808,2022-05-26,Четверг,10:00,10,10,0,14,0,-4,-4
14982,hosp_covid_dis_covid_hours_for,96810,2022-05-26,Четверг,11:00,10,10,0,18,0,-8,-8
14983,hosp_covid_dis_covid_hours_for,96812,2022-05-26,Четверг,12:00,13,13,0,27,0,-14,-14
14984,hosp_covid_dis_covid_hours_for,96814,2022-05-26,Четверг,13:00,16,16,0,36,0,-20,-20
14985,hosp_covid_dis_covid_hours_for,96816,2022-05-26,Четверг,14:00,18,18,0,43,0,-25,-25
14986,hosp_covid_dis_covid_hours_for,96818,2022-05-26,Четверг,15:00,23,23,0,50,0,-27,-27
14987,hosp_covid_dis_covid_hours_for,96820,2022-05-26,Четверг,16:00,28,28,0,54,0,-26,-26
14988,hosp_covid_dis_covid_hours_for,96822,2022-05-26,Четверг,17:00,29,29,0,55,0,-26,-26
14989,hosp_covid_dis_covid_hours_for,96824,2022-05-26,Четверг,18:00,35,35,0,55,0,-20,-20
14990,hosp_covid_dis_covid_hours_for,96826,2022-05-26,Четверг,19:00,40,40,0,55,0,-15,-15
14991,hosp_covid_dis_covid_hours_for,96828,2022-05-26,Четверг,20:00,44,44,0,55,0,-11,-11
14992,hosp_covid_dis_covid_hours_for,96830,2022-05-26,Четверг,21:00,47,46,1,56,0,-9,-9
14993,hosp_covid_dis_covid_hours_for,96832,2022-05-26,Четверг,22:00,49,48,1,57,0,-8,-8
14994,hosp_covid_dis_covid_hours_for,96838,2022-05-26,Четверг,23:00,49,48,1,58,0,-9,-9
14995,hosp_covid_dis_covid_hours_for,96841,2022-05-27,Пятница,01:00,3,3,0,0,0,3,3
14996,hosp_covid_dis_covid_hours_for,96842,2022-05-26,Четверг,сутки,53,52,1,58,0,-5,-5
14997,hosp_covid_dis_covid_hours_for,96844,2022-05-27,Пятница,02:00,5,5,0,0,0,5,5
14998,hosp_covid_dis_covid_hours_for,96846,2022-05-27,Пятница,03:00,6,6,0,0,0,6,6
14999,hosp_covid_dis_covid_hours_for,96848,2022-05-27,Пятница,04:00,7,7,0,0,0,7,7
15000,hosp_covid_dis_covid_hours_for,96850,2022-05-27,Пятница,05:00,7,7,0,0,0,7,7
15001,hosp_covid_dis_covid_hours_for,96852,2022-05-27,Пятница,06:00,7,7,0,1,0,6,6
15002,hosp_covid_dis_covid_hours_for,96854,2022-05-27,Пятница,07:00,7,7,0,1,0,6,6
15003,hosp_covid_dis_covid_hours_for,96856,2022-05-27,Пятница,08:00,8,8,0,1,0,7,7
15004,hosp_covid_dis_covid_hours_for,96858,2022-05-27,Пятница,09:00,8,8,0,2,0,6,6
15005,hosp_covid_dis_covid_hours_for,96860,2022-05-27,Пятница,10:00,7,7,0,4,0,3,3
15006,hosp_covid_dis_covid_hours_for,96862,2022-05-27,Пятница,11:00,8,8,0,9,0,-1,-1
15007,hosp_covid_dis_covid_hours_for,96864,2022-05-27,Пятница,12:00,8,8,0,16,0,-8,-8
15008,hosp_covid_dis_covid_hours_for,96866,2022-05-27,Пятница,13:00,13,13,0,24,0,-11,-11
15009,hosp_covid_dis_covid_hours_for,96868,2022-05-27,Пятница,14:00,17,17,0,32,0,-15,-15
15010,hosp_covid_dis_covid_hours_for,96870,2022-05-27,Пятница,15:00,8,8,0,16,0,-8,-8
15011,hosp_covid_dis_covid_hours_for,96872,2022-05-27,Пятница,16:00,9,9,0,19,0,-10,-10
15012,hosp_covid_dis_covid_hours_for,96874,2022-05-27,Пятница,17:00,10,10,0,20,0,-10,-10
15013,hosp_covid_dis_covid_hours_for,96876,2022-05-27,Пятница,18:00,14,14,0,20,0,-6,-6
15014,hosp_covid_dis_covid_hours_for,96878,2022-05-27,Пятница,19:00,15,15,0,20,0,-5,-5
15015,hosp_covid_dis_covid_hours_for,96880,2022-05-27,Пятница,20:00,15,15,0,21,0,-6,-6
15016,hosp_covid_dis_covid_hours_for,96882,2022-05-27,Пятница,21:00,16,16,0,23,0,-7,-7
15017,hosp_covid_dis_covid_hours_for,96884,2022-05-27,Пятница,22:00,18,18,0,23,0,-5,-5
15018,hosp_covid_dis_covid_hours_for,96890,2022-05-27,Пятница,23:00,20,20,0,23,0,-3,-3
15019,hosp_covid_dis_covid_hours_for,96893,2022-05-28,Суббота,01:00,2,2,0,0,0,2,2
15020,hosp_covid_dis_covid_hours_for,96894,2022-05-27,Пятница,сутки,21,21,0,23,0,-2,-2
15021,hosp_covid_dis_covid_hours_for,96896,2022-05-28,Суббота,02:00,5,5,0,0,0,5,5
15022,hosp_covid_dis_covid_hours_for,96898,2022-05-28,Суббота,03:00,8,8,0,0,0,8,8
15023,hosp_covid_dis_covid_hours_for,96900,2022-05-28,Суббота,04:00,8,8,0,0,0,8,8
15024,hosp_covid_dis_covid_hours_for,96902,2022-05-28,Суббота,05:00,8,8,0,0,0,8,8
15025,hosp_covid_dis_covid_hours_for,96904,2022-05-28,Суббота,06:00,8,8,0,0,0,8,8
15026,hosp_covid_dis_covid_hours_for,96906,2022-05-28,Суббота,07:00,8,8,0,0,0,8,8
15027,hosp_covid_dis_covid_hours_for,96908,2022-05-28,Суббота,08:00,8,8,0,1,0,7,7
15028,hosp_covid_dis_covid_hours_for,96910,2022-05-28,Суббота,09:00,8,8,0,1,0,7,7
15029,hosp_covid_dis_covid_hours_for,96912,2022-05-28,Суббота,10:00,9,9,0,2,0,7,7
15030,hosp_covid_dis_covid_hours_for,96914,2022-05-28,Суббота,11:00,9,9,0,3,0,6,6
15031,hosp_covid_dis_covid_hours_for,96916,2022-05-28,Суббота,12:00,10,9,1,7,0,3,3
15032,hosp_covid_dis_covid_hours_for,96918,2022-05-28,Суббота,13:00,12,11,1,9,0,3,3
15033,hosp_covid_dis_covid_hours_for,96920,2022-05-28,Суббота,14:00,16,15,1,12,0,4,4
15034,hosp_covid_dis_covid_hours_for,96922,2022-05-28,Суббота,15:00,16,15,1,12,0,4,4
15035,hosp_covid_dis_covid_hours_for,96924,2022-05-28,Суббота,16:00,17,16,1,12,0,5,5
15036,hosp_covid_dis_covid_hours_for,96926,2022-05-28,Суббота,17:00,19,18,1,15,0,4,4
15037,hosp_covid_dis_covid_hours_for,96928,2022-05-28,Суббота,18:00,25,22,3,15,0,10,10
15038,hosp_covid_dis_covid_hours_for,96930,2022-05-28,Суббота,19:00,28,25,3,18,0,10,10
15039,hosp_covid_dis_covid_hours_for,96932,2022-05-28,Суббота,20:00,28,25,3,18,0,10,10
15040,hosp_covid_dis_covid_hours_for,96934,2022-05-28,Суббота,21:00,30,27,3,18,0,12,12
15041,hosp_covid_dis_covid_hours_for,96936,2022-05-28,Суббота,22:00,31,28,3,18,0,13,13
15042,hosp_covid_dis_covid_hours_for,96942,2022-05-28,Суббота,23:00,31,28,3,18,0,13,13
15043,hosp_covid_dis_covid_hours_for,96945,2022-05-29,Воскресенье,01:00,0,0,0,0,0,0,0
15044,hosp_covid_dis_covid_hours_for,96946,2022-05-28,Суббота,сутки,35,32,3,20,0,15,15
15045,hosp_covid_dis_covid_hours_for,96948,2022-05-29,Воскресенье,02:00,0,0,0,0,0,0,0
15046,hosp_covid_dis_covid_hours_for,96950,2022-05-29,Воскресенье,03:00,1,1,0,0,0,1,1
15047,hosp_covid_dis_covid_hours_for,96952,2022-05-29,Воскресенье,04:00,4,3,1,0,0,4,4
15048,hosp_covid_dis_covid_hours_for,96954,2022-05-29,Воскресенье,05:00,9,8,1,0,0,9,9
15049,hosp_covid_dis_covid_hours_for,96956,2022-05-29,Воскресенье,06:00,10,9,1,0,0,10,10
15050,hosp_covid_dis_covid_hours_for,96958,2022-05-29,Воскресенье,07:00,11,10,1,0,0,11,11
15051,hosp_covid_dis_covid_hours_for,96960,2022-05-29,Воскресенье,08:00,11,10,1,0,0,11,11
15052,hosp_covid_dis_covid_hours_for,96962,2022-05-29,Воскресенье,09:00,12,11,1,2,0,10,10
15053,hosp_covid_dis_covid_hours_for,96964,2022-05-29,Воскресенье,10:00,12,11,1,2,0,10,10
15054,hosp_covid_dis_covid_hours_for,96966,2022-05-29,Воскресенье,11:00,14,13,1,2,0,12,12
15055,hosp_covid_dis_covid_hours_for,96968,2022-05-29,Воскресенье,12:00,16,15,1,3,0,13,13
15056,hosp_covid_dis_covid_hours_for,96970,2022-05-29,Воскресенье,13:00,22,21,1,3,0,19,19
15057,hosp_covid_dis_covid_hours_for,96972,2022-05-29,Воскресенье,14:00,29,28,1,3,0,26,26
15058,hosp_covid_dis_covid_hours_for,96974,2022-05-29,Воскресенье,15:00,31,30,1,3,0,28,28
15059,hosp_covid_dis_covid_hours_for,96976,2022-05-29,Воскресенье,16:00,36,35,1,3,0,33,33
15060,hosp_covid_dis_covid_hours_for,96978,2022-05-29,Воскресенье,17:00,39,38,1,3,0,36,36
15061,hosp_covid_dis_covid_hours_for,96980,2022-05-29,Воскресенье,18:00,41,40,1,5,0,36,36
15062,hosp_covid_dis_covid_hours_for,96982,2022-05-29,Воскресенье,19:00,43,42,1,5,0,38,38
15063,hosp_covid_dis_covid_hours_for,96984,2022-05-29,Воскресенье,20:00,47,45,2,6,0,41,41
15064,hosp_covid_dis_covid_hours_for,96986,2022-05-29,Воскресенье,21:00,52,50,2,6,0,46,46
15065,hosp_covid_dis_covid_hours_for,96988,2022-05-29,Воскресенье,22:00,56,54,2,6,0,50,50
15066,hosp_covid_dis_covid_hours_for,96994,2022-05-29,Воскресенье,23:00,59,57,2,7,0,52,52
15067,hosp_covid_dis_covid_hours_for,96997,2022-05-30,Понедельник,01:00,1,1,0,0,0,1,1
15068,hosp_covid_dis_covid_hours_for,96998,2022-05-29,Воскресенье,сутки,61,59,2,7,0,54,54
15069,hosp_covid_dis_covid_hours_for,97000,2022-05-30,Понедельник,02:00,5,5,0,0,0,5,5
15070,hosp_covid_dis_covid_hours_for,97002,2022-05-30,Понедельник,03:00,9,9,0,1,0,8,8
15071,hosp_covid_dis_covid_hours_for,97004,2022-05-30,Понедельник,04:00,9,9,0,1,0,8,8
15072,hosp_covid_dis_covid_hours_for,97006,2022-05-30,Понедельник,05:00,9,9,0,1,0,8,8
15073,hosp_covid_dis_covid_hours_for,97008,2022-05-30,Понедельник,06:00,10,10,0,1,0,9,9
15074,hosp_covid_dis_covid_hours_for,97010,2022-05-30,Понедельник,07:00,10,10,0,1,0,9,9
15075,hosp_covid_dis_covid_hours_for,97012,2022-05-30,Понедельник,08:00,11,11,0,2,0,9,9
15076,hosp_covid_dis_covid_hours_for,97014,2022-05-30,Понедельник,09:00,12,12,0,2,0,10,10
15077,hosp_covid_dis_covid_hours_for,97016,2022-05-30,Понедельник,10:00,12,12,0,2,0,10,10
15078,hosp_covid_dis_covid_hours_for,97018,2022-05-30,Понедельник,11:00,14,14,0,2,0,12,12
15079,hosp_covid_dis_covid_hours_for,97020,2022-05-30,Понедельник,12:00,17,17,0,3,0,14,14
15080,hosp_covid_dis_covid_hours_for,97022,2022-05-30,Понедельник,13:00,19,19,0,3,0,16,16
15081,hosp_covid_dis_covid_hours_for,97024,2022-05-30,Понедельник,14:00,21,20,1,6,0,15,15
15082,hosp_covid_dis_covid_hours_for,97026,2022-05-30,Понедельник,15:00,22,21,1,8,0,14,14
15083,hosp_covid_dis_covid_hours_for,97028,2022-05-30,Понедельник,16:00,29,27,2,13,0,16,16
15084,hosp_covid_dis_covid_hours_for,97030,2022-05-30,Понедельник,17:00,31,29,2,13,0,18,18
15085,hosp_covid_dis_covid_hours_for,97032,2022-05-30,Понедельник,18:00,24,22,2,14,0,10,10
15086,hosp_covid_dis_covid_hours_for,97034,2022-05-30,Понедельник,19:00,28,26,2,14,0,14,14
15087,hosp_covid_dis_covid_hours_for,97036,2022-05-30,Понедельник,20:00,30,27,3,22,0,8,8
15088,hosp_covid_dis_covid_hours_for,97038,2022-05-30,Понедельник,21:00,35,32,3,21,0,14,14
15089,hosp_covid_dis_covid_hours_for,97040,2022-05-30,Понедельник,22:00,39,36,3,22,0,17,17
15090,hosp_covid_dis_covid_hours_for,97046,2022-05-30,Понедельник,23:00,41,38,3,22,0,19,19
15091,hosp_covid_dis_covid_hours_for,97049,2022-05-31,Вторник,01:00,0,0,0,0,0,0,0
15092,hosp_covid_dis_covid_hours_for,97050,2022-05-30,Понедельник,сутки,45,42,3,22,0,23,23
15093,hosp_covid_dis_covid_hours_for,97052,2022-05-31,Вторник,02:00,1,1,0,0,0,1,1
15094,hosp_covid_dis_covid_hours_for,97054,2022-05-31,Вторник,03:00,2,2,0,0,0,2,2
15095,hosp_covid_dis_covid_hours_for,97056,2022-05-31,Вторник,04:00,2,2,0,0,0,2,2
15096,hosp_covid_dis_covid_hours_for,97058,2022-05-31,Вторник,05:00,3,3,0,0,0,3,3
15097,hosp_covid_dis_covid_hours_for,97060,2022-05-31,Вторник,06:00,3,3,0,0,0,3,3
15098,hosp_covid_dis_covid_hours_for,97062,2022-05-31,Вторник,07:00,4,4,0,0,0,4,4
15099,hosp_covid_dis_covid_hours_for,97064,2022-05-31,Вторник,08:00,4,4,0,1,0,3,3
15100,hosp_covid_dis_covid_hours_for,97066,2022-05-31,Вторник,09:00,5,5,0,4,0,1,1
15101,hosp_covid_dis_covid_hours_for,97068,2022-05-31,Вторник,10:00,5,5,0,9,0,-4,-4
15102,hosp_covid_dis_covid_hours_for,97070,2022-05-31,Вторник,11:00,7,6,1,17,0,-10,-10
15103,hosp_covid_dis_covid_hours_for,97072,2022-05-31,Вторник,12:00,12,11,1,19,0,-7,-7
15104,hosp_covid_dis_covid_hours_for,97074,2022-05-31,Вторник,13:00,15,14,1,23,0,-8,-8
15105,hosp_covid_dis_covid_hours_for,97076,2022-05-31,Вторник,14:00,19,17,2,25,0,-6,-6
15106,hosp_covid_dis_covid_hours_for,97078,2022-05-31,Вторник,15:00,22,19,3,32,0,-10,-10
15107,hosp_covid_dis_covid_hours_for,97080,2022-05-31,Вторник,16:00,27,23,4,36,0,-9,-9
15108,hosp_covid_dis_covid_hours_for,97082,2022-05-31,Вторник,17:00,31,27,4,37,0,-6,-6
15109,hosp_covid_dis_covid_hours_for,97084,2022-05-31,Вторник,18:00,35,31,4,39,0,-4,-4
15110,hosp_covid_dis_covid_hours_for,97086,2022-05-31,Вторник,19:00,38,34,4,43,0,-5,-5
15111,hosp_covid_dis_covid_hours_for,97088,2022-05-31,Вторник,20:00,47,43,4,43,0,4,4
15112,hosp_covid_dis_covid_hours_for,97090,2022-05-31,Вторник,21:00,47,43,4,45,0,2,2
15113,hosp_covid_dis_covid_hours_for,97092,2022-05-31,Вторник,22:00,56,52,4,45,0,11,11
15114,hosp_covid_dis_covid_hours_for,97098,2022-05-31,Вторник,23:00,64,60,4,46,0,18,18
15115,hosp_covid_dis_covid_hours_for,97101,2022-06-01,Среда,01:00,0,0,0,0,0,0,0
15116,hosp_covid_dis_covid_hours_for,97102,2022-05-31,Вторник,сутки,68,64,4,46,0,22,22
15117,hosp_covid_dis_covid_hours_for,97104,2022-06-01,Среда,02:00,0,0,0,0,0,0,0
15118,hosp_covid_dis_covid_hours_for,97106,2022-06-01,Среда,03:00,4,4,0,0,0,4,4
15119,hosp_covid_dis_covid_hours_for,97108,2022-06-01,Среда,04:00,4,4,0,0,0,4,4
15120,hosp_covid_dis_covid_hours_for,97110,2022-06-01,Среда,05:00,4,4,0,0,0,4,4
15121,hosp_covid_dis_covid_hours_for,97112,2022-06-01,Среда,06:00,4,4,0,0,0,4,4
15122,hosp_covid_dis_covid_hours_for,97114,2022-06-01,Среда,07:00,5,5,0,1,0,4,4
15123,hosp_covid_dis_covid_hours_for,97116,2022-06-01,Среда,08:00,7,7,0,2,0,5,5
15124,hosp_covid_dis_covid_hours_for,97118,2022-06-01,Среда,09:00,6,6,0,3,0,3,3
15125,hosp_covid_dis_covid_hours_for,97120,2022-06-01,Среда,10:00,6,6,0,5,0,1,1
15126,hosp_covid_dis_covid_hours_for,97122,2022-06-01,Среда,11:00,7,7,0,9,0,-2,-2
15127,hosp_covid_dis_covid_hours_for,97124,2022-06-01,Среда,12:00,7,7,0,15,0,-8,-8
15128,hosp_covid_dis_covid_hours_for,97126,2022-06-01,Среда,13:00,10,10,0,15,0,-5,-5
15129,hosp_covid_dis_covid_hours_for,97128,2022-06-01,Среда,14:00,14,14,0,23,0,-9,-9
15130,hosp_covid_dis_covid_hours_for,97130,2022-06-01,Среда,15:00,18,18,0,29,0,-11,-11
15131,hosp_covid_dis_covid_hours_for,97132,2022-06-01,Среда,16:00,23,23,0,29,0,-6,-6
15132,hosp_covid_dis_covid_hours_for,97134,2022-06-01,Среда,17:00,23,23,0,36,0,-13,-13
15133,hosp_covid_dis_covid_hours_for,97136,2022-06-01,Среда,18:00,31,31,0,40,0,-9,-9
15134,hosp_covid_dis_covid_hours_for,97138,2022-06-01,Среда,19:00,33,33,0,43,0,-10,-10
15135,hosp_covid_dis_covid_hours_for,97140,2022-06-01,Среда,20:00,38,38,0,44,0,-6,-6
15136,hosp_covid_dis_covid_hours_for,97142,2022-06-01,Среда,21:00,39,39,0,45,0,-6,-6
15137,hosp_covid_dis_covid_hours_for,97144,2022-06-01,Среда,22:00,43,43,0,45,0,-2,-2
15138,hosp_covid_dis_covid_hours_for,97150,2022-06-01,Среда,23:00,50,50,0,45,0,5,5
15139,hosp_covid_dis_covid_hours_for,97153,2022-06-02,Четверг,01:00,0,0,0,0,0,0,0
15140,hosp_covid_dis_covid_hours_for,97154,2022-06-01,Среда,сутки,51,51,0,45,0,6,6
15141,hosp_covid_dis_covid_hours_for,97156,2022-06-02,Четверг,02:00,1,1,0,0,0,1,1
15142,hosp_covid_dis_covid_hours_for,97158,2022-06-02,Четверг,03:00,6,6,0,0,0,6,6
15143,hosp_covid_dis_covid_hours_for,97160,2022-06-02,Четверг,04:00,7,7,0,0,0,7,7
15144,hosp_covid_dis_covid_hours_for,97162,2022-06-02,Четверг,05:00,7,7,0,0,0,7,7
15145,hosp_covid_dis_covid_hours_for,97164,2022-06-02,Четверг,06:00,9,9,0,0,0,9,9
15146,hosp_covid_dis_covid_hours_for,97166,2022-06-02,Четверг,07:00,10,10,0,0,0,10,10
15147,hosp_covid_dis_covid_hours_for,97168,2022-06-02,Четверг,08:00,10,10,0,2,0,8,8
15148,hosp_covid_dis_covid_hours_for,97170,2022-06-02,Четверг,09:00,12,12,0,2,0,10,10
15149,hosp_covid_dis_covid_hours_for,97172,2022-06-02,Четверг,10:00,13,13,0,4,0,9,9
15150,hosp_covid_dis_covid_hours_for,97174,2022-06-02,Четверг,11:00,12,12,0,6,0,6,6
15151,hosp_covid_dis_covid_hours_for,97176,2022-06-02,Четверг,12:00,14,13,1,13,0,1,1
15152,hosp_covid_dis_covid_hours_for,97178,2022-06-02,Четверг,13:00,15,14,1,19,0,-4,-4
15153,hosp_covid_dis_covid_hours_for,97180,2022-06-02,Четверг,14:00,18,17,1,22,0,-4,-4
15154,hosp_covid_dis_covid_hours_for,97182,2022-06-02,Четверг,15:00,23,22,1,27,0,-4,-4
15155,hosp_covid_dis_covid_hours_for,97184,2022-06-02,Четверг,16:00,25,24,1,29,0,-4,-4
15156,hosp_covid_dis_covid_hours_for,97186,2022-06-02,Четверг,17:00,32,31,1,37,0,-5,-5
15157,hosp_covid_dis_covid_hours_for,97188,2022-06-02,Четверг,18:00,38,37,1,37,0,1,1
15158,hosp_covid_dis_covid_hours_for,97190,2022-06-02,Четверг,19:00,40,39,1,37,0,3,3
15159,hosp_covid_dis_covid_hours_for,97192,2022-06-02,Четверг,20:00,47,46,1,37,0,10,10
15160,hosp_covid_dis_covid_hours_for,97194,2022-06-02,Четверг,21:00,56,55,1,37,0,19,19
15161,hosp_covid_dis_covid_hours_for,97196,2022-06-02,Четверг,22:00,62,61,1,38,0,24,24
15162,hosp_covid_dis_covid_hours_for,97202,2022-06-02,Четверг,23:00,65,64,1,38,0,27,27
15163,hosp_covid_dis_covid_hours_for,97205,2022-06-03,Пятница,01:00,0,0,0,0,0,0,0
15164,hosp_covid_dis_covid_hours_for,97206,2022-06-02,Четверг,сутки,71,70,1,38,0,33,33
15165,hosp_covid_dis_covid_hours_for,97208,2022-06-03,Пятница,02:00,0,0,0,1,0,-1,-1
15166,hosp_covid_dis_covid_hours_for,97210,2022-06-03,Пятница,03:00,3,3,0,1,0,2,2
15167,hosp_covid_dis_covid_hours_for,97212,2022-06-03,Пятница,04:00,4,4,0,1,0,3,3
15168,hosp_covid_dis_covid_hours_for,97214,2022-06-03,Пятница,05:00,4,4,0,1,0,3,3
15169,hosp_covid_dis_covid_hours_for,97216,2022-06-03,Пятница,06:00,4,4,0,1,0,3,3
15170,hosp_covid_dis_covid_hours_for,97218,2022-06-03,Пятница,07:00,4,4,0,1,0,3,3
15171,hosp_covid_dis_covid_hours_for,97220,2022-06-03,Пятница,08:00,5,5,0,2,0,3,3
15172,hosp_covid_dis_covid_hours_for,97222,2022-06-03,Пятница,09:00,5,5,0,3,0,2,2
15173,hosp_covid_dis_covid_hours_for,97224,2022-06-03,Пятница,10:00,6,6,0,4,0,2,2
15174,hosp_covid_dis_covid_hours_for,97226,2022-06-03,Пятница,11:00,6,6,0,6,0,0,0
15175,hosp_covid_dis_covid_hours_for,97228,2022-06-03,Пятница,12:00,6,6,0,9,0,-3,-3
15176,hosp_covid_dis_covid_hours_for,97230,2022-06-03,Пятница,13:00,9,9,0,12,0,-3,-3
15177,hosp_covid_dis_covid_hours_for,97232,2022-06-03,Пятница,14:00,13,13,0,15,0,-2,-2
15178,hosp_covid_dis_covid_hours_for,97234,2022-06-03,Пятница,15:00,23,21,2,24,0,-1,-1
15179,hosp_covid_dis_covid_hours_for,97236,2022-06-03,Пятница,16:00,26,24,2,33,0,-7,-7
15180,hosp_covid_dis_covid_hours_for,97238,2022-06-03,Пятница,17:00,29,26,3,41,0,-12,-12
15181,hosp_covid_dis_covid_hours_for,97240,2022-06-03,Пятница,18:00,34,30,4,49,0,-15,-15
15182,hosp_covid_dis_covid_hours_for,97242,2022-06-03,Пятница,19:00,39,35,4,56,0,-17,-17
15183,hosp_covid_dis_covid_hours_for,97244,2022-06-03,Пятница,20:00,44,40,4,56,0,-12,-12
15184,hosp_covid_dis_covid_hours_for,97246,2022-06-03,Пятница,21:00,49,45,4,56,0,-7,-7
15185,hosp_covid_dis_covid_hours_for,97248,2022-06-03,Пятница,22:00,55,51,4,56,0,-1,-1
15186,hosp_covid_dis_covid_hours_for,97254,2022-06-03,Пятница,23:00,58,53,5,58,0,0,0
15187,hosp_covid_dis_covid_hours_for,97257,2022-06-04,Суббота,01:00,0,0,0,0,0,0,0
15188,hosp_covid_dis_covid_hours_for,97258,2022-06-03,Пятница,сутки,60,55,5,58,0,2,2
15189,hosp_covid_dis_covid_hours_for,97260,2022-06-04,Суббота,02:00,2,2,0,0,0,2,2
15190,hosp_covid_dis_covid_hours_for,97262,2022-06-04,Суббота,03:00,3,3,0,0,0,3,3
15191,hosp_covid_dis_covid_hours_for,97264,2022-06-04,Суббота,04:00,5,5,0,0,0,5,5
15192,hosp_covid_dis_covid_hours_for,97266,2022-06-04,Суббота,05:00,5,5,0,0,0,5,5
15193,hosp_covid_dis_covid_hours_for,97268,2022-06-04,Суббота,06:00,5,5,0,0,0,5,5
15194,hosp_covid_dis_covid_hours_for,97270,2022-06-04,Суббота,07:00,5,5,0,0,0,5,5
15195,hosp_covid_dis_covid_hours_for,97272,2022-06-04,Суббота,08:00,5,5,0,3,0,2,2
15196,hosp_covid_dis_covid_hours_for,97274,2022-06-04,Суббота,09:00,6,6,0,4,0,2,2
15197,hosp_covid_dis_covid_hours_for,97276,2022-06-04,Суббота,10:00,6,6,0,10,0,-4,-4
15198,hosp_covid_dis_covid_hours_for,97278,2022-06-04,Суббота,11:00,7,7,0,10,0,-3,-3
15199,hosp_covid_dis_covid_hours_for,97280,2022-06-04,Суббота,12:00,10,10,0,13,0,-3,-3
15200,hosp_covid_dis_covid_hours_for,97282,2022-06-04,Суббота,13:00,10,10,0,17,0,-7,-7
15201,hosp_covid_dis_covid_hours_for,97284,2022-06-04,Суббота,14:00,10,10,0,18,0,-8,-8
15202,hosp_covid_dis_covid_hours_for,97286,2022-06-04,Суббота,15:00,12,12,0,19,0,-7,-7
15203,hosp_covid_dis_covid_hours_for,97288,2022-06-04,Суббота,16:00,15,15,0,22,0,-7,-7
15204,hosp_covid_dis_covid_hours_for,97290,2022-06-04,Суббота,17:00,18,18,0,25,0,-7,-7
15205,hosp_covid_dis_covid_hours_for,97292,2022-06-04,Суббота,18:00,28,27,1,26,0,2,2
15206,hosp_covid_dis_covid_hours_for,97294,2022-06-04,Суббота,19:00,37,36,1,27,0,10,10
15207,hosp_covid_dis_covid_hours_for,97296,2022-06-04,Суббота,20:00,40,39,1,29,0,11,11
15208,hosp_covid_dis_covid_hours_for,97298,2022-06-04,Суббота,21:00,41,40,1,31,0,10,10
15209,hosp_covid_dis_covid_hours_for,97300,2022-06-04,Суббота,22:00,41,40,1,31,0,10,10
15210,hosp_covid_dis_covid_hours_for,97306,2022-06-04,Суббота,23:00,47,46,1,31,0,16,16
15211,hosp_covid_dis_covid_hours_for,97309,2022-06-05,Воскресенье,01:00,1,1,0,0,0,1,1
15212,hosp_covid_dis_covid_hours_for,97310,2022-06-04,Суббота,сутки,53,50,3,31,0,22,22
15213,hosp_covid_dis_covid_hours_for,97312,2022-06-05,Воскресенье,02:00,2,2,0,0,0,2,2
15214,hosp_covid_dis_covid_hours_for,97314,2022-06-05,Воскресенье,03:00,2,2,0,0,0,2,2
15215,hosp_covid_dis_covid_hours_for,97316,2022-06-05,Воскресенье,04:00,2,2,0,0,0,2,2
15216,hosp_covid_dis_covid_hours_for,97318,2022-06-05,Воскресенье,05:00,2,2,0,0,0,2,2
15217,hosp_covid_dis_covid_hours_for,97320,2022-06-05,Воскресенье,06:00,2,2,0,0,0,2,2
15218,hosp_covid_dis_covid_hours_for,97322,2022-06-05,Воскресенье,07:00,2,2,0,1,0,1,1
15219,hosp_covid_dis_covid_hours_for,97324,2022-06-05,Воскресенье,08:00,3,3,0,2,0,1,1
15220,hosp_covid_dis_covid_hours_for,97326,2022-06-05,Воскресенье,09:00,4,4,0,2,0,2,2
15221,hosp_covid_dis_covid_hours_for,97328,2022-06-05,Воскресенье,10:00,4,4,0,8,0,-4,-4
15222,hosp_covid_dis_covid_hours_for,97330,2022-06-05,Воскресенье,11:00,5,5,0,14,0,-9,-9
15223,hosp_covid_dis_covid_hours_for,97332,2022-06-05,Воскресенье,12:00,6,6,0,16,0,-10,-10
15224,hosp_covid_dis_covid_hours_for,97334,2022-06-05,Воскресенье,13:00,9,9,0,17,0,-8,-8
15225,hosp_covid_dis_covid_hours_for,97336,2022-06-05,Воскресенье,14:00,11,11,0,17,0,-6,-6
15226,hosp_covid_dis_covid_hours_for,97338,2022-06-05,Воскресенье,15:00,15,15,0,17,0,-2,-2
15227,hosp_covid_dis_covid_hours_for,97340,2022-06-05,Воскресенье,16:00,18,18,0,23,0,-5,-5
15228,hosp_covid_dis_covid_hours_for,97342,2022-06-05,Воскресенье,17:00,21,20,1,24,0,-3,-3
15229,hosp_covid_dis_covid_hours_for,97344,2022-06-05,Воскресенье,18:00,25,24,1,24,0,1,1
15230,hosp_covid_dis_covid_hours_for,97346,2022-06-05,Воскресенье,19:00,27,26,1,25,0,2,2
15231,hosp_covid_dis_covid_hours_for,97348,2022-06-05,Воскресенье,20:00,27,26,1,25,0,2,2
15232,hosp_covid_dis_covid_hours_for,97350,2022-06-05,Воскресенье,21:00,30,29,1,26,0,4,4
15233,hosp_covid_dis_covid_hours_for,97352,2022-06-05,Воскресенье,22:00,35,34,1,27,0,8,8
15234,hosp_covid_dis_covid_hours_for,97358,2022-06-05,Воскресенье,23:00,36,35,1,27,0,9,9
15235,hosp_covid_dis_covid_hours_for,97361,2022-06-06,Понедельник,01:00,2,2,0,0,0,2,2
15236,hosp_covid_dis_covid_hours_for,97362,2022-06-05,Воскресенье,сутки,43,42,1,27,0,16,16
15237,hosp_covid_dis_covid_hours_for,97364,2022-06-06,Понедельник,02:00,3,3,0,0,0,3,3
15238,hosp_covid_dis_covid_hours_for,97366,2022-06-06,Понедельник,03:00,5,5,0,0,0,5,5
15239,hosp_covid_dis_covid_hours_for,97368,2022-06-06,Понедельник,04:00,6,6,0,0,0,6,6
15240,hosp_covid_dis_covid_hours_for,97370,2022-06-06,Понедельник,05:00,7,7,0,0,0,7,7
15241,hosp_covid_dis_covid_hours_for,97372,2022-06-06,Понедельник,06:00,7,7,0,0,0,7,7
15242,hosp_covid_dis_covid_hours_for,97374,2022-06-06,Понедельник,07:00,7,7,0,0,0,7,7
15243,hosp_covid_dis_covid_hours_for,97376,2022-06-06,Понедельник,08:00,7,7,0,1,0,6,6
15244,hosp_covid_dis_covid_hours_for,97378,2022-06-06,Понедельник,09:00,7,7,0,1,0,6,6
15245,hosp_covid_dis_covid_hours_for,97380,2022-06-06,Понедельник,10:00,8,8,0,2,0,6,6
15246,hosp_covid_dis_covid_hours_for,97382,2022-06-06,Понедельник,11:00,9,9,0,6,0,3,3
15247,hosp_covid_dis_covid_hours_for,97384,2022-06-06,Понедельник,12:00,12,12,0,12,0,0,0
15248,hosp_covid_dis_covid_hours_for,97386,2022-06-06,Понедельник,13:00,15,15,0,17,0,-2,-2
15249,hosp_covid_dis_covid_hours_for,97388,2022-06-06,Понедельник,14:00,20,20,0,22,0,-2,-2
15250,hosp_covid_dis_covid_hours_for,97390,2022-06-06,Понедельник,15:00,24,24,0,37,0,-13,-13
15251,hosp_covid_dis_covid_hours_for,97392,2022-06-06,Понедельник,16:00,25,25,0,43,0,-18,-18
15252,hosp_covid_dis_covid_hours_for,97394,2022-06-06,Понедельник,17:00,31,31,0,49,0,-18,-18
15253,hosp_covid_dis_covid_hours_for,97396,2022-06-06,Понедельник,18:00,36,36,0,51,0,-15,-15
15254,hosp_covid_dis_covid_hours_for,97398,2022-06-06,Понедельник,19:00,41,41,0,51,0,-10,-10
15255,hosp_covid_dis_covid_hours_for,97400,2022-06-06,Понедельник,20:00,49,49,0,51,0,-2,-2
15256,hosp_covid_dis_covid_hours_for,97402,2022-06-06,Понедельник,21:00,51,51,0,51,0,0,0
15257,hosp_covid_dis_covid_hours_for,97404,2022-06-06,Понедельник,22:00,58,57,1,52,0,6,6
15258,hosp_covid_dis_covid_hours_for,97410,2022-06-06,Понедельник,23:00,62,61,1,53,0,9,9
15259,hosp_covid_dis_covid_hours_for,97413,2022-06-07,Вторник,01:00,2,2,0,0,0,2,2
15260,hosp_covid_dis_covid_hours_for,97414,2022-06-06,Понедельник,сутки,64,63,1,53,0,11,11
15261,hosp_covid_dis_covid_hours_for,97416,2022-06-07,Вторник,02:00,4,4,0,0,0,4,4
15262,hosp_covid_dis_covid_hours_for,97418,2022-06-07,Вторник,03:00,6,6,0,0,0,6,6
15263,hosp_covid_dis_covid_hours_for,97420,2022-06-07,Вторник,04:00,9,9,0,0,0,9,9
15264,hosp_covid_dis_covid_hours_for,97422,2022-06-07,Вторник,05:00,9,9,0,0,0,9,9
15265,hosp_covid_dis_covid_hours_for,97424,2022-06-07,Вторник,06:00,9,9,0,0,0,9,9
15266,hosp_covid_dis_covid_hours_for,97426,2022-06-07,Вторник,07:00,9,9,0,0,0,9,9
15267,hosp_covid_dis_covid_hours_for,97428,2022-06-07,Вторник,08:00,9,9,0,1,0,8,8
15268,hosp_covid_dis_covid_hours_for,97430,2022-06-07,Вторник,09:00,9,9,0,3,0,6,6
15269,hosp_covid_dis_covid_hours_for,97432,2022-06-07,Вторник,10:00,10,9,1,7,0,3,3
15270,hosp_covid_dis_covid_hours_for,97434,2022-06-07,Вторник,11:00,11,10,1,11,0,0,0
15271,hosp_covid_dis_covid_hours_for,97436,2022-06-07,Вторник,12:00,13,12,1,15,0,-2,-2
15272,hosp_covid_dis_covid_hours_for,97438,2022-06-07,Вторник,13:00,16,15,1,21,0,-5,-5
15273,hosp_covid_dis_covid_hours_for,97440,2022-06-07,Вторник,14:00,21,20,1,29,0,-8,-8
15274,hosp_covid_dis_covid_hours_for,97442,2022-06-07,Вторник,15:00,22,21,1,34,0,-12,-12
15275,hosp_covid_dis_covid_hours_for,97444,2022-06-07,Вторник,16:00,24,23,1,37,0,-13,-13
15276,hosp_covid_dis_covid_hours_for,97446,2022-06-07,Вторник,17:00,27,26,1,50,0,-23,-23
15277,hosp_covid_dis_covid_hours_for,97448,2022-06-07,Вторник,18:00,35,34,1,56,0,-21,-21
15278,hosp_covid_dis_covid_hours_for,97450,2022-06-07,Вторник,19:00,38,37,1,61,0,-23,-23
15279,hosp_covid_dis_covid_hours_for,97452,2022-06-07,Вторник,20:00,43,42,1,65,0,-22,-22
15280,hosp_covid_dis_covid_hours_for,97454,2022-06-07,Вторник,21:00,48,47,1,69,0,-21,-21
15281,hosp_covid_dis_covid_hours_for,97456,2022-06-07,Вторник,22:00,51,50,1,69,0,-18,-18
15282,hosp_covid_dis_covid_hours_for,97462,2022-06-07,Вторник,23:00,56,55,1,69,0,-13,-13
15283,hosp_covid_dis_covid_hours_for,97465,2022-06-08,Среда,01:00,1,1,0,0,0,1,1
15284,hosp_covid_dis_covid_hours_for,97466,2022-06-07,Вторник,сутки,58,57,1,69,0,-11,-11
15285,hosp_covid_dis_covid_hours_for,97468,2022-06-08,Среда,02:00,5,5,0,0,0,5,5
15286,hosp_covid_dis_covid_hours_for,97470,2022-06-08,Среда,03:00,9,9,0,0,0,9,9
15287,hosp_covid_dis_covid_hours_for,97472,2022-06-08,Среда,04:00,9,9,0,0,0,9,9
15288,hosp_covid_dis_covid_hours_for,97474,2022-06-08,Среда,05:00,11,11,0,0,0,11,11
15289,hosp_covid_dis_covid_hours_for,97476,2022-06-08,Среда,06:00,11,11,0,1,0,10,10
15290,hosp_covid_dis_covid_hours_for,97478,2022-06-08,Среда,07:00,11,11,0,1,0,10,10
15291,hosp_covid_dis_covid_hours_for,97480,2022-06-08,Среда,08:00,12,12,0,1,0,11,11
15292,hosp_covid_dis_covid_hours_for,97482,2022-06-08,Среда,09:00,12,12,0,5,0,7,7
15293,hosp_covid_dis_covid_hours_for,97484,2022-06-08,Среда,10:00,13,13,0,8,0,5,5
15294,hosp_covid_dis_covid_hours_for,97486,2022-06-08,Среда,11:00,14,14,0,9,0,5,5
15295,hosp_covid_dis_covid_hours_for,97488,2022-06-08,Среда,12:00,15,15,0,14,0,1,1
15296,hosp_covid_dis_covid_hours_for,97490,2022-06-08,Среда,13:00,18,18,0,19,0,-1,-1
15297,hosp_covid_dis_covid_hours_for,97492,2022-06-08,Среда,14:00,21,21,0,26,0,-5,-5
15298,hosp_covid_dis_covid_hours_for,97494,2022-06-08,Среда,15:00,28,28,0,33,0,-5,-5
15299,hosp_covid_dis_covid_hours_for,97496,2022-06-08,Среда,16:00,37,37,0,39,0,-2,-2
15300,hosp_covid_dis_covid_hours_for,97498,2022-06-08,Среда,17:00,39,39,0,39,0,0,0
15301,hosp_covid_dis_covid_hours_for,97500,2022-06-08,Среда,18:00,40,40,0,41,0,-1,-1
15302,hosp_covid_dis_covid_hours_for,97502,2022-06-08,Среда,19:00,47,46,1,45,0,2,2
15303,hosp_covid_dis_covid_hours_for,97504,2022-06-08,Среда,20:00,50,49,1,45,0,5,5
15304,hosp_covid_dis_covid_hours_for,97506,2022-06-08,Среда,21:00,57,55,2,45,0,12,12
15305,hosp_covid_dis_covid_hours_for,97508,2022-06-08,Среда,22:00,64,62,2,45,0,19,19
15306,hosp_covid_dis_covid_hours_for,97514,2022-06-08,Среда,23:00,67,65,2,45,0,22,22
15307,hosp_covid_dis_covid_hours_for,97517,2022-06-09,Четверг,01:00,1,0,1,0,0,1,1
15308,hosp_covid_dis_covid_hours_for,97518,2022-06-08,Среда,сутки,69,67,2,45,0,24,24
15309,hosp_covid_dis_covid_hours_for,97520,2022-06-09,Четверг,02:00,3,2,1,0,0,3,3
15310,hosp_covid_dis_covid_hours_for,97522,2022-06-09,Четверг,03:00,5,4,1,0,0,5,5
15311,hosp_covid_dis_covid_hours_for,97524,2022-06-09,Четверг,04:00,5,4,1,0,0,5,5
15312,hosp_covid_dis_covid_hours_for,97526,2022-06-09,Четверг,05:00,7,6,1,0,0,7,7
15313,hosp_covid_dis_covid_hours_for,97528,2022-06-09,Четверг,06:00,7,6,1,0,0,7,7
15314,hosp_covid_dis_covid_hours_for,97530,2022-06-09,Четверг,07:00,7,6,1,0,0,7,7
15315,hosp_covid_dis_covid_hours_for,97532,2022-06-09,Четверг,08:00,8,7,1,1,0,7,7
15316,hosp_covid_dis_covid_hours_for,97534,2022-06-09,Четверг,09:00,8,7,1,1,0,7,7
15317,hosp_covid_dis_covid_hours_for,97536,2022-06-09,Четверг,10:00,9,8,1,6,0,3,3
15318,hosp_covid_dis_covid_hours_for,97538,2022-06-09,Четверг,11:00,10,9,1,10,0,0,0
15319,hosp_covid_dis_covid_hours_for,97540,2022-06-09,Четверг,12:00,12,11,1,12,0,0,0
15320,hosp_covid_dis_covid_hours_for,97542,2022-06-09,Четверг,13:00,15,13,2,16,0,-1,-1
15321,hosp_covid_dis_covid_hours_for,97544,2022-06-09,Четверг,14:00,19,17,2,21,0,-2,-2
15322,hosp_covid_dis_covid_hours_for,97546,2022-06-09,Четверг,15:00,23,19,4,28,0,-5,-5
15323,hosp_covid_dis_covid_hours_for,97548,2022-06-09,Четверг,16:00,23,19,4,38,0,-15,-15
